K=2, W/V=1.2560421, B=1, time:0.060

1    2    
1 1.00000000 0.00000000 
2 0.00000000 1.00000000 
3 0.00000000 1.00000000 
4 0.00000000 1.00000000 
5 0.00000000 1.00000000 
6 0.30477067 0.69522933 
7 0.00000000 1.00000000 
8 0.00000000 1.00000000 
9 0.00000000 1.00000000 
10 0.00000000 1.00000000 
11 0.00000000 1.00000000 
12 0.00000000 1.00000000 
13 1.00000000 0.00000000 
14 0.00000000 1.00000000 
15 0.00000000 1.00000000 

ca [*] :=
1  2
;

zz_test [*] :=
 1  1
 2  1
 3  1
 4  1
 5  1
 6  1
 7  1
 8  1
 9  1
10  1
11  1
12  1
13  1
14  1
15  1
;

K_test [*] :=
1  0.5
2  0.5
;

