K=6, W/V=2.5138097, B=1, time:0.379

1    2    3    4    5    6    
1 0.41625152 0.16042331 0.00000000 0.00000000 0.00000000 0.42332517 
2 0.00000000 0.00000000 0.00000000 0.00000000 1.00000000 0.00000000 
3 0.00000000 0.00000000 0.00000000 1.00000000 0.00000000 0.00000000 
4 0.00000000 0.00000000 0.00000000 1.00000000 0.00000000 0.00000000 
5 0.00000000 0.00000000 0.00000000 0.00000000 1.00000000 0.00000000 
6 0.30477067 0.00000000 0.00000000 0.43169188 0.26353745 0.00000000 
7 0.00000000 0.00000000 0.00000000 0.00000000 1.00000000 0.00000000 
8 0.00000000 0.00000000 0.00000000 0.00000000 1.00000000 0.00000000 
9 0.00000000 0.00000000 0.81536453 0.00000000 0.18463547 0.00000000 
10 0.00000000 0.00000000 0.00000000 1.00000000 0.00000000 0.00000000 
11 0.00000000 0.00000000 0.00000000 0.00000000 1.00000000 0.00000000 
12 0.00000000 0.00000000 0.00000000 1.00000000 0.00000000 0.00000000 
13 0.00000000 1.00000000 0.00000000 0.00000000 0.00000000 0.00000000 
14 0.00000000 0.00000000 0.00000000 0.00000000 1.00000000 0.00000000 
15 0.00000000 0.00000000 0.00000000 0.00000000 1.00000000 0.00000000 

ca [*] :=
1  6
;

zz_test [*] :=
 1  1
 2  1
 3  1
 4  1
 5  1
 6  1
 7  1
 8  1
 9  1
10  1
11  1
12  1
13  1
14  1
15  1
;

K_test [*] :=
1  0.166666667
2  0.166666667
3  0.166666667
4  0.166666667
5  0.166666667
6  0.166666667
;

