0
0
0
0
0
0
0
0
0
0
0
0
0
0
0
0
0
0
0
0
0
0
0
0
0
0
0
0
0
0
0
0
0
0.4923895478248596
7.719495078921318
0
0.030608078837394713
2.1649398118257523
5.297738030552864
0.1656618148088455
0.027285996079444885
0.13160407543182373
0.7204458713531494
0.3990164458751678
0.3000816375017166
1.8030500292778016
2.795194137096405
0.8647610485553742
0.3582316845655441
0.28740115761756896
15.992521223425864
0.16938121616840363
0.2480277806520462
0.19562579989433287
0.16680823564529418
0.23699291944503784
1.3698892623186112
0.2883730411529541
10.330979970097541
0.4034845620393753
0.02294088900089264
0.357686448097229
0.22067270874977113
0.7783349245786667
22.72170635461807
0.3626321882009506
27.466503033041953
0.7416511446237564
0.5247371375560761
0
0.26077775061130526
26.62749571800232
0.5305834144353867
3.58595090508461
5.308012101054191
0.21843173801898957
0.3758185237646103
20.421152076125146
1.6138318479061127
0.8896528720855713
0.4556181371212006
0.30507891774177553
0.08486556410789489
0.036051413416862486
0.13007885813713074
0
5.729764810204506
0.9555976390838623
0.4052810937166214
0.14509602189064025
0.04037865102291107
0.05050004720687866
0.13306100964546203
0.12194125354290009
0.23956651389598846
0.12397293448448181
9.58209011554718
0.3408382922410965
0.6607618778944016