0
5.685323664546013
0.06642822623252868
0
2.4424956798553468
0
1.5436080634593963
0.8639549136161804
4.435112607479096
1.6158983767032624
0
0.20079752504825593
0.9374170511960983
0
0.4223938286304474
0.33788658380508424
0
1.022864615917206
0.5896528601646424
0.3491120159626007
0.27328101098537444
0
0
0.05608105063438416
7.367994311451912
0.9205990016460419
1.5576851099729538
3.2204935401678085
2.5564911365509033
0
0
0.3276322722434998
1.0152803093194962
0.47984189391136167
1.377656489610672
1.7366536736488343
0.028098934888839723
5.5308752566576
0
0.3410734087228775
2.818429580330849
0.5658967316150665
0.9666436016559601
3.6639732003211973
0.30053651332855225
0.9236568450927735
0
1.2025165051221847
0.22303734123706817
0.1812678635120392
5.513274636864662
0.5633880078792572
1.4396503031253816
1.2215298026800157
0.5653676986694336
3.468537747859955
0
1.9948878020048142
2.692804452776909
6.148660337924957
0.04593507647514343
0.5192346811294556
1.4069579005241395
1.272008118033409
2.4664457857608797
0.6433753073215485
0
0.6573712378740311
1.0138560682535172
1.4771460354328156
0.9519081026315689
0
0.5457582145929336
0
3.3480396628379823
1.5026829600334168
1.211530375480652
0
0.7508549451828003
1.1215428024530412
0
0.03308051824569702
0.3213657230138779
0.14855040609836578
0.41332204043865206
0.509273162484169
5.237227573990822
3.4032696902751924
0.8375793397426605
0.36066009998321535
0.13295594453811646
0.1903199315071106
0.02565174698829651
0.19443333745002747
0
0.4339494049549103
3.6080192774534225
0.5584582179784775
0.8327595233917237