1GB
1TB
3TB
10TB
30TB
100TB

call_center
305
6
42
48
54
60
60

catalog_page
139
11,718
30,000
36,000
40,000
46,000
50,000

catalog_returns
166
144,067
143,996,756
432,018,033
1,440,033,112
4,319,925,093
14,400,175,879

catalog_sales
226
1,441,548
1,439,980,416
4,320,078,880
14,399,964,710
43,200,404,822
143,999,334,399

customer
132
100,000
12,000,000
30,000,000
65,000,000
80,000,000
100,000,000

customer_address
110
50,000
6,000,000
15,000,000
32,500,000
40,000,000
50,000,000

customer_demographics
42
1,920,800
1,920,800
1,920,800
1,920,800
1,920,800
1,920,800

date_dim
141
73,049
73,049
73,049
73,049
73,049
73,049

household_demographics
21
7,200
7,200
7,200
7,200
7,200
7,200

income_band
16
20
20
20
20
20
20

inventory
16
11,745,000
783,000,000
1,033,560,000
1,311,525,000
1,627,857,000
1,965,337,830

item
281
18,000
300,000
360,000
402,000
462,000
502,000

promotion
124
300
1,500
1,800
2,000
2,300
2,500

reason
38
35
65
67
70
72
75

ship_mode
56
20
20
20
20
20
20

store
263
12
1,002
1,350
1,500
1,704
1,902

store_returns
134
287,514
287,999,764
863,989,652
2,879,970,104
8,639,952,111
28,800,018,820

store_sales
164
2,880,404
2,879,987,999
8,639,936,081
28,799,983,563
86,399,341,874
287,997,818,084

time_dim
59
86,400
86,400
86,400
86,400
86,400
86,400

warehouse
117
5
20
22
25
27
30

web_page
96
60
3,000
3,600
4,002
4,602
5,004

web_returns
162
71,763
71,997,522
216,003,761
720,020,485
2,160,007,345
7,199,904,459 

web_sales
226
719,384
720,000,376
2,159,968,881
7,199,963,324
21,600,036,511
71,999,670,164 

web_site
292
30
54
66
78
84
96