K=5, W/V=1.5536392, B=2, time:1.000

1    2    3    4    5    
34 1.00000000 0.00000000 0.00000000 0.00000000 0.00000000 
35 1.00000000 0.00000000 0.00000000 0.00000000 0.00000000 
37 0.00000000 0.00000000 1.00000000 0.00000000 0.00000000 
38 0.00000000 1.00000000 0.00000000 0.00000000 0.00000000 
39 0.00000000 0.00000000 1.00000000 0.00000000 0.00000000 
40 1.00000000 0.00000000 0.00000000 0.00000000 0.00000000 
41 0.00000000 0.00000000 0.00000000 0.50000000 0.50000000 
42 1.00000000 0.00000000 0.00000000 0.00000000 0.00000000 
43 0.00000000 0.00000000 0.00000000 0.50000000 0.50000000 
44 1.00000000 0.00000000 0.00000000 0.00000000 0.00000000 
45 1.00000000 0.00000000 0.00000000 0.00000000 0.00000000 
46 1.00000000 0.00000000 0.00000000 0.00000000 0.00000000 
47 0.00000000 0.00000000 0.00000000 0.44444444 0.55555556 
48 1.00000000 0.00000000 0.00000000 0.00000000 0.00000000 
49 1.00000000 0.00000000 0.00000000 0.00000000 0.00000000 
50 1.00000000 0.00000000 0.00000000 0.00000000 0.00000000 
51 0.00000000 0.00000000 0.00000000 0.50000000 0.50000000 
52 1.00000000 0.00000000 0.00000000 0.00000000 0.00000000 
53 0.00000000 0.00000000 0.00000000 0.44444444 0.55555556 
54 1.00000000 0.00000000 0.00000000 0.00000000 0.00000000 
55 1.00000000 0.00000000 0.00000000 0.00000000 0.00000000 
56 1.00000000 0.00000000 0.00000000 0.00000000 0.00000000 
57 1.00000000 0.00000000 0.00000000 0.00000000 0.00000000 
58 1.00000000 0.00000000 0.00000000 0.00000000 0.00000000 
59 0.00000000 0.00000000 0.00000000 0.20000000 0.80000000 
60 1.00000000 0.00000000 0.00000000 0.00000000 0.00000000 
61 1.00000000 0.00000000 0.00000000 0.00000000 0.00000000 
62 0.00000000 0.00000000 0.00000000 0.66666667 0.33333333 
63 0.00000000 0.00000000 0.00000000 0.71428571 0.28571429 
64 1.00000000 0.00000000 0.00000000 0.00000000 0.00000000 
65 0.00000000 0.00000000 0.00000000 0.59843984 0.40156016 
66 1.00000000 0.00000000 0.00000000 0.00000000 0.00000000 
67 0.08580279 0.00000000 0.17639289 0.40243872 0.33536560 
68 1.00000000 0.00000000 0.00000000 0.00000000 0.00000000 
69 1.00000000 0.00000000 0.00000000 0.00000000 0.00000000 
71 1.00000000 0.00000000 0.00000000 0.00000000 0.00000000 
72 0.00000000 0.00000000 1.00000000 0.00000000 0.00000000 
73 1.00000000 0.00000000 0.00000000 0.00000000 0.00000000 
74 1.00000000 0.00000000 0.00000000 0.00000000 0.00000000 
75 1.00000000 0.00000000 0.00000000 0.00000000 0.00000000 
76 1.00000000 0.00000000 0.00000000 0.00000000 0.00000000 
77 1.00000000 0.00000000 0.00000000 0.00000000 0.00000000 
78 0.00000000 1.00000000 0.00000000 0.00000000 0.00000000 
79 1.00000000 0.00000000 0.00000000 0.00000000 0.00000000 
80 1.00000000 0.00000000 0.00000000 0.00000000 0.00000000 
81 1.00000000 0.00000000 0.00000000 0.00000000 0.00000000 
82 0.00000000 0.00000000 1.00000000 0.00000000 0.00000000 
83 1.00000000 0.00000000 0.00000000 0.00000000 0.00000000 
84 0.00000000 0.00000000 0.00000000 0.50000000 0.50000000 
85 1.00000000 0.00000000 0.00000000 0.00000000 0.00000000 
87 0.00000000 1.00000000 0.00000000 0.00000000 0.00000000 
88 1.00000000 0.00000000 0.00000000 0.00000000 0.00000000 
89 0.00000000 0.00000000 0.00000000 0.50000000 0.50000000 
90 1.00000000 0.00000000 0.00000000 0.00000000 0.00000000 
91 0.00000000 0.00000000 0.00000000 0.50000000 0.50000000 
92 0.00000000 0.00000000 0.00000000 0.57142857 0.42857143 
93 1.00000000 0.00000000 0.00000000 0.00000000 0.00000000 
94 1.00000000 0.00000000 0.00000000 0.00000000 0.00000000 
95 1.00000000 0.00000000 0.00000000 0.00000000 0.00000000 
96 1.00000000 0.00000000 0.00000000 0.00000000 0.00000000 
97 0.08266779 0.91733221 0.00000000 0.00000000 0.00000000 
98 1.00000000 0.00000000 0.00000000 0.00000000 0.00000000 
99 1.00000000 0.00000000 0.00000000 0.00000000 0.00000000 

ca [*] :=
1  3
2  2
;

zz_test [*] :=
34 1   41 1   47 1   53 1   59 1   65 1   72 1   78 1   84 1   91 1   97 1
35 1   42 1   48 1   54 1   60 1   66 1   73 1   79 1   85 1   92 1   98 1
37 1   43 1   49 1   55 1   61 1   67 1   74 1   80 1   87 1   93 1   99 1
38 1   44 1   50 1   56 1   62 1   68 1   75 1   81 1   88 1   94 1
39 1   45 1   51 1   57 1   63 1   69 1   76 1   82 1   89 1   95 1
40 1   46 1   52 1   58 1   64 1   71 1   77 1   83 1   90 1   96 1
;

K_test [*] :=
1  0.2
2  0.2
3  0.2
4  0.2
5  0.2
;

