K=11, W/V=4.8365438, K=11, time:0.812

ca [*] :=
1  11
;

fragment allocation x on node k:

1    2    3    4    5    6    7    8    9    10    11    
0 1 1 1 0 1 1 0 0 0 0 0 
1 0 1 1 0 1 0 0 0 0 0 0 
2 0 1 1 0 0 1 0 0 0 0 0 
3 1 0 1 0 0 1 0 0 0 0 0 
4 1 1 1 0 0 1 0 0 0 0 0 
5 1 1 1 0 0 1 0 0 0 0 0 
6 1 0 1 0 0 0 0 0 0 0 0 
7 0 0 0 0 0 0 0 0 0 0 0 
8 0 0 0 0 0 0 0 0 0 0 0 
9 0 1 1 0 0 1 0 0 0 0 0 
10 0 1 1 0 0 1 0 0 0 0 0 
11 0 0 0 0 0 0 0 0 0 0 0 
12 0 1 1 1 1 1 0 0 1 0 1 
13 0 1 1 1 1 1 0 0 1 0 1 
14 0 1 1 0 0 1 0 0 0 0 0 
15 0 0 0 0 0 0 0 0 0 0 0 
16 1 1 1 1 1 1 0 0 0 0 0 
17 1 1 1 1 0 1 0 0 0 0 0 
18 1 1 1 0 0 1 0 0 0 0 0 
19 0 1 1 1 1 1 0 0 0 0 0 
20 1 1 1 0 0 1 0 0 0 0 0 
21 0 1 1 0 0 1 0 0 0 0 0 
22 0 1 1 0 0 1 0 0 0 0 0 
23 0 1 1 1 0 1 1 0 1 1 1 
24 0 0 0 1 0 1 0 0 1 1 1 
25 0 0 0 0 0 0 0 0 1 0 1 
26 0 1 1 0 0 0 0 0 1 0 1 
27 0 0 0 0 0 0 0 0 1 1 1 
28 0 0 0 0 0 0 0 0 1 1 1 
29 0 0 0 0 0 0 0 0 1 0 1 
30 0 0 0 0 0 0 0 0 1 0 1 
31 0 1 1 0 1 1 0 0 0 0 0 
32 0 1 1 0 1 1 0 0 0 0 0 
33 0 1 0 0 0 1 0 0 0 0 0 
34 0 1 1 0 1 1 0 0 0 0 0 
35 0 0 0 0 0 0 0 0 0 0 0 
36 0 1 1 1 1 1 1 0 1 1 1 
37 0 1 1 1 0 1 1 0 1 1 1 
38 0 1 1 1 0 0 0 0 0 0 0 
39 0 0 0 1 0 1 0 0 1 1 0 
40 0 1 1 1 1 1 0 0 1 1 1 
41 0 0 1 1 0 0 0 0 0 0 0 
42 0 0 0 0 0 0 0 0 0 0 0 
43 0 0 0 0 0 0 0 0 1 0 1 
44 0 0 0 0 0 0 1 0 0 0 1 
45 0 1 1 1 1 1 0 0 1 1 1 
46 1 1 1 0 1 0 0 0 0 0 0 
47 1 1 1 1 1 0 0 0 0 0 0 
48 0 0 0 0 0 0 0 0 0 0 0 
49 1 1 1 1 1 1 1 1 1 1 0 
50 1 1 1 0 1 0 1 1 1 0 1 
51 1 1 1 0 1 0 1 1 1 0 1 
52 0 0 0 0 0 0 1 1 1 0 0 
53 0 0 0 0 0 0 1 1 1 0 1 
54 0 0 0 0 0 0 1 1 1 0 0 
55 1 1 1 1 0 0 1 1 1 0 1 
56 0 1 1 1 0 0 0 0 0 0 0 
57 0 1 1 1 0 0 0 0 0 0 0 
58 1 0 1 0 0 0 0 0 0 0 0 
59 1 0 1 1 0 0 0 0 0 0 0 

query feasibility y on node k:

1    2    3    4    5    6    7    8    9    10    11    
1 0 0 0 0 0 0 1 1 1 0 0 
2 0 1 1 0 0 1 0 0 0 0 0 
3 0 0 0 0 0 0 0 0 1 0 1 
4 0 0 1 1 0 0 0 0 0 0 0 
5 0 1 1 0 0 0 0 0 0 0 0 
6 1 1 1 0 0 0 1 1 1 0 0 
7 0 1 1 0 0 0 0 0 0 0 0 
8 0 1 1 0 0 0 0 0 0 0 0 
9 0 1 1 0 1 0 0 0 0 0 0 
10 0 0 0 0 0 0 0 0 1 0 1 
11 0 1 0 0 0 1 0 0 0 0 0 
12 0 0 1 1 0 0 0 0 0 0 0 
13 0 0 0 0 0 0 1 0 0 0 1 
14 1 1 1 0 0 0 0 0 0 0 0 
15 1 1 1 0 0 0 0 0 0 0 0 
16 0 0 1 0 0 1 0 0 0 0 0 
18 0 0 0 1 0 1 0 0 1 1 0 
19 1 0 1 0 0 0 0 0 0 0 0 
21 0 1 1 1 0 0 0 0 0 0 0 
22 0 0 0 0 0 0 0 0 1 1 1 

workload distribution ohne node failure:

1    2    3    4    5    6    7    8    9    10    11    
1 0.00000000 0.00000000 0.00000000 0.00000000 0.00000000 0.00000000 0.31464782 0.64391908 0.04143310 0.00000000 0.00000000 
2 0.00000000 0.17818182 0.32484848 0.00000000 0.00000000 0.49696970 0.00000000 0.00000000 0.00000000 0.00000000 0.00000000 
3 0.00000000 0.00000000 0.00000000 0.00000000 0.00000000 0.00000000 0.00000000 0.00000000 1.00000000 0.00000000 0.00000000 
4 0.00000000 0.00000000 1.00000000 0.00000000 0.00000000 0.00000000 0.00000000 0.00000000 0.00000000 0.00000000 0.00000000 
5 0.00000000 1.00000000 0.00000000 0.00000000 0.00000000 0.00000000 0.00000000 0.00000000 0.00000000 0.00000000 0.00000000 
6 0.00000000 0.00000000 0.00000000 0.00000000 0.00000000 0.00000000 1.00000000 0.00000000 0.00000000 0.00000000 0.00000000 
7 0.00000000 1.00000000 0.00000000 0.00000000 0.00000000 0.00000000 0.00000000 0.00000000 0.00000000 0.00000000 0.00000000 
8 0.00000000 1.00000000 0.00000000 0.00000000 0.00000000 0.00000000 0.00000000 0.00000000 0.00000000 0.00000000 0.00000000 
9 0.00000000 0.25640304 0.00000000 0.00000000 0.74359696 0.00000000 0.00000000 0.00000000 0.00000000 0.00000000 0.00000000 
10 0.00000000 0.00000000 0.00000000 0.00000000 0.00000000 0.00000000 0.00000000 0.00000000 0.00000000 0.00000000 1.00000000 
11 0.00000000 0.00000000 0.00000000 0.00000000 0.00000000 1.00000000 0.00000000 0.00000000 0.00000000 0.00000000 0.00000000 
12 0.00000000 0.00000000 0.00000000 1.00000000 0.00000000 0.00000000 0.00000000 0.00000000 0.00000000 0.00000000 0.00000000 
13 0.00000000 0.00000000 0.00000000 0.00000000 0.00000000 0.00000000 0.31818182 0.00000000 0.00000000 0.00000000 0.68181818 
14 1.00000000 0.00000000 0.00000000 0.00000000 0.00000000 0.00000000 0.00000000 0.00000000 0.00000000 0.00000000 0.00000000 
15 1.00000000 0.00000000 0.00000000 0.00000000 0.00000000 0.00000000 0.00000000 0.00000000 0.00000000 0.00000000 0.00000000 
16 0.00000000 0.00000000 1.00000000 0.00000000 0.00000000 0.00000000 0.00000000 0.00000000 0.00000000 0.00000000 0.00000000 
18 0.00000000 0.00000000 0.00000000 0.01075066 0.00000000 0.36703131 0.00000000 0.00000000 0.12391550 0.49830253 0.00000000 
19 0.34646465 0.00000000 0.65353535 0.00000000 0.00000000 0.00000000 0.00000000 0.00000000 0.00000000 0.00000000 0.00000000 
21 0.00000000 0.00000000 0.00000000 1.00000000 0.00000000 0.00000000 0.00000000 0.00000000 0.00000000 0.00000000 0.00000000 
22 0.00000000 0.00000000 0.00000000 0.00000000 0.00000000 0.00000000 0.00000000 0.00000000 1.00000000 0.00000000 0.00000000 

workload distribution if node 1 fails:

2    3    4    5    6    7    8    9    10    11    
1 0.00000000 0.00000000 0.00000000 0.00000000 0.00000000 0.23163539 0.70831099 0.06005362 0.00000000 0.00000000 
2 0.00000000 0.00000000 0.00000000 0.00000000 1.00000000 0.00000000 0.00000000 0.00000000 0.00000000 0.00000000 
3 0.00000000 0.00000000 0.00000000 0.00000000 0.00000000 0.00000000 0.00000000 1.00000000 0.00000000 0.00000000 
4 0.00000000 0.00000000 1.00000000 0.00000000 0.00000000 0.00000000 0.00000000 0.00000000 0.00000000 0.00000000 
5 1.00000000 0.00000000 0.00000000 0.00000000 0.00000000 0.00000000 0.00000000 0.00000000 0.00000000 0.00000000 
6 0.00000000 0.00000000 0.00000000 0.00000000 0.00000000 1.00000000 0.00000000 0.00000000 0.00000000 0.00000000 
7 0.00000000 1.00000000 0.00000000 0.00000000 0.00000000 0.00000000 0.00000000 0.00000000 0.00000000 0.00000000 
8 1.00000000 0.00000000 0.00000000 0.00000000 0.00000000 0.00000000 0.00000000 0.00000000 0.00000000 0.00000000 
9 0.18204334 0.00000000 0.00000000 0.81795666 0.00000000 0.00000000 0.00000000 0.00000000 0.00000000 0.00000000 
10 0.00000000 0.00000000 0.00000000 0.00000000 0.00000000 0.00000000 0.00000000 0.00000000 0.00000000 1.00000000 
11 0.00000000 0.00000000 0.00000000 0.00000000 1.00000000 0.00000000 0.00000000 0.00000000 0.00000000 0.00000000 
12 0.00000000 0.28297872 0.71702128 0.00000000 0.00000000 0.00000000 0.00000000 0.00000000 0.00000000 0.00000000 
13 0.00000000 0.00000000 0.00000000 0.00000000 0.00000000 0.61063830 0.00000000 0.00000000 0.00000000 0.38936170 
14 1.00000000 0.00000000 0.00000000 0.00000000 0.00000000 0.00000000 0.00000000 0.00000000 0.00000000 0.00000000 
15 0.50289855 0.49710145 0.00000000 0.00000000 0.00000000 0.00000000 0.00000000 0.00000000 0.00000000 0.00000000 
16 0.00000000 0.00000000 0.00000000 0.00000000 1.00000000 0.00000000 0.00000000 0.00000000 0.00000000 0.00000000 
18 0.00000000 0.00000000 0.02240664 0.00000000 0.10622407 0.00000000 0.00000000 0.32323651 0.54813278 0.00000000 
19 0.00000000 1.00000000 0.00000000 0.00000000 0.00000000 0.00000000 0.00000000 0.00000000 0.00000000 0.00000000 
21 0.00000000 0.00000000 1.00000000 0.00000000 0.00000000 0.00000000 0.00000000 0.00000000 0.00000000 0.00000000 
22 0.00000000 0.00000000 0.00000000 0.00000000 0.00000000 0.00000000 0.00000000 0.00000000 0.00000000 1.00000000 

workload distribution if node 2 fails:

1    3    4    5    6    7    8    9    10    11    
1 0.00000000 0.00000000 0.00000000 0.00000000 0.00000000 0.46058981 0.53941019 0.00000000 0.00000000 0.00000000 
2 0.00000000 0.14400000 0.00000000 0.00000000 0.85600000 0.00000000 0.00000000 0.00000000 0.00000000 0.00000000 
3 0.00000000 0.00000000 0.00000000 0.00000000 0.00000000 0.00000000 0.00000000 1.00000000 0.00000000 0.00000000 
4 0.00000000 0.00000000 1.00000000 0.00000000 0.00000000 0.00000000 0.00000000 0.00000000 0.00000000 0.00000000 
5 0.00000000 1.00000000 0.00000000 0.00000000 0.00000000 0.00000000 0.00000000 0.00000000 0.00000000 0.00000000 
6 0.00000000 0.00000000 0.00000000 0.00000000 0.00000000 0.00000000 1.00000000 0.00000000 0.00000000 0.00000000 
7 0.00000000 1.00000000 0.00000000 0.00000000 0.00000000 0.00000000 0.00000000 0.00000000 0.00000000 0.00000000 
8 0.00000000 1.00000000 0.00000000 0.00000000 0.00000000 0.00000000 0.00000000 0.00000000 0.00000000 0.00000000 
9 0.00000000 0.18204334 0.00000000 0.81795666 0.00000000 0.00000000 0.00000000 0.00000000 0.00000000 0.00000000 
10 0.00000000 0.00000000 0.00000000 0.00000000 0.00000000 0.00000000 0.00000000 0.00000000 0.00000000 1.00000000 
11 0.00000000 0.00000000 0.00000000 0.00000000 1.00000000 0.00000000 0.00000000 0.00000000 0.00000000 0.00000000 
12 0.00000000 0.16808511 0.83191489 0.00000000 0.00000000 0.00000000 0.00000000 0.00000000 0.00000000 0.00000000 
13 0.00000000 0.00000000 0.00000000 0.00000000 0.00000000 0.49148936 0.00000000 0.00000000 0.00000000 0.50851064 
14 1.00000000 0.00000000 0.00000000 0.00000000 0.00000000 0.00000000 0.00000000 0.00000000 0.00000000 0.00000000 
15 1.00000000 0.00000000 0.00000000 0.00000000 0.00000000 0.00000000 0.00000000 0.00000000 0.00000000 0.00000000 
16 0.00000000 0.00000000 0.00000000 0.00000000 1.00000000 0.00000000 0.00000000 0.00000000 0.00000000 0.00000000 
18 0.00000000 0.00000000 0.00000000 0.00000000 0.12863071 0.00000000 0.00000000 0.32323651 0.54813278 0.00000000 
19 0.61333333 0.38666667 0.00000000 0.00000000 0.00000000 0.00000000 0.00000000 0.00000000 0.00000000 0.00000000 
21 0.00000000 0.00000000 1.00000000 0.00000000 0.00000000 0.00000000 0.00000000 0.00000000 0.00000000 0.00000000 
22 0.00000000 0.00000000 0.00000000 0.00000000 0.00000000 0.00000000 0.00000000 0.28354430 0.00000000 0.71645570 

workload distribution if node 3 fails:

1    2    4    5    6    7    8    9    10    11    
1 0.00000000 0.00000000 0.00000000 0.00000000 0.00000000 0.29168901 0.70831099 0.00000000 0.00000000 0.00000000 
2 0.00000000 0.14400000 0.00000000 0.00000000 0.85600000 0.00000000 0.00000000 0.00000000 0.00000000 0.00000000 
3 0.00000000 0.00000000 0.00000000 0.00000000 0.00000000 0.00000000 0.00000000 1.00000000 0.00000000 0.00000000 
4 0.00000000 0.00000000 1.00000000 0.00000000 0.00000000 0.00000000 0.00000000 0.00000000 0.00000000 0.00000000 
5 0.00000000 1.00000000 0.00000000 0.00000000 0.00000000 0.00000000 0.00000000 0.00000000 0.00000000 0.00000000 
6 0.00000000 0.00000000 0.00000000 0.00000000 0.00000000 1.00000000 0.00000000 0.00000000 0.00000000 0.00000000 
7 0.00000000 1.00000000 0.00000000 0.00000000 0.00000000 0.00000000 0.00000000 0.00000000 0.00000000 0.00000000 
8 0.00000000 1.00000000 0.00000000 0.00000000 0.00000000 0.00000000 0.00000000 0.00000000 0.00000000 0.00000000 
9 0.00000000 0.18204334 0.00000000 0.81795666 0.00000000 0.00000000 0.00000000 0.00000000 0.00000000 0.00000000 
10 0.00000000 0.00000000 0.00000000 0.00000000 0.00000000 0.00000000 0.00000000 0.00000000 0.00000000 1.00000000 
11 0.00000000 0.00000000 0.00000000 0.00000000 1.00000000 0.00000000 0.00000000 0.00000000 0.00000000 0.00000000 
12 0.00000000 0.00000000 1.00000000 0.00000000 0.00000000 0.00000000 0.00000000 0.00000000 0.00000000 0.00000000 
13 0.00000000 0.00000000 0.00000000 0.00000000 0.00000000 0.49148936 0.00000000 0.00000000 0.00000000 0.50851064 
14 1.00000000 0.00000000 0.00000000 0.00000000 0.00000000 0.00000000 0.00000000 0.00000000 0.00000000 0.00000000 
15 0.74782609 0.25217391 0.00000000 0.00000000 0.00000000 0.00000000 0.00000000 0.00000000 0.00000000 0.00000000 
16 0.00000000 0.00000000 0.00000000 0.00000000 1.00000000 0.00000000 0.00000000 0.00000000 0.00000000 0.00000000 
18 0.00000000 0.00000000 0.00000000 0.00000000 0.12863071 0.00000000 0.00000000 0.32323651 0.54813278 0.00000000 
19 1.00000000 0.00000000 0.00000000 0.00000000 0.00000000 0.00000000 0.00000000 0.00000000 0.00000000 0.00000000 
21 0.00000000 0.11205674 0.88794326 0.00000000 0.00000000 0.00000000 0.00000000 0.00000000 0.00000000 0.00000000 
22 0.00000000 0.00000000 0.00000000 0.00000000 0.00000000 0.00000000 0.00000000 0.28354430 0.00000000 0.71645570 

workload distribution if node 4 fails:

1    2    3    5    6    7    8    9    10    11    
1 0.00000000 0.00000000 0.00000000 0.00000000 0.00000000 0.29168901 0.70831099 0.00000000 0.00000000 0.00000000 
2 0.00000000 0.14400000 0.00000000 0.00000000 0.85600000 0.00000000 0.00000000 0.00000000 0.00000000 0.00000000 
3 0.00000000 0.00000000 0.00000000 0.00000000 0.00000000 0.00000000 0.00000000 0.34186047 0.00000000 0.65813953 
4 0.00000000 0.00000000 1.00000000 0.00000000 0.00000000 0.00000000 0.00000000 0.00000000 0.00000000 0.00000000 
5 0.00000000 1.00000000 0.00000000 0.00000000 0.00000000 0.00000000 0.00000000 0.00000000 0.00000000 0.00000000 
6 0.00000000 0.00000000 0.00000000 0.00000000 0.00000000 1.00000000 0.00000000 0.00000000 0.00000000 0.00000000 
7 0.00000000 1.00000000 0.00000000 0.00000000 0.00000000 0.00000000 0.00000000 0.00000000 0.00000000 0.00000000 
8 0.00000000 0.00000000 1.00000000 0.00000000 0.00000000 0.00000000 0.00000000 0.00000000 0.00000000 0.00000000 
9 0.00000000 0.18204334 0.00000000 0.81795666 0.00000000 0.00000000 0.00000000 0.00000000 0.00000000 0.00000000 
10 0.00000000 0.00000000 0.00000000 0.00000000 0.00000000 0.00000000 0.00000000 0.00000000 0.00000000 1.00000000 
11 0.00000000 0.00000000 0.00000000 0.00000000 1.00000000 0.00000000 0.00000000 0.00000000 0.00000000 0.00000000 
12 0.00000000 0.00000000 1.00000000 0.00000000 0.00000000 0.00000000 0.00000000 0.00000000 0.00000000 0.00000000 
13 0.00000000 0.00000000 0.00000000 0.00000000 0.00000000 0.49148936 0.00000000 0.00000000 0.00000000 0.50851064 
14 1.00000000 0.00000000 0.00000000 0.00000000 0.00000000 0.00000000 0.00000000 0.00000000 0.00000000 0.00000000 
15 1.00000000 0.00000000 0.00000000 0.00000000 0.00000000 0.00000000 0.00000000 0.00000000 0.00000000 0.00000000 
16 0.00000000 0.00000000 0.00000000 0.00000000 1.00000000 0.00000000 0.00000000 0.00000000 0.00000000 0.00000000 
18 0.00000000 0.00000000 0.00000000 0.00000000 0.12863071 0.00000000 0.00000000 0.32323651 0.54813278 0.00000000 
19 0.61333333 0.00000000 0.38666667 0.00000000 0.00000000 0.00000000 0.00000000 0.00000000 0.00000000 0.00000000 
21 0.00000000 0.45106383 0.54893617 0.00000000 0.00000000 0.00000000 0.00000000 0.00000000 0.00000000 0.00000000 
22 0.00000000 0.00000000 0.00000000 0.00000000 0.00000000 0.00000000 0.00000000 1.00000000 0.00000000 0.00000000 

workload distribution if node 5 fails:

1    2    3    4    6    7    8    9    10    11    
1 0.00000000 0.00000000 0.00000000 0.00000000 0.00000000 0.46058981 0.53941019 0.00000000 0.00000000 0.00000000 
2 0.00000000 0.14400000 0.00000000 0.00000000 0.85600000 0.00000000 0.00000000 0.00000000 0.00000000 0.00000000 
3 0.00000000 0.00000000 0.00000000 0.00000000 0.00000000 0.00000000 0.00000000 1.00000000 0.00000000 0.00000000 
4 0.00000000 0.00000000 0.35111111 0.64888889 0.00000000 0.00000000 0.00000000 0.00000000 0.00000000 0.00000000 
5 0.00000000 1.00000000 0.00000000 0.00000000 0.00000000 0.00000000 0.00000000 0.00000000 0.00000000 0.00000000 
6 0.00000000 0.00000000 0.00000000 0.00000000 0.00000000 0.00000000 1.00000000 0.00000000 0.00000000 0.00000000 
7 0.00000000 0.00000000 1.00000000 0.00000000 0.00000000 0.00000000 0.00000000 0.00000000 0.00000000 0.00000000 
8 0.00000000 1.00000000 0.00000000 0.00000000 0.00000000 0.00000000 0.00000000 0.00000000 0.00000000 0.00000000 
9 0.00000000 0.58328173 0.41671827 0.00000000 0.00000000 0.00000000 0.00000000 0.00000000 0.00000000 0.00000000 
10 0.00000000 0.00000000 0.00000000 0.00000000 0.00000000 0.00000000 0.00000000 0.00000000 0.00000000 1.00000000 
11 0.00000000 0.00000000 0.00000000 0.00000000 1.00000000 0.00000000 0.00000000 0.00000000 0.00000000 0.00000000 
12 0.00000000 0.00000000 0.00000000 1.00000000 0.00000000 0.00000000 0.00000000 0.00000000 0.00000000 0.00000000 
13 0.00000000 0.00000000 0.00000000 0.00000000 0.00000000 0.49148936 0.00000000 0.00000000 0.00000000 0.50851064 
14 1.00000000 0.00000000 0.00000000 0.00000000 0.00000000 0.00000000 0.00000000 0.00000000 0.00000000 0.00000000 
15 1.00000000 0.00000000 0.00000000 0.00000000 0.00000000 0.00000000 0.00000000 0.00000000 0.00000000 0.00000000 
16 0.00000000 0.00000000 0.00000000 0.00000000 1.00000000 0.00000000 0.00000000 0.00000000 0.00000000 0.00000000 
18 0.00000000 0.00000000 0.00000000 0.00000000 0.12863071 0.00000000 0.00000000 0.32323651 0.54813278 0.00000000 
19 0.61333333 0.00000000 0.38666667 0.00000000 0.00000000 0.00000000 0.00000000 0.00000000 0.00000000 0.00000000 
21 0.00000000 0.00000000 0.00000000 1.00000000 0.00000000 0.00000000 0.00000000 0.00000000 0.00000000 0.00000000 
22 0.00000000 0.00000000 0.00000000 0.00000000 0.00000000 0.00000000 0.00000000 0.28354430 0.00000000 0.71645570 

workload distribution if node 6 fails:

1    2    3    4    5    7    8    9    10    11    
1 0.00000000 0.00000000 0.00000000 0.00000000 0.00000000 0.38176944 0.61823056 0.00000000 0.00000000 0.00000000 
2 0.00000000 1.00000000 0.00000000 0.00000000 0.00000000 0.00000000 0.00000000 0.00000000 0.00000000 0.00000000 
3 0.00000000 0.00000000 0.00000000 0.00000000 0.00000000 0.00000000 0.00000000 0.00000000 0.00000000 1.00000000 
4 0.00000000 0.00000000 1.00000000 0.00000000 0.00000000 0.00000000 0.00000000 0.00000000 0.00000000 0.00000000 
5 0.00000000 1.00000000 0.00000000 0.00000000 0.00000000 0.00000000 0.00000000 0.00000000 0.00000000 0.00000000 
6 0.46666667 0.00000000 0.00000000 0.00000000 0.00000000 0.00000000 0.53333333 0.00000000 0.00000000 0.00000000 
7 0.00000000 1.00000000 0.00000000 0.00000000 0.00000000 0.00000000 0.00000000 0.00000000 0.00000000 0.00000000 
8 0.00000000 1.00000000 0.00000000 0.00000000 0.00000000 0.00000000 0.00000000 0.00000000 0.00000000 0.00000000 
9 0.00000000 0.00000000 0.18204334 0.00000000 0.81795666 0.00000000 0.00000000 0.00000000 0.00000000 0.00000000 
10 0.00000000 0.00000000 0.00000000 0.00000000 0.00000000 0.00000000 0.00000000 0.00000000 0.00000000 1.00000000 
11 0.00000000 1.00000000 0.00000000 0.00000000 0.00000000 0.00000000 0.00000000 0.00000000 0.00000000 0.00000000 
12 0.00000000 0.00000000 0.03617021 0.96382979 0.00000000 0.00000000 0.00000000 0.00000000 0.00000000 0.00000000 
13 0.00000000 0.00000000 0.00000000 0.00000000 0.00000000 0.64787234 0.00000000 0.00000000 0.00000000 0.35212766 
14 1.00000000 0.00000000 0.00000000 0.00000000 0.00000000 0.00000000 0.00000000 0.00000000 0.00000000 0.00000000 
15 0.86086957 0.13913043 0.00000000 0.00000000 0.00000000 0.00000000 0.00000000 0.00000000 0.00000000 0.00000000 
16 0.00000000 0.00000000 1.00000000 0.00000000 0.00000000 0.00000000 0.00000000 0.00000000 0.00000000 0.00000000 
18 0.00000000 0.00000000 0.00000000 0.06763485 0.00000000 0.00000000 0.00000000 0.38423237 0.54813278 0.00000000 
19 0.50000000 0.00000000 0.50000000 0.00000000 0.00000000 0.00000000 0.00000000 0.00000000 0.00000000 0.00000000 
21 0.00000000 0.00000000 0.00000000 1.00000000 0.00000000 0.00000000 0.00000000 0.00000000 0.00000000 0.00000000 
22 0.00000000 0.00000000 0.00000000 0.00000000 0.00000000 0.00000000 0.00000000 1.00000000 0.00000000 0.00000000 

workload distribution if node 7 fails:

1    2    3    4    5    6    8    9    10    11    
1 0.00000000 0.00000000 0.00000000 0.00000000 0.00000000 0.00000000 0.70831099 0.29168901 0.00000000 0.00000000 
2 0.00000000 1.00000000 0.00000000 0.00000000 0.00000000 0.00000000 0.00000000 0.00000000 0.00000000 0.00000000 
3 0.00000000 0.00000000 0.00000000 0.00000000 0.00000000 0.00000000 0.00000000 1.00000000 0.00000000 0.00000000 
4 0.00000000 0.00000000 0.00000000 1.00000000 0.00000000 0.00000000 0.00000000 0.00000000 0.00000000 0.00000000 
5 0.00000000 1.00000000 0.00000000 0.00000000 0.00000000 0.00000000 0.00000000 0.00000000 0.00000000 0.00000000 
6 1.00000000 0.00000000 0.00000000 0.00000000 0.00000000 0.00000000 0.00000000 0.00000000 0.00000000 0.00000000 
7 0.00000000 1.00000000 0.00000000 0.00000000 0.00000000 0.00000000 0.00000000 0.00000000 0.00000000 0.00000000 
8 0.00000000 1.00000000 0.00000000 0.00000000 0.00000000 0.00000000 0.00000000 0.00000000 0.00000000 0.00000000 
9 0.00000000 0.00000000 0.18204334 0.00000000 0.81795666 0.00000000 0.00000000 0.00000000 0.00000000 0.00000000 
10 0.00000000 0.00000000 0.00000000 0.00000000 0.00000000 0.00000000 0.00000000 0.31964286 0.00000000 0.68035714 
11 0.00000000 1.00000000 0.00000000 0.00000000 0.00000000 0.00000000 0.00000000 0.00000000 0.00000000 0.00000000 
12 0.00000000 0.00000000 0.00000000 1.00000000 0.00000000 0.00000000 0.00000000 0.00000000 0.00000000 0.00000000 
13 0.00000000 0.00000000 0.00000000 0.00000000 0.00000000 0.00000000 0.00000000 0.00000000 0.00000000 1.00000000 
14 1.00000000 0.00000000 0.00000000 0.00000000 0.00000000 0.00000000 0.00000000 0.00000000 0.00000000 0.00000000 
15 0.86086957 0.13913043 0.00000000 0.00000000 0.00000000 0.00000000 0.00000000 0.00000000 0.00000000 0.00000000 
16 0.00000000 0.00000000 0.00000000 0.00000000 0.00000000 1.00000000 0.00000000 0.00000000 0.00000000 0.00000000 
18 0.00000000 0.00000000 0.00000000 0.23029046 0.00000000 0.31576763 0.00000000 0.00000000 0.45394191 0.00000000 
19 0.12666667 0.00000000 0.87333333 0.00000000 0.00000000 0.00000000 0.00000000 0.00000000 0.00000000 0.00000000 
21 0.00000000 0.00000000 0.89929078 0.10070922 0.00000000 0.00000000 0.00000000 0.00000000 0.00000000 0.00000000 
22 0.00000000 0.00000000 0.00000000 0.00000000 0.00000000 0.00000000 0.00000000 0.42531646 0.57468354 0.00000000 

workload distribution if node 8 fails:

1    2    3    4    5    6    7    9    10    11    
1 0.00000000 0.00000000 0.00000000 0.00000000 0.00000000 0.00000000 0.52225201 0.47774799 0.00000000 0.00000000 
2 0.00000000 0.00000000 0.00000000 0.00000000 0.00000000 1.00000000 0.00000000 0.00000000 0.00000000 0.00000000 
3 0.00000000 0.00000000 0.00000000 0.00000000 0.00000000 0.00000000 0.00000000 1.00000000 0.00000000 0.00000000 
4 0.00000000 0.00000000 1.00000000 0.00000000 0.00000000 0.00000000 0.00000000 0.00000000 0.00000000 0.00000000 
5 0.00000000 1.00000000 0.00000000 0.00000000 0.00000000 0.00000000 0.00000000 0.00000000 0.00000000 0.00000000 
6 1.00000000 0.00000000 0.00000000 0.00000000 0.00000000 0.00000000 0.00000000 0.00000000 0.00000000 0.00000000 
7 0.00000000 1.00000000 0.00000000 0.00000000 0.00000000 0.00000000 0.00000000 0.00000000 0.00000000 0.00000000 
8 0.00000000 1.00000000 0.00000000 0.00000000 0.00000000 0.00000000 0.00000000 0.00000000 0.00000000 0.00000000 
9 0.00000000 0.00000000 0.18204334 0.00000000 0.81795666 0.00000000 0.00000000 0.00000000 0.00000000 0.00000000 
10 0.00000000 0.00000000 0.00000000 0.00000000 0.00000000 0.00000000 0.00000000 0.00000000 0.00000000 1.00000000 
11 0.00000000 1.00000000 0.00000000 0.00000000 0.00000000 0.00000000 0.00000000 0.00000000 0.00000000 0.00000000 
12 0.00000000 0.00000000 0.16808511 0.83191489 0.00000000 0.00000000 0.00000000 0.00000000 0.00000000 0.00000000 
13 0.00000000 0.00000000 0.00000000 0.00000000 0.00000000 0.00000000 0.36914894 0.00000000 0.00000000 0.63085106 
14 1.00000000 0.00000000 0.00000000 0.00000000 0.00000000 0.00000000 0.00000000 0.00000000 0.00000000 0.00000000 
15 0.31739130 0.68260870 0.00000000 0.00000000 0.00000000 0.00000000 0.00000000 0.00000000 0.00000000 0.00000000 
16 0.00000000 0.00000000 0.00000000 0.00000000 0.00000000 1.00000000 0.00000000 0.00000000 0.00000000 0.00000000 
18 0.00000000 0.00000000 0.00000000 0.38589212 0.00000000 0.16016598 0.00000000 0.00000000 0.45394191 0.00000000 
19 0.96000000 0.00000000 0.04000000 0.00000000 0.00000000 0.00000000 0.00000000 0.00000000 0.00000000 0.00000000 
21 0.00000000 0.00000000 1.00000000 0.00000000 0.00000000 0.00000000 0.00000000 0.00000000 0.00000000 0.00000000 
22 0.00000000 0.00000000 0.00000000 0.00000000 0.00000000 0.00000000 0.00000000 0.00000000 0.57468354 0.42531646 

workload distribution if node 9 fails:

1    2    3    4    5    6    7    8    10    11    
1 0.00000000 0.00000000 0.00000000 0.00000000 0.00000000 0.00000000 0.29168901 0.70831099 0.00000000 0.00000000 
2 0.00000000 1.00000000 0.00000000 0.00000000 0.00000000 0.00000000 0.00000000 0.00000000 0.00000000 0.00000000 
3 0.00000000 0.00000000 0.00000000 0.00000000 0.00000000 0.00000000 0.00000000 0.00000000 0.00000000 1.00000000 
4 0.00000000 0.00000000 1.00000000 0.00000000 0.00000000 0.00000000 0.00000000 0.00000000 0.00000000 0.00000000 
5 0.00000000 1.00000000 0.00000000 0.00000000 0.00000000 0.00000000 0.00000000 0.00000000 0.00000000 0.00000000 
6 1.00000000 0.00000000 0.00000000 0.00000000 0.00000000 0.00000000 0.00000000 0.00000000 0.00000000 0.00000000 
7 0.00000000 1.00000000 0.00000000 0.00000000 0.00000000 0.00000000 0.00000000 0.00000000 0.00000000 0.00000000 
8 0.00000000 1.00000000 0.00000000 0.00000000 0.00000000 0.00000000 0.00000000 0.00000000 0.00000000 0.00000000 
9 0.00000000 0.03529412 0.14674923 0.00000000 0.81795666 0.00000000 0.00000000 0.00000000 0.00000000 0.00000000 
10 0.00000000 0.00000000 0.00000000 0.00000000 0.00000000 0.00000000 0.00000000 0.00000000 0.00000000 1.00000000 
11 0.00000000 1.00000000 0.00000000 0.00000000 0.00000000 0.00000000 0.00000000 0.00000000 0.00000000 0.00000000 
12 0.00000000 0.00000000 0.00000000 1.00000000 0.00000000 0.00000000 0.00000000 0.00000000 0.00000000 0.00000000 
13 0.00000000 0.00000000 0.00000000 0.00000000 0.00000000 0.00000000 0.82659574 0.00000000 0.00000000 0.17340426 
14 0.89014085 0.10985915 0.00000000 0.00000000 0.00000000 0.00000000 0.00000000 0.00000000 0.00000000 0.00000000 
15 1.00000000 0.00000000 0.00000000 0.00000000 0.00000000 0.00000000 0.00000000 0.00000000 0.00000000 0.00000000 
16 0.00000000 0.00000000 0.73035714 0.00000000 0.00000000 0.26964286 0.00000000 0.00000000 0.00000000 0.00000000 
18 0.00000000 0.00000000 0.00000000 0.06058091 0.00000000 0.48547718 0.00000000 0.00000000 0.45394191 0.00000000 
19 0.00000000 0.00000000 1.00000000 0.00000000 0.00000000 0.00000000 0.00000000 0.00000000 0.00000000 0.00000000 
21 0.00000000 0.00000000 0.00000000 1.00000000 0.00000000 0.00000000 0.00000000 0.00000000 0.00000000 0.00000000 
22 0.00000000 0.00000000 0.00000000 0.00000000 0.00000000 0.00000000 0.00000000 0.00000000 0.57468354 0.42531646 

workload distribution if node 10 fails:

1    2    3    4    5    6    7    8    9    11    
1 0.00000000 0.00000000 0.00000000 0.00000000 0.00000000 0.00000000 0.29168901 0.70831099 0.00000000 0.00000000 
2 0.00000000 1.00000000 0.00000000 0.00000000 0.00000000 0.00000000 0.00000000 0.00000000 0.00000000 0.00000000 
3 0.00000000 0.00000000 0.00000000 0.00000000 0.00000000 0.00000000 0.00000000 0.00000000 0.00000000 1.00000000 
4 0.00000000 0.00000000 1.00000000 0.00000000 0.00000000 0.00000000 0.00000000 0.00000000 0.00000000 0.00000000 
5 0.00000000 1.00000000 0.00000000 0.00000000 0.00000000 0.00000000 0.00000000 0.00000000 0.00000000 0.00000000 
6 0.52063492 0.00000000 0.00000000 0.00000000 0.00000000 0.00000000 0.00000000 0.00000000 0.47936508 0.00000000 
7 0.00000000 1.00000000 0.00000000 0.00000000 0.00000000 0.00000000 0.00000000 0.00000000 0.00000000 0.00000000 
8 0.00000000 1.00000000 0.00000000 0.00000000 0.00000000 0.00000000 0.00000000 0.00000000 0.00000000 0.00000000 
9 0.00000000 0.00000000 0.18204334 0.00000000 0.81795666 0.00000000 0.00000000 0.00000000 0.00000000 0.00000000 
10 0.00000000 0.00000000 0.00000000 0.00000000 0.00000000 0.00000000 0.00000000 0.00000000 0.00000000 1.00000000 
11 0.00000000 1.00000000 0.00000000 0.00000000 0.00000000 0.00000000 0.00000000 0.00000000 0.00000000 0.00000000 
12 0.00000000 0.00000000 0.00000000 1.00000000 0.00000000 0.00000000 0.00000000 0.00000000 0.00000000 0.00000000 
13 0.00000000 0.00000000 0.00000000 0.00000000 0.00000000 0.00000000 0.82659574 0.00000000 0.00000000 0.17340426 
14 1.00000000 0.00000000 0.00000000 0.00000000 0.00000000 0.00000000 0.00000000 0.00000000 0.00000000 0.00000000 
15 0.86086957 0.13913043 0.00000000 0.00000000 0.00000000 0.00000000 0.00000000 0.00000000 0.00000000 0.00000000 
16 0.00000000 0.00000000 1.00000000 0.00000000 0.00000000 0.00000000 0.00000000 0.00000000 0.00000000 0.00000000 
18 0.00000000 0.00000000 0.00000000 0.06058091 0.00000000 0.54813278 0.00000000 0.00000000 0.39128631 0.00000000 
19 0.46222222 0.00000000 0.53777778 0.00000000 0.00000000 0.00000000 0.00000000 0.00000000 0.00000000 0.00000000 
21 0.00000000 0.00000000 0.00000000 1.00000000 0.00000000 0.00000000 0.00000000 0.00000000 0.00000000 0.00000000 
22 0.00000000 0.00000000 0.00000000 0.00000000 0.00000000 0.00000000 0.00000000 0.00000000 0.57468354 0.42531646 

workload distribution if node 11 fails:

1    2    3    4    5    6    7    8    9    10    
1 0.00000000 0.00000000 0.00000000 0.00000000 0.00000000 0.00000000 0.20428954 0.70831099 0.08739946 0.00000000 
2 0.00000000 1.00000000 0.00000000 0.00000000 0.00000000 0.00000000 0.00000000 0.00000000 0.00000000 0.00000000 
3 0.00000000 0.00000000 0.00000000 0.00000000 0.00000000 0.00000000 0.00000000 0.00000000 1.00000000 0.00000000 
4 0.00000000 0.00000000 1.00000000 0.00000000 0.00000000 0.00000000 0.00000000 0.00000000 0.00000000 0.00000000 
5 0.00000000 1.00000000 0.00000000 0.00000000 0.00000000 0.00000000 0.00000000 0.00000000 0.00000000 0.00000000 
6 1.00000000 0.00000000 0.00000000 0.00000000 0.00000000 0.00000000 0.00000000 0.00000000 0.00000000 0.00000000 
7 0.00000000 1.00000000 0.00000000 0.00000000 0.00000000 0.00000000 0.00000000 0.00000000 0.00000000 0.00000000 
8 0.00000000 1.00000000 0.00000000 0.00000000 0.00000000 0.00000000 0.00000000 0.00000000 0.00000000 0.00000000 
9 0.00000000 0.00000000 0.18204334 0.00000000 0.81795666 0.00000000 0.00000000 0.00000000 0.00000000 0.00000000 
10 0.00000000 0.00000000 0.00000000 0.00000000 0.00000000 0.00000000 0.00000000 0.00000000 1.00000000 0.00000000 
11 0.00000000 0.00000000 0.00000000 0.00000000 0.00000000 1.00000000 0.00000000 0.00000000 0.00000000 0.00000000 
12 0.00000000 0.00000000 0.00000000 1.00000000 0.00000000 0.00000000 0.00000000 0.00000000 0.00000000 0.00000000 
13 0.00000000 0.00000000 0.00000000 0.00000000 0.00000000 0.00000000 1.00000000 0.00000000 0.00000000 0.00000000 
14 1.00000000 0.00000000 0.00000000 0.00000000 0.00000000 0.00000000 0.00000000 0.00000000 0.00000000 0.00000000 
15 0.67246377 0.32753623 0.00000000 0.00000000 0.00000000 0.00000000 0.00000000 0.00000000 0.00000000 0.00000000 
16 0.00000000 0.00000000 0.96250000 0.00000000 0.00000000 0.03750000 0.00000000 0.00000000 0.00000000 0.00000000 
18 0.00000000 0.00000000 0.00000000 0.06058091 0.00000000 0.48547718 0.00000000 0.00000000 0.06970954 0.38423237 
19 0.41555556 0.00000000 0.58444444 0.00000000 0.00000000 0.00000000 0.00000000 0.00000000 0.00000000 0.00000000 
21 0.00000000 0.00000000 0.00000000 1.00000000 0.00000000 0.00000000 0.00000000 0.00000000 0.00000000 0.00000000 
22 0.00000000 0.00000000 0.00000000 0.00000000 0.00000000 0.00000000 0.00000000 0.00000000 0.00000000 1.00000000 



zz_test [*] :=
 1  1
 2  1
 3  1
 4  1
 5  1
 6  1
 7  1
 8  1
 9  1
10  1
11  1
12  1
13  1
14  1
15  1
16  1
18  1
19  1
21  1
22  1
;

K_test [*] :=
 1  0.0909091
 2  0.0909091
 3  0.0909091
 4  0.0909091
 5  0.0909091
 6  0.0909091
 7  0.0909091
 8  0.0909091
 9  0.0909091
10  0.0909091
11  0.0909091
;

zz2_test [*,*]
:    1   2   3   4   5   6   7   8   9  10  11    :=
1    1   1   1   1   1   1   1   1   1   1   1
2    1   1   1   1   1   1   1   1   1   1   1
3    1   1   1   1   1   1   1   1   1   1   1
4    1   1   1   1   1   1   1   1   1   1   1
5    1   1   1   1   1   1   1   1   1   1   1
6    1   1   1   1   1   1   1   1   1   1   1
7    1   1   1   1   1   1   1   1   1   1   1
8    1   1   1   1   1   1   1   1   1   1   1
9    1   1   1   1   1   1   1   1   1   1   1
10   1   1   1   1   1   1   1   1   1   1   1
11   1   1   1   1   1   1   1   1   1   1   1
12   1   1   1   1   1   1   1   1   1   1   1
13   1   1   1   1   1   1   1   1   1   1   1
14   1   1   1   1   1   1   1   1   1   1   1
15   1   1   1   1   1   1   1   1   1   1   1
16   1   1   1   1   1   1   1   1   1   1   1
18   1   1   1   1   1   1   1   1   1   1   1
19   1   1   1   1   1   1   1   1   1   1   1
21   1   1   1   1   1   1   1   1   1   1   1
22   1   1   1   1   1   1   1   1   1   1   1
;

K2_test [*,*]
:     1     2     3     4     5     6     7     8     9    10    11     :=
1     .    0.1   0.1   0.1   0.1   0.1   0.1   0.1   0.1   0.1   0.1
2    0.1    .    0.1   0.1   0.1   0.1   0.1   0.1   0.1   0.1   0.1
3    0.1   0.1    .    0.1   0.1   0.1   0.1   0.1   0.1   0.1   0.1
4    0.1   0.1   0.1    .    0.1   0.1   0.1   0.1   0.1   0.1   0.1
5    0.1   0.1   0.1   0.1    .    0.1   0.1   0.1   0.1   0.1   0.1
6    0.1   0.1   0.1   0.1   0.1    .    0.1   0.1   0.1   0.1   0.1
7    0.1   0.1   0.1   0.1   0.1   0.1    .    0.1   0.1   0.1   0.1
8    0.1   0.1   0.1   0.1   0.1   0.1   0.1    .    0.1   0.1   0.1
9    0.1   0.1   0.1   0.1   0.1   0.1   0.1   0.1    .    0.1   0.1
10   0.1   0.1   0.1   0.1   0.1   0.1   0.1   0.1   0.1    .    0.1
11   0.1   0.1   0.1   0.1   0.1   0.1   0.1   0.1   0.1   0.1    .
;

zz2 [*,1,*]
:       2          3           4          5          6          7        :=
1    0          0          0           0          0          0.231635
2    0          0          0           0          1          0
3    0          0          0           0          0          0
4    0          0          1           0          0          0
5    1          0          0           0          0          0
6    0          0          0           0          0          1
7    0          1          0           0          0          0
8    1          0          0           0          0          0
9    0.182043   0          0           0.817957   0          0
10   0          0          0           0          0          0
11   0          0          0           0          1          0
12   0          0.282979   0.717021    0          0          0
13   0          0          0           0          0          0.610638
14   1          0          0           0          0          0
15   0.502899   0.497101   0           0          0          0
16   0          0          0           0          1          0
18   0          0          0.0224066   0          0.106224   0
19   0          1          0           0          0          0
21   0          0          1           0          0          0
22   0          0          0           0          0          0

:       8           9          10         11       :=
1    0.708311   0.0600536   0          0
2    0          0           0          0
3    0          1           0          0
4    0          0           0          0
5    0          0           0          0
6    0          0           0          0
7    0          0           0          0
8    0          0           0          0
9    0          0           0          0
10   0          0           0          1
11   0          0           0          0
12   0          0           0          0
13   0          0           0          0.389362
14   0          0           0          0
15   0          0           0          0
16   0          0           0          0
18   0          0.323237    0.548133   0
19   0          0           0          0
21   0          0           0          0
22   0          0           0          1

 [*,2,*]
:       1          3          4          5          6          7          8  :=
1    0          0          0          0          0          0.46059    0.53941
2    0          0.144      0          0          0.856      0          0
3    0          0          0          0          0          0          0
4    0          0          1          0          0          0          0
5    0          1          0          0          0          0          0
6    0          0          0          0          0          0          1
7    0          1          0          0          0          0          0
8    0          1          0          0          0          0          0
9    0          0.182043   0          0.817957   0          0          0
10   0          0          0          0          0          0          0
11   0          0          0          0          1          0          0
12   0          0.168085   0.831915   0          0          0          0
13   0          0          0          0          0          0.491489   0
14   1          0          0          0          0          0          0
15   1          0          0          0          0          0          0
16   0          0          0          0          1          0          0
18   0          0          0          0          0.128631   0          0
19   0.613333   0.386667   0          0          0          0          0
21   0          0          1          0          0          0          0
22   0          0          0          0          0          0          0

:       9          10         11       :=
1    0          0          0
2    0          0          0
3    1          0          0
4    0          0          0
5    0          0          0
6    0          0          0
7    0          0          0
8    0          0          0
9    0          0          0
10   0          0          1
11   0          0          0
12   0          0          0
13   0          0          0.508511
14   0          0          0
15   0          0          0
16   0          0          0
18   0.323237   0.548133   0
19   0          0          0
21   0          0          0
22   0.283544   0          0.716456

 [*,3,*]
:       1          2          4          5          6          7          8  :=
1    0          0          0          0          0          0.291689   0.708311
2    0          0.144      0          0          0.856      0          0
3    0          0          0          0          0          0          0
4    0          0          1          0          0          0          0
5    0          1          0          0          0          0          0
6    0          0          0          0          0          1          0
7    0          1          0          0          0          0          0
8    0          1          0          0          0          0          0
9    0          0.182043   0          0.817957   0          0          0
10   0          0          0          0          0          0          0
11   0          0          0          0          1          0          0
12   0          0          1          0          0          0          0
13   0          0          0          0          0          0.491489   0
14   1          0          0          0          0          0          0
15   0.747826   0.252174   0          0          0          0          0
16   0          0          0          0          1          0          0
18   0          0          0          0          0.128631   0          0
19   1          0          0          0          0          0          0
21   0          0.112057   0.887943   0          0          0          0
22   0          0          0          0          0          0          0

:       9          10         11       :=
1    0          0          0
2    0          0          0
3    1          0          0
4    0          0          0
5    0          0          0
6    0          0          0
7    0          0          0
8    0          0          0
9    0          0          0
10   0          0          1
11   0          0          0
12   0          0          0
13   0          0          0.508511
14   0          0          0
15   0          0          0
16   0          0          0
18   0.323237   0.548133   0
19   0          0          0
21   0          0          0
22   0.283544   0          0.716456

 [*,4,*]
:       1          2          3          5          6          7          8  :=
1    0          0          0          0          0          0.291689   0.708311
2    0          0.144      0          0          0.856      0          0
3    0          0          0          0          0          0          0
4    0          0          1          0          0          0          0
5    0          1          0          0          0          0          0
6    0          0          0          0          0          1          0
7    0          1          0          0          0          0          0
8    0          0          1          0          0          0          0
9    0          0.182043   0          0.817957   0          0          0
10   0          0          0          0          0          0          0
11   0          0          0          0          1          0          0
12   0          0          1          0          0          0          0
13   0          0          0          0          0          0.491489   0
14   1          0          0          0          0          0          0
15   1          0          0          0          0          0          0
16   0          0          0          0          1          0          0
18   0          0          0          0          0.128631   0          0
19   0.613333   0          0.386667   0          0          0          0
21   0          0.451064   0.548936   0          0          0          0
22   0          0          0          0          0          0          0

:       9          10         11       :=
1    0          0          0
2    0          0          0
3    0.34186    0          0.65814
4    0          0          0
5    0          0          0
6    0          0          0
7    0          0          0
8    0          0          0
9    0          0          0
10   0          0          1
11   0          0          0
12   0          0          0
13   0          0          0.508511
14   0          0          0
15   0          0          0
16   0          0          0
18   0.323237   0.548133   0
19   0          0          0
21   0          0          0
22   1          0          0

 [*,5,*]
:       1          2          3          4          6          7          8  :=
1    0          0          0          0          0          0.46059    0.53941
2    0          0.144      0          0          0.856      0          0
3    0          0          0          0          0          0          0
4    0          0          0.351111   0.648889   0          0          0
5    0          1          0          0          0          0          0
6    0          0          0          0          0          0          1
7    0          0          1          0          0          0          0
8    0          1          0          0          0          0          0
9    0          0.583282   0.416718   0          0          0          0
10   0          0          0          0          0          0          0
11   0          0          0          0          1          0          0
12   0          0          0          1          0          0          0
13   0          0          0          0          0          0.491489   0
14   1          0          0          0          0          0          0
15   1          0          0          0          0          0          0
16   0          0          0          0          1          0          0
18   0          0          0          0          0.128631   0          0
19   0.613333   0          0.386667   0          0          0          0
21   0          0          0          1          0          0          0
22   0          0          0          0          0          0          0

:       9          10         11       :=
1    0          0          0
2    0          0          0
3    1          0          0
4    0          0          0
5    0          0          0
6    0          0          0
7    0          0          0
8    0          0          0
9    0          0          0
10   0          0          1
11   0          0          0
12   0          0          0
13   0          0          0.508511
14   0          0          0
15   0          0          0
16   0          0          0
18   0.323237   0.548133   0
19   0          0          0
21   0          0          0
22   0.283544   0          0.716456

 [*,6,*]
:       1          2          3           4          5          7        :=
1    0          0         0           0           0          0.381769
2    0          1         0           0           0          0
3    0          0         0           0           0          0
4    0          0         1           0           0          0
5    0          1         0           0           0          0
6    0.466667   0         0           0           0          0
7    0          1         0           0           0          0
8    0          1         0           0           0          0
9    0          0         0.182043    0           0.817957   0
10   0          0         0           0           0          0
11   0          1         0           0           0          0
12   0          0         0.0361702   0.96383     0          0
13   0          0         0           0           0          0.647872
14   1          0         0           0           0          0
15   0.86087    0.13913   0           0           0          0
16   0          0         1           0           0          0
18   0          0         0           0.0676349   0          0
19   0.5        0         0.5         0           0          0
21   0          0         0           1           0          0
22   0          0         0           0           0          0

:       8          9          10         11       :=
1    0.618231   0          0          0
2    0          0          0          0
3    0          0          0          1
4    0          0          0          0
5    0          0          0          0
6    0.533333   0          0          0
7    0          0          0          0
8    0          0          0          0
9    0          0          0          0
10   0          0          0          1
11   0          0          0          0
12   0          0          0          0
13   0          0          0          0.352128
14   0          0          0          0
15   0          0          0          0
16   0          0          0          0
18   0          0.384232   0.548133   0
19   0          0          0          0
21   0          0          0          0
22   0          1          0          0

 [*,7,*]
:       1          2         3          4          5          6          8   :=
1    0          0         0          0          0          0          0.708311
2    0          1         0          0          0          0          0
3    0          0         0          0          0          0          0
4    0          0         0          1          0          0          0
5    0          1         0          0          0          0          0
6    1          0         0          0          0          0          0
7    0          1         0          0          0          0          0
8    0          1         0          0          0          0          0
9    0          0         0.182043   0          0.817957   0          0
10   0          0         0          0          0          0          0
11   0          1         0          0          0          0          0
12   0          0         0          1          0          0          0
13   0          0         0          0          0          0          0
14   1          0         0          0          0          0          0
15   0.86087    0.13913   0          0          0          0          0
16   0          0         0          0          0          1          0
18   0          0         0          0.23029    0          0.315768   0
19   0.126667   0         0.873333   0          0          0          0
21   0          0         0.899291   0.100709   0          0          0
22   0          0         0          0          0          0          0

:       9          10         11       :=
1    0.291689   0          0
2    0          0          0
3    1          0          0
4    0          0          0
5    0          0          0
6    0          0          0
7    0          0          0
8    0          0          0
9    0          0          0
10   0.319643   0          0.680357
11   0          0          0
12   0          0          0
13   0          0          1
14   0          0          0
15   0          0          0
16   0          0          0
18   0          0.453942   0
19   0          0          0
21   0          0          0
22   0.425316   0.574684   0

 [*,8,*]
:       1          2          3          4          5          6          7  :=
1    0          0          0          0          0          0          0.522252
2    0          0          0          0          0          1          0
3    0          0          0          0          0          0          0
4    0          0          1          0          0          0          0
5    0          1          0          0          0          0          0
6    1          0          0          0          0          0          0
7    0          1          0          0          0          0          0
8    0          1          0          0          0          0          0
9    0          0          0.182043   0          0.817957   0          0
10   0          0          0          0          0          0          0
11   0          1          0          0          0          0          0
12   0          0          0.168085   0.831915   0          0          0
13   0          0          0          0          0          0          0.369149
14   1          0          0          0          0          0          0
15   0.317391   0.682609   0          0          0          0          0
16   0          0          0          0          0          1          0
18   0          0          0          0.385892   0          0.160166   0
19   0.96       0          0.04       0          0          0          0
21   0          0          1          0          0          0          0
22   0          0          0          0          0          0          0

:       9          10         11       :=
1    0.477748   0          0
2    0          0          0
3    1          0          0
4    0          0          0
5    0          0          0
6    0          0          0
7    0          0          0
8    0          0          0
9    0          0          0
10   0          0          1
11   0          0          0
12   0          0          0
13   0          0          0.630851
14   0          0          0
15   0          0          0
16   0          0          0
18   0          0.453942   0
19   0          0          0
21   0          0          0
22   0          0.574684   0.425316

 [*,9,*]
:       1           2          3           4          5          6        :=
1    0          0           0          0           0          0
2    0          1           0          0           0          0
3    0          0           0          0           0          0
4    0          0           1          0           0          0
5    0          1           0          0           0          0
6    1          0           0          0           0          0
7    0          1           0          0           0          0
8    0          1           0          0           0          0
9    0          0.0352941   0.146749   0           0.817957   0
10   0          0           0          0           0          0
11   0          1           0          0           0          0
12   0          0           0          1           0          0
13   0          0           0          0           0          0
14   0.890141   0.109859    0          0           0          0
15   1          0           0          0           0          0
16   0          0           0.730357   0           0          0.269643
18   0          0           0          0.0605809   0          0.485477
19   0          0           1          0           0          0
21   0          0           0          1           0          0
22   0          0           0          0           0          0

:       7          8          10         11       :=
1    0.291689   0.708311   0          0
2    0          0          0          0
3    0          0          0          1
4    0          0          0          0
5    0          0          0          0
6    0          0          0          0
7    0          0          0          0
8    0          0          0          0
9    0          0          0          0
10   0          0          0          1
11   0          0          0          0
12   0          0          0          0
13   0.826596   0          0          0.173404
14   0          0          0          0
15   0          0          0          0
16   0          0          0          0
18   0          0          0.453942   0
19   0          0          0          0
21   0          0          0          0
22   0          0          0.574684   0.425316

 [*,10,*]
:       1          2         3           4          5          6          7  :=
1    0          0         0          0           0          0          0.291689
2    0          1         0          0           0          0          0
3    0          0         0          0           0          0          0
4    0          0         1          0           0          0          0
5    0          1         0          0           0          0          0
6    0.520635   0         0          0           0          0          0
7    0          1         0          0           0          0          0
8    0          1         0          0           0          0          0
9    0          0         0.182043   0           0.817957   0          0
10   0          0         0          0           0          0          0
11   0          1         0          0           0          0          0
12   0          0         0          1           0          0          0
13   0          0         0          0           0          0          0.826596
14   1          0         0          0           0          0          0
15   0.86087    0.13913   0          0           0          0          0
16   0          0         1          0           0          0          0
18   0          0         0          0.0605809   0          0.548133   0
19   0.462222   0         0.537778   0           0          0          0
21   0          0         0          1           0          0          0
22   0          0         0          0           0          0          0

:       8          9          11       :=
1    0.708311   0          0
2    0          0          0
3    0          0          1
4    0          0          0
5    0          0          0
6    0          0.479365   0
7    0          0          0
8    0          0          0
9    0          0          0
10   0          0          1
11   0          0          0
12   0          0          0
13   0          0          0.173404
14   0          0          0
15   0          0          0
16   0          0          0
18   0          0.391286   0
19   0          0          0
21   0          0          0
22   0          0.574684   0.425316

 [*,11,*]
:       1          2          3           4          5          6          7 :=
1    0          0          0          0           0          0          0.20429
2    0          1          0          0           0          0          0
3    0          0          0          0           0          0          0
4    0          0          1          0           0          0          0
5    0          1          0          0           0          0          0
6    1          0          0          0           0          0          0
7    0          1          0          0           0          0          0
8    0          1          0          0           0          0          0
9    0          0          0.182043   0           0.817957   0          0
10   0          0          0          0           0          0          0
11   0          0          0          0           0          1          0
12   0          0          0          1           0          0          0
13   0          0          0          0           0          0          1
14   1          0          0          0           0          0          0
15   0.672464   0.327536   0          0           0          0          0
16   0          0          0.9625     0           0          0.0375     0
18   0          0          0          0.0605809   0          0.485477   0
19   0.415556   0          0.584444   0           0          0          0
21   0          0          0          1           0          0          0
22   0          0          0          0           0          0          0

:       8           9          10       :=
1    0.708311   0.0873995   0
2    0          0           0
3    0          1           0
4    0          0           0
5    0          0           0
6    0          0           0
7    0          0           0
8    0          0           0
9    0          0           0
10   0          1           0
11   0          0           0
12   0          0           0
13   0          0           0
14   0          0           0
15   0          0           0
16   0          0           0
18   0          0.0697095   0.384232
19   0          0           0
21   0          0           0
22   0          0           1
;

