K=12, W/V=5.0608082, K=12, time:1.172

ca [*] :=
1  12
;

fragment allocation x on node k:

1    2    3    4    5    6    7    8    9    10    11    12    
0 1 1 0 1 1 1 0 0 0 0 0 0 
1 1 0 0 0 1 1 0 0 0 0 0 0 
2 1 1 0 0 0 0 0 0 0 0 0 0 
3 1 1 0 1 0 0 0 0 0 0 0 0 
4 1 1 0 1 0 1 0 0 0 0 0 0 
5 1 1 0 1 0 0 0 0 0 0 0 0 
6 1 0 0 1 0 0 0 0 0 0 0 0 
7 0 0 0 0 0 0 0 0 0 0 0 0 
8 0 0 0 0 0 0 0 0 0 0 0 0 
9 1 1 0 0 0 1 0 0 0 0 0 1 
10 1 1 0 0 0 1 0 0 0 0 0 1 
11 0 0 0 0 0 0 0 0 0 0 0 0 
12 1 1 1 0 1 1 0 0 0 0 1 1 
13 1 1 1 0 1 1 0 0 0 0 1 1 
14 1 1 0 0 0 1 0 0 0 0 0 1 
15 0 0 0 0 0 0 0 0 0 0 0 0 
16 1 1 1 1 1 1 0 0 0 0 0 1 
17 1 1 1 1 1 0 0 0 0 0 0 1 
18 1 1 0 1 0 0 0 0 0 0 0 1 
19 1 1 1 0 1 1 0 0 0 0 0 1 
20 1 1 0 1 0 0 0 0 0 0 0 1 
21 1 1 0 0 0 0 0 0 0 0 0 0 
22 1 1 0 0 0 0 0 0 0 0 0 0 
23 1 1 0 0 0 1 1 0 1 1 1 1 
24 0 1 0 0 0 1 0 0 1 1 1 1 
25 0 0 0 0 0 0 0 0 0 0 1 1 
26 1 0 0 0 0 1 0 0 0 0 1 1 
27 0 0 0 0 0 0 1 0 0 0 1 1 
28 0 0 0 0 0 0 1 0 0 0 1 1 
29 0 0 0 0 0 0 0 0 0 1 0 1 
30 0 0 0 0 0 0 0 0 0 0 1 1 
31 1 1 0 0 1 1 0 0 0 0 0 0 
32 1 1 0 0 1 1 0 0 0 0 0 0 
33 0 1 0 0 1 0 0 0 0 0 0 0 
34 1 1 0 0 1 1 0 0 0 0 0 0 
35 0 0 0 0 0 0 0 0 0 0 0 0 
36 1 1 1 0 1 1 1 0 1 1 1 1 
37 1 1 0 0 0 1 1 0 1 1 1 1 
38 0 0 1 0 1 0 0 0 0 0 0 0 
39 0 1 0 0 0 1 0 0 1 1 1 0 
40 1 1 1 0 1 1 0 0 1 1 1 1 
41 1 0 1 0 0 0 0 0 0 0 0 0 
42 0 0 0 0 0 0 0 0 0 0 0 0 
43 0 0 0 0 0 0 0 0 0 1 0 1 
44 0 0 0 0 0 0 1 0 0 0 1 0 
45 1 1 1 0 1 1 0 0 1 1 1 1 
46 1 0 0 1 1 1 0 0 0 0 0 0 
47 1 0 1 1 1 1 0 0 0 0 0 1 
48 0 0 0 0 0 0 0 0 0 0 0 0 
49 1 1 0 1 1 1 0 1 1 1 1 1 
50 1 0 0 1 1 1 0 1 0 1 1 1 
51 1 0 0 1 1 1 0 1 0 1 1 1 
52 0 0 0 0 0 0 0 1 0 1 0 1 
53 0 0 0 0 0 0 0 1 0 1 1 1 
54 0 0 0 0 0 0 0 1 0 1 0 1 
55 1 0 1 1 0 1 0 1 0 1 0 1 
56 1 0 1 0 1 0 0 0 0 0 0 0 
57 1 0 1 0 1 0 0 0 0 0 0 0 
58 1 0 0 1 0 0 0 0 0 0 0 0 
59 1 0 1 1 0 0 0 0 0 0 0 0 

query feasibility y on node k:

1    2    3    4    5    6    7    8    9    10    11    12    
1 0 0 0 0 0 0 0 1 0 1 0 1 
2 1 1 0 0 0 0 0 0 0 0 0 0 
3 0 0 0 0 0 0 0 0 0 1 0 1 
4 1 0 1 0 0 0 0 0 0 0 0 0 
5 1 0 0 0 0 1 0 0 0 0 0 1 
6 1 0 0 1 0 1 0 1 0 1 0 1 
7 1 0 0 0 0 1 0 0 0 0 0 1 
8 1 0 0 0 0 1 0 0 0 0 0 0 
9 1 0 0 0 1 1 0 0 0 0 0 0 
10 0 0 0 0 0 0 0 0 0 0 1 1 
11 0 1 0 0 1 0 0 0 0 0 0 0 
12 1 0 1 0 0 0 0 0 0 0 0 0 
13 0 0 0 0 0 0 1 0 0 0 1 0 
14 1 0 0 1 0 1 0 0 0 0 0 0 
15 1 0 0 1 0 0 0 0 0 0 0 1 
16 1 1 0 0 0 0 0 0 0 0 0 0 
18 0 1 0 0 0 1 0 0 1 1 1 0 
19 1 0 0 1 0 0 0 0 0 0 0 0 
21 0 0 1 0 1 0 0 0 0 0 0 0 
22 0 0 0 0 0 0 1 0 0 0 1 1 

workload distribution ohne node failure:

1    2    3    4    5    6    7    8    9    10    11    12    
1 0.00000000 0.00000000 0.00000000 0.00000000 0.00000000 0.00000000 0.00000000 0.59025916 0.00000000 0.17783735 0.00000000 0.23190349 
2 1.00000000 0.00000000 0.00000000 0.00000000 0.00000000 0.00000000 0.00000000 0.00000000 0.00000000 0.00000000 0.00000000 0.00000000 
3 0.00000000 0.00000000 0.00000000 0.00000000 0.00000000 0.00000000 0.00000000 0.00000000 0.00000000 1.00000000 0.00000000 0.00000000 
4 1.00000000 0.00000000 0.00000000 0.00000000 0.00000000 0.00000000 0.00000000 0.00000000 0.00000000 0.00000000 0.00000000 0.00000000 
5 0.00000000 0.00000000 0.00000000 0.00000000 0.00000000 1.00000000 0.00000000 0.00000000 0.00000000 0.00000000 0.00000000 0.00000000 
6 0.25661376 0.00000000 0.00000000 0.74338624 0.00000000 0.00000000 0.00000000 0.00000000 0.00000000 0.00000000 0.00000000 0.00000000 
7 0.00000000 0.00000000 0.00000000 0.00000000 0.00000000 0.00000000 0.00000000 0.00000000 0.00000000 0.00000000 0.00000000 1.00000000 
8 1.00000000 0.00000000 0.00000000 0.00000000 0.00000000 0.00000000 0.00000000 0.00000000 0.00000000 0.00000000 0.00000000 0.00000000 
9 0.00000000 0.00000000 0.00000000 0.00000000 0.63570691 0.36429309 0.00000000 0.00000000 0.00000000 0.00000000 0.00000000 0.00000000 
10 0.00000000 0.00000000 0.00000000 0.00000000 0.00000000 0.00000000 0.00000000 0.00000000 0.00000000 0.00000000 1.00000000 0.00000000 
11 0.00000000 1.00000000 0.00000000 0.00000000 0.00000000 0.00000000 0.00000000 0.00000000 0.00000000 0.00000000 0.00000000 0.00000000 
12 0.00000000 0.00000000 1.00000000 0.00000000 0.00000000 0.00000000 0.00000000 0.00000000 0.00000000 0.00000000 0.00000000 0.00000000 
13 0.00000000 0.00000000 0.00000000 0.00000000 0.00000000 0.00000000 1.00000000 0.00000000 0.00000000 0.00000000 0.00000000 0.00000000 
14 1.00000000 0.00000000 0.00000000 0.00000000 0.00000000 0.00000000 0.00000000 0.00000000 0.00000000 0.00000000 0.00000000 0.00000000 
15 0.00000000 0.00000000 0.00000000 0.60386473 0.00000000 0.00000000 0.00000000 0.00000000 0.00000000 0.00000000 0.00000000 0.39613527 
16 0.00000000 1.00000000 0.00000000 0.00000000 0.00000000 0.00000000 0.00000000 0.00000000 0.00000000 0.00000000 0.00000000 0.00000000 
18 0.00000000 0.17047026 0.00000000 0.00000000 0.00000000 0.10477178 0.00000000 0.00000000 0.45677732 0.14073306 0.12724758 0.00000000 
19 0.00000000 0.00000000 0.00000000 1.00000000 0.00000000 0.00000000 0.00000000 0.00000000 0.00000000 0.00000000 0.00000000 0.00000000 
21 0.00000000 0.00000000 0.89479905 0.00000000 0.10520095 0.00000000 0.00000000 0.00000000 0.00000000 0.00000000 0.00000000 0.00000000 
22 0.00000000 0.00000000 0.00000000 0.00000000 0.00000000 0.00000000 0.40717300 0.00000000 0.00000000 0.00000000 0.59282700 0.00000000 

workload distribution if node 1 fails:

2    3    4    5    6    7    8    9    10    11    12    
1 0.00000000 0.00000000 0.00000000 0.00000000 0.00000000 0.00000000 0.64391908 0.00000000 0.08164757 0.00000000 0.27443334 
2 1.00000000 0.00000000 0.00000000 0.00000000 0.00000000 0.00000000 0.00000000 0.00000000 0.00000000 0.00000000 0.00000000 
3 0.00000000 0.00000000 0.00000000 0.00000000 0.00000000 0.00000000 0.00000000 0.00000000 1.00000000 0.00000000 0.00000000 
4 0.00000000 1.00000000 0.00000000 0.00000000 0.00000000 0.00000000 0.00000000 0.00000000 0.00000000 0.00000000 0.00000000 
5 0.00000000 0.00000000 0.00000000 0.00000000 1.00000000 0.00000000 0.00000000 0.00000000 0.00000000 0.00000000 0.00000000 
6 0.00000000 0.00000000 0.00000000 0.00000000 0.00000000 0.00000000 0.00000000 0.00000000 1.00000000 0.00000000 0.00000000 
7 0.00000000 0.00000000 0.00000000 0.00000000 0.00000000 0.00000000 0.00000000 0.00000000 0.00000000 0.00000000 1.00000000 
8 0.00000000 0.00000000 0.00000000 0.00000000 1.00000000 0.00000000 0.00000000 0.00000000 0.00000000 0.00000000 0.00000000 
9 0.00000000 0.00000000 0.00000000 0.62032086 0.37967914 0.00000000 0.00000000 0.00000000 0.00000000 0.00000000 0.00000000 
10 0.00000000 0.00000000 0.00000000 0.00000000 0.00000000 0.00000000 0.00000000 0.00000000 0.00000000 1.00000000 0.00000000 
11 1.00000000 0.00000000 0.00000000 0.00000000 0.00000000 0.00000000 0.00000000 0.00000000 0.00000000 0.00000000 0.00000000 
12 0.00000000 1.00000000 0.00000000 0.00000000 0.00000000 0.00000000 0.00000000 0.00000000 0.00000000 0.00000000 0.00000000 
13 0.00000000 0.00000000 0.00000000 0.00000000 0.00000000 0.85735010 0.00000000 0.00000000 0.00000000 0.14264990 0.00000000 
14 0.00000000 0.00000000 1.00000000 0.00000000 0.00000000 0.00000000 0.00000000 0.00000000 0.00000000 0.00000000 0.00000000 
15 0.00000000 0.00000000 0.57378129 0.00000000 0.00000000 0.00000000 0.00000000 0.00000000 0.00000000 0.00000000 0.42621871 
16 1.00000000 0.00000000 0.00000000 0.00000000 0.00000000 0.00000000 0.00000000 0.00000000 0.00000000 0.00000000 0.00000000 
18 0.05639381 0.00000000 0.00000000 0.00000000 0.10901547 0.00000000 0.00000000 0.49830253 0.12599019 0.21029800 0.00000000 
19 0.00000000 0.00000000 1.00000000 0.00000000 0.00000000 0.00000000 0.00000000 0.00000000 0.00000000 0.00000000 0.00000000 
21 0.00000000 0.71760155 0.00000000 0.28239845 0.00000000 0.00000000 0.00000000 0.00000000 0.00000000 0.00000000 0.00000000 
22 0.00000000 0.00000000 0.00000000 0.00000000 0.00000000 1.00000000 0.00000000 0.00000000 0.00000000 0.00000000 0.00000000 

workload distribution if node 2 fails:

1    3    4    5    6    7    8    9    10    11    12    
1 0.00000000 0.00000000 0.00000000 0.00000000 0.00000000 0.00000000 0.64391908 0.00000000 0.00000000 0.00000000 0.35608092 
2 1.00000000 0.00000000 0.00000000 0.00000000 0.00000000 0.00000000 0.00000000 0.00000000 0.00000000 0.00000000 0.00000000 
3 0.00000000 0.00000000 0.00000000 0.00000000 0.00000000 0.00000000 0.00000000 0.00000000 1.00000000 0.00000000 0.00000000 
4 0.00000000 1.00000000 0.00000000 0.00000000 0.00000000 0.00000000 0.00000000 0.00000000 0.00000000 0.00000000 0.00000000 
5 0.77272727 0.00000000 0.00000000 0.00000000 0.00000000 0.00000000 0.00000000 0.00000000 0.00000000 0.00000000 0.22727273 
6 0.00000000 0.00000000 0.00000000 0.00000000 0.00000000 0.00000000 0.00000000 0.00000000 1.00000000 0.00000000 0.00000000 
7 0.00000000 0.00000000 0.00000000 0.00000000 0.00000000 0.00000000 0.00000000 0.00000000 0.00000000 0.00000000 1.00000000 
8 1.00000000 0.00000000 0.00000000 0.00000000 0.00000000 0.00000000 0.00000000 0.00000000 0.00000000 0.00000000 0.00000000 
9 0.00000000 0.00000000 0.00000000 0.53982550 0.46017450 0.00000000 0.00000000 0.00000000 0.00000000 0.00000000 0.00000000 
10 0.00000000 0.00000000 0.00000000 0.00000000 0.00000000 0.00000000 0.00000000 0.00000000 0.00000000 0.85227273 0.14772727 
11 0.00000000 0.00000000 0.00000000 1.00000000 0.00000000 0.00000000 0.00000000 0.00000000 0.00000000 0.00000000 0.00000000 
12 0.00000000 1.00000000 0.00000000 0.00000000 0.00000000 0.00000000 0.00000000 0.00000000 0.00000000 0.00000000 0.00000000 
13 0.00000000 0.00000000 0.00000000 0.00000000 0.00000000 0.85735010 0.00000000 0.00000000 0.00000000 0.14264990 0.00000000 
14 0.00000000 0.00000000 0.17157490 0.00000000 0.82842510 0.00000000 0.00000000 0.00000000 0.00000000 0.00000000 0.00000000 
15 0.00000000 0.00000000 1.00000000 0.00000000 0.00000000 0.00000000 0.00000000 0.00000000 0.00000000 0.00000000 0.00000000 
16 1.00000000 0.00000000 0.00000000 0.00000000 0.00000000 0.00000000 0.00000000 0.00000000 0.00000000 0.00000000 0.00000000 
18 0.00000000 0.00000000 0.00000000 0.00000000 0.06789891 0.00000000 0.00000000 0.49830253 0.18917390 0.24462467 0.00000000 
19 0.00000000 0.00000000 1.00000000 0.00000000 0.00000000 0.00000000 0.00000000 0.00000000 0.00000000 0.00000000 0.00000000 
21 0.00000000 0.71760155 0.00000000 0.28239845 0.00000000 0.00000000 0.00000000 0.00000000 0.00000000 0.00000000 0.00000000 
22 0.00000000 0.00000000 0.00000000 0.00000000 0.00000000 1.00000000 0.00000000 0.00000000 0.00000000 0.00000000 0.00000000 

workload distribution if node 3 fails:

1    2    4    5    6    7    8    9    10    11    12    
1 0.00000000 0.00000000 0.00000000 0.00000000 0.00000000 0.00000000 0.47501828 0.00000000 0.23226907 0.00000000 0.29271265 
2 0.00000000 1.00000000 0.00000000 0.00000000 0.00000000 0.00000000 0.00000000 0.00000000 0.00000000 0.00000000 0.00000000 
3 0.00000000 0.00000000 0.00000000 0.00000000 0.00000000 0.00000000 0.00000000 0.00000000 1.00000000 0.00000000 0.00000000 
4 1.00000000 0.00000000 0.00000000 0.00000000 0.00000000 0.00000000 0.00000000 0.00000000 0.00000000 0.00000000 0.00000000 
5 0.00000000 0.00000000 0.00000000 0.00000000 0.00000000 0.00000000 0.00000000 0.00000000 0.00000000 0.00000000 1.00000000 
6 0.00000000 0.00000000 0.00000000 0.00000000 0.00000000 0.00000000 1.00000000 0.00000000 0.00000000 0.00000000 0.00000000 
7 0.00000000 0.00000000 0.00000000 0.00000000 0.00000000 0.00000000 0.00000000 0.00000000 0.00000000 0.00000000 1.00000000 
8 1.00000000 0.00000000 0.00000000 0.00000000 0.00000000 0.00000000 0.00000000 0.00000000 0.00000000 0.00000000 0.00000000 
9 0.09090909 0.00000000 0.00000000 0.30706445 0.60202646 0.00000000 0.00000000 0.00000000 0.00000000 0.00000000 0.00000000 
10 0.00000000 0.00000000 0.00000000 0.00000000 0.00000000 0.00000000 0.00000000 0.00000000 0.00000000 1.00000000 0.00000000 
11 0.00000000 1.00000000 0.00000000 0.00000000 0.00000000 0.00000000 0.00000000 0.00000000 0.00000000 0.00000000 0.00000000 
12 1.00000000 0.00000000 0.00000000 0.00000000 0.00000000 0.00000000 0.00000000 0.00000000 0.00000000 0.00000000 0.00000000 
13 0.00000000 0.00000000 0.00000000 0.00000000 0.00000000 0.85735010 0.00000000 0.00000000 0.00000000 0.14264990 0.00000000 
14 0.00000000 0.00000000 1.00000000 0.00000000 0.00000000 0.00000000 0.00000000 0.00000000 0.00000000 0.00000000 0.00000000 
15 0.00000000 0.00000000 1.00000000 0.00000000 0.00000000 0.00000000 0.00000000 0.00000000 0.00000000 0.00000000 0.00000000 
16 0.00000000 1.00000000 0.00000000 0.00000000 0.00000000 0.00000000 0.00000000 0.00000000 0.00000000 0.00000000 0.00000000 
18 0.00000000 0.05639381 0.00000000 0.00000000 0.09486986 0.00000000 0.00000000 0.49830253 0.14013580 0.21029800 0.00000000 
19 0.65353535 0.00000000 0.34646465 0.00000000 0.00000000 0.00000000 0.00000000 0.00000000 0.00000000 0.00000000 0.00000000 
21 0.00000000 0.00000000 0.00000000 1.00000000 0.00000000 0.00000000 0.00000000 0.00000000 0.00000000 0.00000000 0.00000000 
22 0.00000000 0.00000000 0.00000000 0.00000000 0.00000000 1.00000000 0.00000000 0.00000000 0.00000000 0.00000000 0.00000000 

workload distribution if node 4 fails:

1    2    3    5    6    7    8    9    10    11    12    
1 0.00000000 0.00000000 0.00000000 0.00000000 0.00000000 0.00000000 0.64391908 0.00000000 0.22105776 0.00000000 0.13502315 
2 0.00000000 1.00000000 0.00000000 0.00000000 0.00000000 0.00000000 0.00000000 0.00000000 0.00000000 0.00000000 0.00000000 
3 0.00000000 0.00000000 0.00000000 0.00000000 0.00000000 0.00000000 0.00000000 0.00000000 1.00000000 0.00000000 0.00000000 
4 0.00000000 0.00000000 1.00000000 0.00000000 0.00000000 0.00000000 0.00000000 0.00000000 0.00000000 0.00000000 0.00000000 
5 0.00000000 0.00000000 0.00000000 0.00000000 0.00000000 0.00000000 0.00000000 0.00000000 0.00000000 0.00000000 1.00000000 
6 0.00000000 0.00000000 0.00000000 0.00000000 0.00000000 0.00000000 0.00000000 0.00000000 1.00000000 0.00000000 0.00000000 
7 0.00000000 0.00000000 0.00000000 0.00000000 0.00000000 0.00000000 0.00000000 0.00000000 0.00000000 0.00000000 1.00000000 
8 0.00000000 0.00000000 0.00000000 0.00000000 1.00000000 0.00000000 0.00000000 0.00000000 0.00000000 0.00000000 0.00000000 
9 0.00000000 0.00000000 0.00000000 0.62032086 0.37967914 0.00000000 0.00000000 0.00000000 0.00000000 0.00000000 0.00000000 
10 0.00000000 0.00000000 0.00000000 0.00000000 0.00000000 0.00000000 0.00000000 0.00000000 0.00000000 1.00000000 0.00000000 
11 0.00000000 1.00000000 0.00000000 0.00000000 0.00000000 0.00000000 0.00000000 0.00000000 0.00000000 0.00000000 0.00000000 
12 0.00000000 0.00000000 1.00000000 0.00000000 0.00000000 0.00000000 0.00000000 0.00000000 0.00000000 0.00000000 0.00000000 
13 0.00000000 0.00000000 0.00000000 0.00000000 0.00000000 0.85735010 0.00000000 0.00000000 0.00000000 0.14264990 0.00000000 
14 1.00000000 0.00000000 0.00000000 0.00000000 0.00000000 0.00000000 0.00000000 0.00000000 0.00000000 0.00000000 0.00000000 
15 0.57378129 0.00000000 0.00000000 0.00000000 0.00000000 0.00000000 0.00000000 0.00000000 0.00000000 0.00000000 0.42621871 
16 0.00000000 1.00000000 0.00000000 0.00000000 0.00000000 0.00000000 0.00000000 0.00000000 0.00000000 0.00000000 0.00000000 
18 0.00000000 0.05639381 0.00000000 0.00000000 0.21689928 0.00000000 0.00000000 0.49830253 0.01810637 0.21029800 0.00000000 
19 1.00000000 0.00000000 0.00000000 0.00000000 0.00000000 0.00000000 0.00000000 0.00000000 0.00000000 0.00000000 0.00000000 
21 0.00000000 0.00000000 0.71760155 0.28239845 0.00000000 0.00000000 0.00000000 0.00000000 0.00000000 0.00000000 0.00000000 
22 0.00000000 0.00000000 0.00000000 0.00000000 0.00000000 1.00000000 0.00000000 0.00000000 0.00000000 0.00000000 0.00000000 

workload distribution if node 5 fails:

1    2    3    4    6    7    8    9    10    11    12    
1 0.00000000 0.00000000 0.00000000 0.00000000 0.00000000 0.00000000 0.47501828 0.00000000 0.31074823 0.00000000 0.21423349 
2 1.00000000 0.00000000 0.00000000 0.00000000 0.00000000 0.00000000 0.00000000 0.00000000 0.00000000 0.00000000 0.00000000 
3 0.00000000 0.00000000 0.00000000 0.00000000 0.00000000 0.00000000 0.00000000 0.00000000 1.00000000 0.00000000 0.00000000 
4 0.88484848 0.00000000 0.11515152 0.00000000 0.00000000 0.00000000 0.00000000 0.00000000 0.00000000 0.00000000 0.00000000 
5 0.00000000 0.00000000 0.00000000 0.00000000 0.00000000 0.00000000 0.00000000 0.00000000 0.00000000 0.00000000 1.00000000 
6 0.00000000 0.00000000 0.00000000 0.00000000 0.00000000 0.00000000 1.00000000 0.00000000 0.00000000 0.00000000 0.00000000 
7 0.00000000 0.00000000 0.00000000 0.00000000 0.00000000 0.00000000 0.00000000 0.00000000 0.00000000 0.00000000 1.00000000 
8 1.00000000 0.00000000 0.00000000 0.00000000 0.00000000 0.00000000 0.00000000 0.00000000 0.00000000 0.00000000 0.00000000 
9 0.25640304 0.00000000 0.00000000 0.00000000 0.74359696 0.00000000 0.00000000 0.00000000 0.00000000 0.00000000 0.00000000 
10 0.00000000 0.00000000 0.00000000 0.00000000 0.00000000 0.00000000 0.00000000 0.00000000 0.00000000 1.00000000 0.00000000 
11 0.00000000 1.00000000 0.00000000 0.00000000 0.00000000 0.00000000 0.00000000 0.00000000 0.00000000 0.00000000 0.00000000 
12 0.00000000 0.00000000 1.00000000 0.00000000 0.00000000 0.00000000 0.00000000 0.00000000 0.00000000 0.00000000 0.00000000 
13 0.00000000 0.00000000 0.00000000 0.00000000 0.00000000 0.85735010 0.00000000 0.00000000 0.00000000 0.14264990 0.00000000 
14 0.00000000 0.00000000 0.00000000 1.00000000 0.00000000 0.00000000 0.00000000 0.00000000 0.00000000 0.00000000 0.00000000 
15 0.00000000 0.00000000 0.00000000 0.78787879 0.00000000 0.00000000 0.00000000 0.00000000 0.00000000 0.00000000 0.21212121 
16 0.00000000 1.00000000 0.00000000 0.00000000 0.00000000 0.00000000 0.00000000 0.00000000 0.00000000 0.00000000 0.00000000 
18 0.00000000 0.21199547 0.00000000 0.00000000 0.00000000 0.00000000 0.00000000 0.49830253 0.07940400 0.21029800 0.00000000 
19 0.32828283 0.00000000 0.00000000 0.67171717 0.00000000 0.00000000 0.00000000 0.00000000 0.00000000 0.00000000 0.00000000 
21 0.00000000 0.00000000 1.00000000 0.00000000 0.00000000 0.00000000 0.00000000 0.00000000 0.00000000 0.00000000 0.00000000 
22 0.00000000 0.00000000 0.00000000 0.00000000 0.00000000 1.00000000 0.00000000 0.00000000 0.00000000 0.00000000 0.00000000 

workload distribution if node 6 fails:

1    2    3    4    5    7    8    9    10    11    12    
1 0.00000000 0.00000000 0.00000000 0.00000000 0.00000000 0.00000000 0.47501828 0.00000000 0.10967585 0.00000000 0.41530587 
2 0.00000000 1.00000000 0.00000000 0.00000000 0.00000000 0.00000000 0.00000000 0.00000000 0.00000000 0.00000000 0.00000000 
3 0.00000000 0.00000000 0.00000000 0.00000000 0.00000000 0.00000000 0.00000000 0.00000000 1.00000000 0.00000000 0.00000000 
4 0.88484848 0.00000000 0.11515152 0.00000000 0.00000000 0.00000000 0.00000000 0.00000000 0.00000000 0.00000000 0.00000000 
5 0.00000000 0.00000000 0.00000000 0.00000000 0.00000000 0.00000000 0.00000000 0.00000000 0.00000000 0.00000000 1.00000000 
6 0.00000000 0.00000000 0.00000000 0.00000000 0.00000000 0.00000000 1.00000000 0.00000000 0.00000000 0.00000000 0.00000000 
7 0.57882624 0.00000000 0.00000000 0.00000000 0.00000000 0.00000000 0.00000000 0.00000000 0.00000000 0.00000000 0.42117376 
8 1.00000000 0.00000000 0.00000000 0.00000000 0.00000000 0.00000000 0.00000000 0.00000000 0.00000000 0.00000000 0.00000000 
9 0.25640304 0.00000000 0.00000000 0.00000000 0.74359696 0.00000000 0.00000000 0.00000000 0.00000000 0.00000000 0.00000000 
10 0.00000000 0.00000000 0.00000000 0.00000000 0.00000000 0.00000000 0.00000000 0.00000000 0.00000000 1.00000000 0.00000000 
11 0.00000000 1.00000000 0.00000000 0.00000000 0.00000000 0.00000000 0.00000000 0.00000000 0.00000000 0.00000000 0.00000000 
12 0.00000000 0.00000000 1.00000000 0.00000000 0.00000000 0.00000000 0.00000000 0.00000000 0.00000000 0.00000000 0.00000000 
13 0.00000000 0.00000000 0.00000000 0.00000000 0.00000000 0.85735010 0.00000000 0.00000000 0.00000000 0.14264990 0.00000000 
14 0.82842510 0.00000000 0.00000000 0.17157490 0.00000000 0.00000000 0.00000000 0.00000000 0.00000000 0.00000000 0.00000000 
15 0.00000000 0.00000000 0.00000000 1.00000000 0.00000000 0.00000000 0.00000000 0.00000000 0.00000000 0.00000000 0.00000000 
16 0.00000000 1.00000000 0.00000000 0.00000000 0.00000000 0.00000000 0.00000000 0.00000000 0.00000000 0.00000000 0.00000000 
18 0.00000000 0.05639381 0.00000000 0.00000000 0.00000000 0.00000000 0.00000000 0.49830253 0.23500566 0.21029800 0.00000000 
19 0.00000000 0.00000000 0.00000000 1.00000000 0.00000000 0.00000000 0.00000000 0.00000000 0.00000000 0.00000000 0.00000000 
21 0.00000000 0.00000000 1.00000000 0.00000000 0.00000000 0.00000000 0.00000000 0.00000000 0.00000000 0.00000000 0.00000000 
22 0.00000000 0.00000000 0.00000000 0.00000000 0.00000000 1.00000000 0.00000000 0.00000000 0.00000000 0.00000000 0.00000000 

workload distribution if node 7 fails:

1    2    3    4    5    6    8    9    10    11    12    
1 0.00000000 0.00000000 0.00000000 0.00000000 0.00000000 0.00000000 0.64391908 0.00000000 0.25322934 0.00000000 0.10285157 
2 1.00000000 0.00000000 0.00000000 0.00000000 0.00000000 0.00000000 0.00000000 0.00000000 0.00000000 0.00000000 0.00000000 
3 0.00000000 0.00000000 0.00000000 0.00000000 0.00000000 0.00000000 0.00000000 0.00000000 1.00000000 0.00000000 0.00000000 
4 0.88484848 0.00000000 0.11515152 0.00000000 0.00000000 0.00000000 0.00000000 0.00000000 0.00000000 0.00000000 0.00000000 
5 0.00000000 0.00000000 0.00000000 0.00000000 0.00000000 1.00000000 0.00000000 0.00000000 0.00000000 0.00000000 0.00000000 
6 0.00000000 0.00000000 0.00000000 0.00000000 0.00000000 0.00000000 0.00000000 0.00000000 0.00000000 0.00000000 1.00000000 
7 1.00000000 0.00000000 0.00000000 0.00000000 0.00000000 0.00000000 0.00000000 0.00000000 0.00000000 0.00000000 0.00000000 
8 1.00000000 0.00000000 0.00000000 0.00000000 0.00000000 0.00000000 0.00000000 0.00000000 0.00000000 0.00000000 0.00000000 
9 0.00000000 0.00000000 0.00000000 0.00000000 0.74359696 0.25640304 0.00000000 0.00000000 0.00000000 0.00000000 0.00000000 
10 0.00000000 0.00000000 0.00000000 0.00000000 0.00000000 0.00000000 0.00000000 0.00000000 0.00000000 0.00000000 1.00000000 
11 0.00000000 1.00000000 0.00000000 0.00000000 0.00000000 0.00000000 0.00000000 0.00000000 0.00000000 0.00000000 0.00000000 
12 0.00000000 0.00000000 1.00000000 0.00000000 0.00000000 0.00000000 0.00000000 0.00000000 0.00000000 0.00000000 0.00000000 
13 0.00000000 0.00000000 0.00000000 0.00000000 0.00000000 0.00000000 0.00000000 0.00000000 0.00000000 1.00000000 0.00000000 
14 0.46991037 0.00000000 0.00000000 0.17157490 0.00000000 0.35851472 0.00000000 0.00000000 0.00000000 0.00000000 0.00000000 
15 0.00000000 0.00000000 0.00000000 1.00000000 0.00000000 0.00000000 0.00000000 0.00000000 0.00000000 0.00000000 0.00000000 
16 0.00000000 1.00000000 0.00000000 0.00000000 0.00000000 0.00000000 0.00000000 0.00000000 0.00000000 0.00000000 0.00000000 
18 0.00000000 0.21199547 0.00000000 0.00000000 0.00000000 0.16578650 0.00000000 0.49830253 0.12391550 0.00000000 0.00000000 
19 0.00000000 0.00000000 0.00000000 1.00000000 0.00000000 0.00000000 0.00000000 0.00000000 0.00000000 0.00000000 0.00000000 
21 0.00000000 0.00000000 1.00000000 0.00000000 0.00000000 0.00000000 0.00000000 0.00000000 0.00000000 0.00000000 0.00000000 
22 0.00000000 0.00000000 0.00000000 0.00000000 0.00000000 0.00000000 0.00000000 0.00000000 0.00000000 0.66052934 0.33947066 

workload distribution if node 8 fails:

1    2    3    4    5    6    7    9    10    11    12    
1 0.00000000 0.00000000 0.00000000 0.00000000 0.00000000 0.00000000 0.00000000 0.00000000 0.35608092 0.00000000 0.64391908 
2 0.87393939 0.12606061 0.00000000 0.00000000 0.00000000 0.00000000 0.00000000 0.00000000 0.00000000 0.00000000 0.00000000 
3 0.00000000 0.00000000 0.00000000 0.00000000 0.00000000 0.00000000 0.00000000 0.00000000 1.00000000 0.00000000 0.00000000 
4 0.88484848 0.00000000 0.11515152 0.00000000 0.00000000 0.00000000 0.00000000 0.00000000 0.00000000 0.00000000 0.00000000 
5 0.00000000 0.00000000 0.00000000 0.00000000 0.00000000 1.00000000 0.00000000 0.00000000 0.00000000 0.00000000 0.00000000 
6 1.00000000 0.00000000 0.00000000 0.00000000 0.00000000 0.00000000 0.00000000 0.00000000 0.00000000 0.00000000 0.00000000 
7 0.00000000 0.00000000 0.00000000 0.00000000 0.00000000 1.00000000 0.00000000 0.00000000 0.00000000 0.00000000 0.00000000 
8 1.00000000 0.00000000 0.00000000 0.00000000 0.00000000 0.00000000 0.00000000 0.00000000 0.00000000 0.00000000 0.00000000 
9 0.00000000 0.00000000 0.00000000 0.00000000 0.74359696 0.25640304 0.00000000 0.00000000 0.00000000 0.00000000 0.00000000 
10 0.00000000 0.00000000 0.00000000 0.00000000 0.00000000 0.00000000 0.00000000 0.00000000 0.00000000 1.00000000 0.00000000 
11 0.00000000 1.00000000 0.00000000 0.00000000 0.00000000 0.00000000 0.00000000 0.00000000 0.00000000 0.00000000 0.00000000 
12 0.00000000 0.00000000 1.00000000 0.00000000 0.00000000 0.00000000 0.00000000 0.00000000 0.00000000 0.00000000 0.00000000 
13 0.00000000 0.00000000 0.00000000 0.00000000 0.00000000 0.00000000 0.85735010 0.00000000 0.00000000 0.14264990 0.00000000 
14 0.82842510 0.00000000 0.00000000 0.17157490 0.00000000 0.00000000 0.00000000 0.00000000 0.00000000 0.00000000 0.00000000 
15 0.00000000 0.00000000 0.00000000 1.00000000 0.00000000 0.00000000 0.00000000 0.00000000 0.00000000 0.00000000 0.00000000 
16 0.00000000 1.00000000 0.00000000 0.00000000 0.00000000 0.00000000 0.00000000 0.00000000 0.00000000 0.00000000 0.00000000 
18 0.00000000 0.19238023 0.00000000 0.00000000 0.00000000 0.05469634 0.00000000 0.49830253 0.04432290 0.21029800 0.00000000 
19 0.00000000 0.00000000 0.00000000 1.00000000 0.00000000 0.00000000 0.00000000 0.00000000 0.00000000 0.00000000 0.00000000 
21 0.00000000 0.00000000 1.00000000 0.00000000 0.00000000 0.00000000 0.00000000 0.00000000 0.00000000 0.00000000 0.00000000 
22 0.00000000 0.00000000 0.00000000 0.00000000 0.00000000 0.00000000 1.00000000 0.00000000 0.00000000 0.00000000 0.00000000 

workload distribution if node 9 fails:

1    2    3    4    5    6    7    8    10    11    12    
1 0.00000000 0.00000000 0.00000000 0.00000000 0.00000000 0.00000000 0.00000000 0.50767731 0.00000000 0.00000000 0.49232269 
2 1.00000000 0.00000000 0.00000000 0.00000000 0.00000000 0.00000000 0.00000000 0.00000000 0.00000000 0.00000000 0.00000000 
3 0.00000000 0.00000000 0.00000000 0.00000000 0.00000000 0.00000000 0.00000000 0.00000000 1.00000000 0.00000000 0.00000000 
4 0.88484848 0.00000000 0.11515152 0.00000000 0.00000000 0.00000000 0.00000000 0.00000000 0.00000000 0.00000000 0.00000000 
5 1.00000000 0.00000000 0.00000000 0.00000000 0.00000000 0.00000000 0.00000000 0.00000000 0.00000000 0.00000000 0.00000000 
6 0.00000000 0.00000000 0.00000000 0.19336219 0.00000000 0.00000000 0.00000000 0.80663781 0.00000000 0.00000000 0.00000000 
7 0.76409666 0.00000000 0.00000000 0.00000000 0.00000000 0.00000000 0.00000000 0.00000000 0.00000000 0.00000000 0.23590334 
8 1.00000000 0.00000000 0.00000000 0.00000000 0.00000000 0.00000000 0.00000000 0.00000000 0.00000000 0.00000000 0.00000000 
9 0.00000000 0.00000000 0.00000000 0.00000000 0.74359696 0.25640304 0.00000000 0.00000000 0.00000000 0.00000000 0.00000000 
10 0.00000000 0.00000000 0.00000000 0.00000000 0.00000000 0.00000000 0.00000000 0.00000000 0.00000000 0.66152597 0.33847403 
11 0.00000000 1.00000000 0.00000000 0.00000000 0.00000000 0.00000000 0.00000000 0.00000000 0.00000000 0.00000000 0.00000000 
12 0.00000000 0.00000000 1.00000000 0.00000000 0.00000000 0.00000000 0.00000000 0.00000000 0.00000000 0.00000000 0.00000000 
13 0.00000000 0.00000000 0.00000000 0.00000000 0.00000000 0.00000000 0.85735010 0.00000000 0.00000000 0.14264990 0.00000000 
14 0.00000000 0.00000000 0.00000000 0.00000000 0.00000000 1.00000000 0.00000000 0.00000000 0.00000000 0.00000000 0.00000000 
15 0.00000000 0.00000000 0.00000000 1.00000000 0.00000000 0.00000000 0.00000000 0.00000000 0.00000000 0.00000000 0.00000000 
16 0.00000000 1.00000000 0.00000000 0.00000000 0.00000000 0.00000000 0.00000000 0.00000000 0.00000000 0.00000000 0.00000000 
18 0.00000000 0.21199547 0.00000000 0.00000000 0.00000000 0.17917767 0.00000000 0.00000000 0.31987929 0.28894757 0.00000000 
19 0.00000000 0.00000000 0.00000000 1.00000000 0.00000000 0.00000000 0.00000000 0.00000000 0.00000000 0.00000000 0.00000000 
21 0.00000000 0.00000000 1.00000000 0.00000000 0.00000000 0.00000000 0.00000000 0.00000000 0.00000000 0.00000000 0.00000000 
22 0.00000000 0.00000000 0.00000000 0.00000000 0.00000000 0.00000000 1.00000000 0.00000000 0.00000000 0.00000000 0.00000000 

workload distribution if node 10 fails:

1    2    3    4    5    6    7    8    9    11    12    
1 0.00000000 0.00000000 0.00000000 0.00000000 0.00000000 0.00000000 0.00000000 0.64391908 0.00000000 0.00000000 0.35608092 
2 1.00000000 0.00000000 0.00000000 0.00000000 0.00000000 0.00000000 0.00000000 0.00000000 0.00000000 0.00000000 0.00000000 
3 0.00000000 0.00000000 0.00000000 0.00000000 0.00000000 0.00000000 0.00000000 0.00000000 0.00000000 0.00000000 1.00000000 
4 0.64848485 0.00000000 0.35151515 0.00000000 0.00000000 0.00000000 0.00000000 0.00000000 0.00000000 0.00000000 0.00000000 
5 1.00000000 0.00000000 0.00000000 0.00000000 0.00000000 0.00000000 0.00000000 0.00000000 0.00000000 0.00000000 0.00000000 
6 0.00000000 0.00000000 0.00000000 0.19336219 0.00000000 0.46753247 0.00000000 0.00000000 0.00000000 0.00000000 0.33910534 
7 0.00000000 0.00000000 0.00000000 0.00000000 0.00000000 1.00000000 0.00000000 0.00000000 0.00000000 0.00000000 0.00000000 
8 1.00000000 0.00000000 0.00000000 0.00000000 0.00000000 0.00000000 0.00000000 0.00000000 0.00000000 0.00000000 0.00000000 
9 0.00000000 0.00000000 0.00000000 0.00000000 0.71066704 0.28933296 0.00000000 0.00000000 0.00000000 0.00000000 0.00000000 
10 0.00000000 0.00000000 0.00000000 0.00000000 0.00000000 0.00000000 0.00000000 0.00000000 0.00000000 1.00000000 0.00000000 
11 0.00000000 1.00000000 0.00000000 0.00000000 0.00000000 0.00000000 0.00000000 0.00000000 0.00000000 0.00000000 0.00000000 
12 0.00000000 0.00000000 1.00000000 0.00000000 0.00000000 0.00000000 0.00000000 0.00000000 0.00000000 0.00000000 0.00000000 
13 0.00000000 0.00000000 0.00000000 0.00000000 0.00000000 0.00000000 0.85735010 0.00000000 0.00000000 0.14264990 0.00000000 
14 1.00000000 0.00000000 0.00000000 0.00000000 0.00000000 0.00000000 0.00000000 0.00000000 0.00000000 0.00000000 0.00000000 
15 0.00000000 0.00000000 0.00000000 1.00000000 0.00000000 0.00000000 0.00000000 0.00000000 0.00000000 0.00000000 0.00000000 
16 0.00000000 1.00000000 0.00000000 0.00000000 0.00000000 0.00000000 0.00000000 0.00000000 0.00000000 0.00000000 0.00000000 
18 0.00000000 0.21199547 0.00000000 0.00000000 0.00000000 0.07940400 0.00000000 0.00000000 0.49830253 0.21029800 0.00000000 
19 0.00000000 0.00000000 0.00000000 1.00000000 0.00000000 0.00000000 0.00000000 0.00000000 0.00000000 0.00000000 0.00000000 
21 0.00000000 0.00000000 0.92456480 0.00000000 0.07543520 0.00000000 0.00000000 0.00000000 0.00000000 0.00000000 0.00000000 
22 0.00000000 0.00000000 0.00000000 0.00000000 0.00000000 0.00000000 1.00000000 0.00000000 0.00000000 0.00000000 0.00000000 

workload distribution if node 11 fails:

1    2    3    4    5    6    7    8    9    10    12    
1 0.00000000 0.00000000 0.00000000 0.00000000 0.00000000 0.00000000 0.00000000 0.64391908 0.00000000 0.22373873 0.13234219 
2 0.66060606 0.33939394 0.00000000 0.00000000 0.00000000 0.00000000 0.00000000 0.00000000 0.00000000 0.00000000 0.00000000 
3 0.00000000 0.00000000 0.00000000 0.00000000 0.00000000 0.00000000 0.00000000 0.00000000 0.00000000 1.00000000 0.00000000 
4 0.88484848 0.00000000 0.11515152 0.00000000 0.00000000 0.00000000 0.00000000 0.00000000 0.00000000 0.00000000 0.00000000 
5 0.00000000 0.00000000 0.00000000 0.00000000 0.00000000 0.00000000 0.00000000 0.00000000 0.00000000 0.00000000 1.00000000 
6 0.00000000 0.00000000 0.00000000 0.00000000 0.00000000 1.00000000 0.00000000 0.00000000 0.00000000 0.00000000 0.00000000 
7 1.00000000 0.00000000 0.00000000 0.00000000 0.00000000 0.00000000 0.00000000 0.00000000 0.00000000 0.00000000 0.00000000 
8 1.00000000 0.00000000 0.00000000 0.00000000 0.00000000 0.00000000 0.00000000 0.00000000 0.00000000 0.00000000 0.00000000 
9 0.00000000 0.00000000 0.00000000 0.00000000 0.74359696 0.25640304 0.00000000 0.00000000 0.00000000 0.00000000 0.00000000 
10 0.00000000 0.00000000 0.00000000 0.00000000 0.00000000 0.00000000 0.00000000 0.00000000 0.00000000 0.00000000 1.00000000 
11 0.00000000 1.00000000 0.00000000 0.00000000 0.00000000 0.00000000 0.00000000 0.00000000 0.00000000 0.00000000 0.00000000 
12 0.00000000 0.00000000 1.00000000 0.00000000 0.00000000 0.00000000 0.00000000 0.00000000 0.00000000 0.00000000 0.00000000 
13 0.00000000 0.00000000 0.00000000 0.00000000 0.00000000 0.00000000 1.00000000 0.00000000 0.00000000 0.00000000 0.00000000 
14 0.82842510 0.00000000 0.00000000 0.17157490 0.00000000 0.00000000 0.00000000 0.00000000 0.00000000 0.00000000 0.00000000 
15 0.00000000 0.00000000 0.00000000 1.00000000 0.00000000 0.00000000 0.00000000 0.00000000 0.00000000 0.00000000 0.00000000 
16 0.00000000 1.00000000 0.00000000 0.00000000 0.00000000 0.00000000 0.00000000 0.00000000 0.00000000 0.00000000 0.00000000 
18 0.00000000 0.15918521 0.00000000 0.00000000 0.00000000 0.19577518 0.00000000 0.00000000 0.49830253 0.14673708 0.00000000 
19 0.00000000 0.00000000 0.00000000 1.00000000 0.00000000 0.00000000 0.00000000 0.00000000 0.00000000 0.00000000 0.00000000 
21 0.00000000 0.00000000 1.00000000 0.00000000 0.00000000 0.00000000 0.00000000 0.00000000 0.00000000 0.00000000 0.00000000 
22 0.00000000 0.00000000 0.00000000 0.00000000 0.00000000 0.00000000 0.66052934 0.00000000 0.00000000 0.00000000 0.33947066 

workload distribution if node 12 fails:

1    2    3    4    5    6    7    8    9    10    11    
1 0.00000000 0.00000000 0.00000000 0.00000000 0.00000000 0.00000000 0.00000000 0.64391908 0.00000000 0.35608092 0.00000000 
2 0.18060606 0.81939394 0.00000000 0.00000000 0.00000000 0.00000000 0.00000000 0.00000000 0.00000000 0.00000000 0.00000000 
3 0.00000000 0.00000000 0.00000000 0.00000000 0.00000000 0.00000000 0.00000000 0.00000000 0.00000000 1.00000000 0.00000000 
4 0.88484848 0.00000000 0.11515152 0.00000000 0.00000000 0.00000000 0.00000000 0.00000000 0.00000000 0.00000000 0.00000000 
5 1.00000000 0.00000000 0.00000000 0.00000000 0.00000000 0.00000000 0.00000000 0.00000000 0.00000000 0.00000000 0.00000000 
6 1.00000000 0.00000000 0.00000000 0.00000000 0.00000000 0.00000000 0.00000000 0.00000000 0.00000000 0.00000000 0.00000000 
7 0.00000000 0.00000000 0.00000000 0.00000000 0.00000000 1.00000000 0.00000000 0.00000000 0.00000000 0.00000000 0.00000000 
8 1.00000000 0.00000000 0.00000000 0.00000000 0.00000000 0.00000000 0.00000000 0.00000000 0.00000000 0.00000000 0.00000000 
9 0.00000000 0.00000000 0.00000000 0.00000000 0.74359696 0.25640304 0.00000000 0.00000000 0.00000000 0.00000000 0.00000000 
10 0.00000000 0.00000000 0.00000000 0.00000000 0.00000000 0.00000000 0.00000000 0.00000000 0.00000000 0.00000000 1.00000000 
11 0.00000000 1.00000000 0.00000000 0.00000000 0.00000000 0.00000000 0.00000000 0.00000000 0.00000000 0.00000000 0.00000000 
12 0.00000000 0.00000000 1.00000000 0.00000000 0.00000000 0.00000000 0.00000000 0.00000000 0.00000000 0.00000000 0.00000000 
13 0.00000000 0.00000000 0.00000000 0.00000000 0.00000000 0.00000000 0.85735010 0.00000000 0.00000000 0.00000000 0.14264990 
14 0.82842510 0.00000000 0.00000000 0.17157490 0.00000000 0.00000000 0.00000000 0.00000000 0.00000000 0.00000000 0.00000000 
15 0.00000000 0.00000000 0.00000000 1.00000000 0.00000000 0.00000000 0.00000000 0.00000000 0.00000000 0.00000000 0.00000000 
16 0.00000000 1.00000000 0.00000000 0.00000000 0.00000000 0.00000000 0.00000000 0.00000000 0.00000000 0.00000000 0.00000000 
18 0.00000000 0.08449642 0.00000000 0.00000000 0.00000000 0.16258016 0.00000000 0.00000000 0.49830253 0.04432290 0.21029800 
19 0.00000000 0.00000000 0.00000000 1.00000000 0.00000000 0.00000000 0.00000000 0.00000000 0.00000000 0.00000000 0.00000000 
21 0.00000000 0.00000000 1.00000000 0.00000000 0.00000000 0.00000000 0.00000000 0.00000000 0.00000000 0.00000000 0.00000000 
22 0.00000000 0.00000000 0.00000000 0.00000000 0.00000000 0.00000000 1.00000000 0.00000000 0.00000000 0.00000000 0.00000000 



zz_test [*] :=
 1  1
 2  1
 3  1
 4  1
 5  1
 6  1
 7  1
 8  1
 9  1
10  1
11  1
12  1
13  1
14  1
15  1
16  1
18  1
19  1
21  1
22  1
;

K_test [*] :=
 1  0.0833333
 2  0.0833333
 3  0.0833333
 4  0.0833333
 5  0.0833333
 6  0.0833333
 7  0.0833333
 8  0.0833333
 9  0.0833333
10  0.0833333
11  0.0833333
12  0.0833333
;

zz2_test [*,*]
:    1   2   3   4   5   6   7   8   9  10  11  12    :=
1    1   1   1   1   1   1   1   1   1   1   1   1
2    1   1   1   1   1   1   1   1   1   1   1   1
3    1   1   1   1   1   1   1   1   1   1   1   1
4    1   1   1   1   1   1   1   1   1   1   1   1
5    1   1   1   1   1   1   1   1   1   1   1   1
6    1   1   1   1   1   1   1   1   1   1   1   1
7    1   1   1   1   1   1   1   1   1   1   1   1
8    1   1   1   1   1   1   1   1   1   1   1   1
9    1   1   1   1   1   1   1   1   1   1   1   1
10   1   1   1   1   1   1   1   1   1   1   1   1
11   1   1   1   1   1   1   1   1   1   1   1   1
12   1   1   1   1   1   1   1   1   1   1   1   1
13   1   1   1   1   1   1   1   1   1   1   1   1
14   1   1   1   1   1   1   1   1   1   1   1   1
15   1   1   1   1   1   1   1   1   1   1   1   1
16   1   1   1   1   1   1   1   1   1   1   1   1
18   1   1   1   1   1   1   1   1   1   1   1   1
19   1   1   1   1   1   1   1   1   1   1   1   1
21   1   1   1   1   1   1   1   1   1   1   1   1
22   1   1   1   1   1   1   1   1   1   1   1   1
;

K2_test [*,*]
:        1           2           3           4           5           6       :=
1     .          0.0909091   0.0909091   0.0909091   0.0909091   0.0909091
2    0.0909091    .          0.0909091   0.0909091   0.0909091   0.0909091
3    0.0909091   0.0909091    .          0.0909091   0.0909091   0.0909091
4    0.0909091   0.0909091   0.0909091    .          0.0909091   0.0909091
5    0.0909091   0.0909091   0.0909091   0.0909091    .          0.0909091
6    0.0909091   0.0909091   0.0909091   0.0909091   0.0909091    .
7    0.0909091   0.0909091   0.0909091   0.0909091   0.0909091   0.0909091
8    0.0909091   0.0909091   0.0909091   0.0909091   0.0909091   0.0909091
9    0.0909091   0.0909091   0.0909091   0.0909091   0.0909091   0.0909091
10   0.0909091   0.0909091   0.0909091   0.0909091   0.0909091   0.0909091
11   0.0909091   0.0909091   0.0909091   0.0909091   0.0909091   0.0909091
12   0.0909091   0.0909091   0.0909091   0.0909091   0.0909091   0.0909091

:        7           8           9          10          11          12       :=
1    0.0909091   0.0909091   0.0909091   0.0909091   0.0909091   0.0909091
2    0.0909091   0.0909091   0.0909091   0.0909091   0.0909091   0.0909091
3    0.0909091   0.0909091   0.0909091   0.0909091   0.0909091   0.0909091
4    0.0909091   0.0909091   0.0909091   0.0909091   0.0909091   0.0909091
5    0.0909091   0.0909091   0.0909091   0.0909091   0.0909091   0.0909091
6    0.0909091   0.0909091   0.0909091   0.0909091   0.0909091   0.0909091
7     .          0.0909091   0.0909091   0.0909091   0.0909091   0.0909091
8    0.0909091    .          0.0909091   0.0909091   0.0909091   0.0909091
9    0.0909091   0.0909091    .          0.0909091   0.0909091   0.0909091
10   0.0909091   0.0909091   0.0909091    .          0.0909091   0.0909091
11   0.0909091   0.0909091   0.0909091   0.0909091    .          0.0909091
12   0.0909091   0.0909091   0.0909091   0.0909091   0.0909091    .
;

zz2 [*,1,*]
:        2          3          4          5          6          7         8  :=
1    0           0          0          0          0          0         0.643919
2    1           0          0          0          0          0         0
3    0           0          0          0          0          0         0
4    0           1          0          0          0          0         0
5    0           0          0          0          1          0         0
6    0           0          0          0          0          0         0
7    0           0          0          0          0          0         0
8    0           0          0          0          1          0         0
9    0           0          0          0.620321   0.379679   0         0
10   0           0          0          0          0          0         0
11   1           0          0          0          0          0         0
12   0           1          0          0          0          0         0
13   0           0          0          0          0          0.85735   0
14   0           0          1          0          0          0         0
15   0           0          0.573781   0          0          0         0
16   1           0          0          0          0          0         0
18   0.0563938   0          0          0          0.109015   0         0
19   0           0          1          0          0          0         0
21   0           0.717602   0          0.282398   0          0         0
22   0           0          0          0          0          1         0

:       9          10          11         12       :=
1    0          0.0816476   0          0.274433
2    0          0           0          0
3    0          1           0          0
4    0          0           0          0
5    0          0           0          0
6    0          1           0          0
7    0          0           0          1
8    0          0           0          0
9    0          0           0          0
10   0          0           1          0
11   0          0           0          0
12   0          0           0          0
13   0          0           0.14265    0
14   0          0           0          0
15   0          0           0          0.426219
16   0          0           0          0
18   0.498303   0.12599     0.210298   0
19   0          0           0          0
21   0          0           0          0
22   0          0           0          0

 [*,2,*]
:       1          3          4          5           6          7         8  :=
1    0          0          0          0          0           0         0.643919
2    1          0          0          0          0           0         0
3    0          0          0          0          0           0         0
4    0          1          0          0          0           0         0
5    0.772727   0          0          0          0           0         0
6    0          0          0          0          0           0         0
7    0          0          0          0          0           0         0
8    1          0          0          0          0           0         0
9    0          0          0          0.539825   0.460175    0         0
10   0          0          0          0          0           0         0
11   0          0          0          1          0           0         0
12   0          1          0          0          0           0         0
13   0          0          0          0          0           0.85735   0
14   0          0          0.171575   0          0.828425    0         0
15   0          0          1          0          0           0         0
16   1          0          0          0          0           0         0
18   0          0          0          0          0.0678989   0         0
19   0          0          1          0          0           0         0
21   0          0.717602   0          0.282398   0           0         0
22   0          0          0          0          0           1         0

:       9          10         11         12       :=
1    0          0          0          0.356081
2    0          0          0          0
3    0          1          0          0
4    0          0          0          0
5    0          0          0          0.227273
6    0          1          0          0
7    0          0          0          1
8    0          0          0          0
9    0          0          0          0
10   0          0          0.852273   0.147727
11   0          0          0          0
12   0          0          0          0
13   0          0          0.14265    0
14   0          0          0          0
15   0          0          0          0
16   0          0          0          0
18   0.498303   0.189174   0.244625   0
19   0          0          0          0
21   0          0          0          0
22   0          0          0          0

 [*,3,*]
:        1           2          4          5           6          7       :=
1    0           0           0          0          0           0
2    0           1           0          0          0           0
3    0           0           0          0          0           0
4    1           0           0          0          0           0
5    0           0           0          0          0           0
6    0           0           0          0          0           0
7    0           0           0          0          0           0
8    1           0           0          0          0           0
9    0.0909091   0           0          0.307064   0.602026    0
10   0           0           0          0          0           0
11   0           1           0          0          0           0
12   1           0           0          0          0           0
13   0           0           0          0          0           0.85735
14   0           0           1          0          0           0
15   0           0           1          0          0           0
16   0           1           0          0          0           0
18   0           0.0563938   0          0          0.0948699   0
19   0.653535    0           0.346465   0          0           0
21   0           0           0          1          0           0
22   0           0           0          0          0           1

:       8          9          10         11         12       :=
1    0.475018   0          0.232269   0          0.292713
2    0          0          0          0          0
3    0          0          1          0          0
4    0          0          0          0          0
5    0          0          0          0          1
6    1          0          0          0          0
7    0          0          0          0          1
8    0          0          0          0          0
9    0          0          0          0          0
10   0          0          0          1          0
11   0          0          0          0          0
12   0          0          0          0          0
13   0          0          0          0.14265    0
14   0          0          0          0          0
15   0          0          0          0          0
16   0          0          0          0          0
18   0          0.498303   0.140136   0.210298   0
19   0          0          0          0          0
21   0          0          0          0          0
22   0          0          0          0          0

 [*,4,*]
:       1           2          3          5          6          7         8  :=
1    0          0           0          0          0          0         0.643919
2    0          1           0          0          0          0         0
3    0          0           0          0          0          0         0
4    0          0           1          0          0          0         0
5    0          0           0          0          0          0         0
6    0          0           0          0          0          0         0
7    0          0           0          0          0          0         0
8    0          0           0          0          1          0         0
9    0          0           0          0.620321   0.379679   0         0
10   0          0           0          0          0          0         0
11   0          1           0          0          0          0         0
12   0          0           1          0          0          0         0
13   0          0           0          0          0          0.85735   0
14   1          0           0          0          0          0         0
15   0.573781   0           0          0          0          0         0
16   0          1           0          0          0          0         0
18   0          0.0563938   0          0          0.216899   0         0
19   1          0           0          0          0          0         0
21   0          0           0.717602   0.282398   0          0         0
22   0          0           0          0          0          1         0

:       9          10          11         12       :=
1    0          0.221058    0          0.135023
2    0          0           0          0
3    0          1           0          0
4    0          0           0          0
5    0          0           0          1
6    0          1           0          0
7    0          0           0          1
8    0          0           0          0
9    0          0           0          0
10   0          0           1          0
11   0          0           0          0
12   0          0           0          0
13   0          0           0.14265    0
14   0          0           0          0
15   0          0           0          0.426219
16   0          0           0          0
18   0.498303   0.0181064   0.210298   0
19   0          0           0          0
21   0          0           0          0
22   0          0           0          0

 [*,5,*]
:       1          2          3          4          6          7         8   :=
1    0          0          0          0          0          0         0.475018
2    1          0          0          0          0          0         0
3    0          0          0          0          0          0         0
4    0.884848   0          0.115152   0          0          0         0
5    0          0          0          0          0          0         0
6    0          0          0          0          0          0         1
7    0          0          0          0          0          0         0
8    1          0          0          0          0          0         0
9    0.256403   0          0          0          0.743597   0         0
10   0          0          0          0          0          0         0
11   0          1          0          0          0          0         0
12   0          0          1          0          0          0         0
13   0          0          0          0          0          0.85735   0
14   0          0          0          1          0          0         0
15   0          0          0          0.787879   0          0         0
16   0          1          0          0          0          0         0
18   0          0.211995   0          0          0          0         0
19   0.328283   0          0          0.671717   0          0         0
21   0          0          1          0          0          0         0
22   0          0          0          0          0          1         0

:       9          10         11         12       :=
1    0          0.310748   0          0.214233
2    0          0          0          0
3    0          1          0          0
4    0          0          0          0
5    0          0          0          1
6    0          0          0          0
7    0          0          0          1
8    0          0          0          0
9    0          0          0          0
10   0          0          1          0
11   0          0          0          0
12   0          0          0          0
13   0          0          0.14265    0
14   0          0          0          0
15   0          0          0          0.212121
16   0          0          0          0
18   0.498303   0.079404   0.210298   0
19   0          0          0          0
21   0          0          0          0
22   0          0          0          0

 [*,6,*]
:       1           2          3          4          5          7         8  :=
1    0          0           0          0          0          0         0.475018
2    0          1           0          0          0          0         0
3    0          0           0          0          0          0         0
4    0.884848   0           0.115152   0          0          0         0
5    0          0           0          0          0          0         0
6    0          0           0          0          0          0         1
7    0.578826   0           0          0          0          0         0
8    1          0           0          0          0          0         0
9    0.256403   0           0          0          0.743597   0         0
10   0          0           0          0          0          0         0
11   0          1           0          0          0          0         0
12   0          0           1          0          0          0         0
13   0          0           0          0          0          0.85735   0
14   0.828425   0           0          0.171575   0          0         0
15   0          0           0          1          0          0         0
16   0          1           0          0          0          0         0
18   0          0.0563938   0          0          0          0         0
19   0          0           0          1          0          0         0
21   0          0           1          0          0          0         0
22   0          0           0          0          0          1         0

:       9          10         11         12       :=
1    0          0.109676   0          0.415306
2    0          0          0          0
3    0          1          0          0
4    0          0          0          0
5    0          0          0          1
6    0          0          0          0
7    0          0          0          0.421174
8    0          0          0          0
9    0          0          0          0
10   0          0          1          0
11   0          0          0          0
12   0          0          0          0
13   0          0          0.14265    0
14   0          0          0          0
15   0          0          0          0
16   0          0          0          0
18   0.498303   0.235006   0.210298   0
19   0          0          0          0
21   0          0          0          0
22   0          0          0          0

 [*,7,*]
:       1          2          3          4          5          6          8  :=
1    0          0          0          0          0          0          0.643919
2    1          0          0          0          0          0          0
3    0          0          0          0          0          0          0
4    0.884848   0          0.115152   0          0          0          0
5    0          0          0          0          0          1          0
6    0          0          0          0          0          0          0
7    1          0          0          0          0          0          0
8    1          0          0          0          0          0          0
9    0          0          0          0          0.743597   0.256403   0
10   0          0          0          0          0          0          0
11   0          1          0          0          0          0          0
12   0          0          1          0          0          0          0
13   0          0          0          0          0          0          0
14   0.46991    0          0          0.171575   0          0.358515   0
15   0          0          0          1          0          0          0
16   0          1          0          0          0          0          0
18   0          0.211995   0          0          0          0.165786   0
19   0          0          0          1          0          0          0
21   0          0          1          0          0          0          0
22   0          0          0          0          0          0          0

:       9          10         11         12       :=
1    0          0.253229   0          0.102852
2    0          0          0          0
3    0          1          0          0
4    0          0          0          0
5    0          0          0          0
6    0          0          0          1
7    0          0          0          0
8    0          0          0          0
9    0          0          0          0
10   0          0          0          1
11   0          0          0          0
12   0          0          0          0
13   0          0          1          0
14   0          0          0          0
15   0          0          0          0
16   0          0          0          0
18   0.498303   0.123916   0          0
19   0          0          0          0
21   0          0          0          0
22   0          0          0.660529   0.339471

 [*,8,*]
:       1          2          3          4          5           6          7 :=
1    0          0          0          0          0          0           0
2    0.873939   0.126061   0          0          0          0           0
3    0          0          0          0          0          0           0
4    0.884848   0          0.115152   0          0          0           0
5    0          0          0          0          0          1           0
6    1          0          0          0          0          0           0
7    0          0          0          0          0          1           0
8    1          0          0          0          0          0           0
9    0          0          0          0          0.743597   0.256403    0
10   0          0          0          0          0          0           0
11   0          1          0          0          0          0           0
12   0          0          1          0          0          0           0
13   0          0          0          0          0          0           0.85735
14   0.828425   0          0          0.171575   0          0           0
15   0          0          0          1          0          0           0
16   0          1          0          0          0          0           0
18   0          0.19238    0          0          0          0.0546963   0
19   0          0          0          1          0          0           0
21   0          0          1          0          0          0           0
22   0          0          0          0          0          0           1

:       9          10          11         12       :=
1    0          0.356081    0          0.643919
2    0          0           0          0
3    0          1           0          0
4    0          0           0          0
5    0          0           0          0
6    0          0           0          0
7    0          0           0          0
8    0          0           0          0
9    0          0           0          0
10   0          0           1          0
11   0          0           0          0
12   0          0           0          0
13   0          0           0.14265    0
14   0          0           0          0
15   0          0           0          0
16   0          0           0          0
18   0.498303   0.0443229   0.210298   0
19   0          0           0          0
21   0          0           0          0
22   0          0           0          0

 [*,9,*]
:       1          2          3          4          5          6          7  :=
1    0          0          0          0          0          0          0
2    1          0          0          0          0          0          0
3    0          0          0          0          0          0          0
4    0.884848   0          0.115152   0          0          0          0
5    1          0          0          0          0          0          0
6    0          0          0          0.193362   0          0          0
7    0.764097   0          0          0          0          0          0
8    1          0          0          0          0          0          0
9    0          0          0          0          0.743597   0.256403   0
10   0          0          0          0          0          0          0
11   0          1          0          0          0          0          0
12   0          0          1          0          0          0          0
13   0          0          0          0          0          0          0.85735
14   0          0          0          0          0          1          0
15   0          0          0          1          0          0          0
16   0          1          0          0          0          0          0
18   0          0.211995   0          0          0          0.179178   0
19   0          0          0          1          0          0          0
21   0          0          1          0          0          0          0
22   0          0          0          0          0          0          1

:       8          10         11         12       :=
1    0.507677   0          0          0.492323
2    0          0          0          0
3    0          1          0          0
4    0          0          0          0
5    0          0          0          0
6    0.806638   0          0          0
7    0          0          0          0.235903
8    0          0          0          0
9    0          0          0          0
10   0          0          0.661526   0.338474
11   0          0          0          0
12   0          0          0          0
13   0          0          0.14265    0
14   0          0          0          0
15   0          0          0          0
16   0          0          0          0
18   0          0.319879   0.288948   0
19   0          0          0          0
21   0          0          0          0
22   0          0          0          0

 [*,10,*]
:       1          2          3          4           5          6          7 :=
1    0          0          0          0          0           0          0
2    1          0          0          0          0           0          0
3    0          0          0          0          0           0          0
4    0.648485   0          0.351515   0          0           0          0
5    1          0          0          0          0           0          0
6    0          0          0          0.193362   0           0.467532   0
7    0          0          0          0          0           1          0
8    1          0          0          0          0           0          0
9    0          0          0          0          0.710667    0.289333   0
10   0          0          0          0          0           0          0
11   0          1          0          0          0           0          0
12   0          0          1          0          0           0          0
13   0          0          0          0          0           0          0.85735
14   1          0          0          0          0           0          0
15   0          0          0          1          0           0          0
16   0          1          0          0          0           0          0
18   0          0.211995   0          0          0           0.079404   0
19   0          0          0          1          0           0          0
21   0          0          0.924565   0          0.0754352   0          0
22   0          0          0          0          0           0          1

:       8          9          11         12       :=
1    0.643919   0          0          0.356081
2    0          0          0          0
3    0          0          0          1
4    0          0          0          0
5    0          0          0          0
6    0          0          0          0.339105
7    0          0          0          0
8    0          0          0          0
9    0          0          0          0
10   0          0          1          0
11   0          0          0          0
12   0          0          0          0
13   0          0          0.14265    0
14   0          0          0          0
15   0          0          0          0
16   0          0          0          0
18   0          0.498303   0.210298   0
19   0          0          0          0
21   0          0          0          0
22   0          0          0          0

 [*,11,*]
:       1          2          3          4          5          6          7  :=
1    0          0          0          0          0          0          0
2    0.660606   0.339394   0          0          0          0          0
3    0          0          0          0          0          0          0
4    0.884848   0          0.115152   0          0          0          0
5    0          0          0          0          0          0          0
6    0          0          0          0          0          1          0
7    1          0          0          0          0          0          0
8    1          0          0          0          0          0          0
9    0          0          0          0          0.743597   0.256403   0
10   0          0          0          0          0          0          0
11   0          1          0          0          0          0          0
12   0          0          1          0          0          0          0
13   0          0          0          0          0          0          1
14   0.828425   0          0          0.171575   0          0          0
15   0          0          0          1          0          0          0
16   0          1          0          0          0          0          0
18   0          0.159185   0          0          0          0.195775   0
19   0          0          0          1          0          0          0
21   0          0          1          0          0          0          0
22   0          0          0          0          0          0          0.660529

:       8          9          10         12       :=
1    0.643919   0          0.223739   0.132342
2    0          0          0          0
3    0          0          1          0
4    0          0          0          0
5    0          0          0          1
6    0          0          0          0
7    0          0          0          0
8    0          0          0          0
9    0          0          0          0
10   0          0          0          1
11   0          0          0          0
12   0          0          0          0
13   0          0          0          0
14   0          0          0          0
15   0          0          0          0
16   0          0          0          0
18   0          0.498303   0.146737   0
19   0          0          0          0
21   0          0          0          0
22   0          0          0          0.339471

 [*,12,*]
:       1           2          3          4          5          6          7 :=
1    0          0           0          0          0          0          0
2    0.180606   0.819394    0          0          0          0          0
3    0          0           0          0          0          0          0
4    0.884848   0           0.115152   0          0          0          0
5    1          0           0          0          0          0          0
6    1          0           0          0          0          0          0
7    0          0           0          0          0          1          0
8    1          0           0          0          0          0          0
9    0          0           0          0          0.743597   0.256403   0
10   0          0           0          0          0          0          0
11   0          1           0          0          0          0          0
12   0          0           1          0          0          0          0
13   0          0           0          0          0          0          0.85735
14   0.828425   0           0          0.171575   0          0          0
15   0          0           0          1          0          0          0
16   0          1           0          0          0          0          0
18   0          0.0844964   0          0          0          0.16258    0
19   0          0           0          1          0          0          0
21   0          0           1          0          0          0          0
22   0          0           0          0          0          0          1

:       8          9          10          11       :=
1    0.643919   0          0.356081    0
2    0          0          0           0
3    0          0          1           0
4    0          0          0           0
5    0          0          0           0
6    0          0          0           0
7    0          0          0           0
8    0          0          0           0
9    0          0          0           0
10   0          0          0           1
11   0          0          0           0
12   0          0          0           0
13   0          0          0           0.14265
14   0          0          0           0
15   0          0          0           0
16   0          0          0           0
18   0          0.498303   0.0443229   0.210298
19   0          0          0           0
21   0          0          0           0
22   0          0          0           0
;

