K=6, W/V=3.4680746, K=6, time:0.266

ca [*] :=
1  6
;

fragment allocation x on node k:

1    2    3    4    5    6    
0 1 1 1 0 0 0 
1 0 1 1 0 0 0 
2 0 1 1 0 0 0 
3 1 1 1 0 0 0 
4 1 1 1 0 0 0 
5 1 1 1 0 0 0 
6 1 0 1 0 0 0 
7 0 0 0 0 0 0 
8 0 0 0 0 0 0 
9 1 1 1 0 1 0 
10 1 1 1 0 1 0 
11 0 0 0 0 0 0 
12 1 1 1 1 1 0 
13 1 1 1 1 1 0 
14 1 1 1 0 1 0 
15 0 0 0 0 0 0 
16 1 1 1 0 1 0 
17 1 1 1 0 1 0 
18 1 1 1 0 1 0 
19 1 1 1 0 1 0 
20 1 1 1 0 1 0 
21 0 1 1 0 0 0 
22 0 1 1 0 0 0 
23 1 1 1 1 1 1 
24 1 1 0 1 1 0 
25 0 0 0 1 1 0 
26 1 1 1 1 1 0 
27 0 0 0 1 1 1 
28 0 0 0 1 1 1 
29 0 0 0 1 1 0 
30 0 0 0 1 1 0 
31 0 1 1 0 0 0 
32 0 1 1 0 0 0 
33 0 1 1 0 0 0 
34 0 1 1 0 0 0 
35 0 0 0 0 0 0 
36 1 1 1 1 1 1 
37 1 1 1 1 1 1 
38 1 0 1 0 0 0 
39 1 1 0 1 1 0 
40 1 1 1 1 1 0 
41 1 0 1 0 0 0 
42 0 0 0 0 0 0 
43 0 0 0 1 1 0 
44 0 0 0 0 1 1 
45 1 1 1 1 1 0 
46 1 1 1 0 0 0 
47 1 1 1 0 1 0 
48 0 0 0 0 0 0 
49 1 1 1 1 1 1 
50 1 1 1 1 1 1 
51 1 1 1 1 1 1 
52 0 0 0 1 1 1 
53 0 0 0 1 1 1 
54 0 0 0 1 1 1 
55 1 0 1 1 1 1 
56 1 0 1 0 0 0 
57 1 0 1 0 0 0 
58 1 0 1 0 0 0 
59 1 0 1 0 0 0 

query feasibility y on node k:

1    2    3    4    5    6    
1 0 0 0 1 1 1 
2 0 1 1 0 0 0 
3 0 0 0 1 1 0 
4 1 0 1 0 0 0 
5 0 1 1 0 1 0 
6 1 0 1 1 1 1 
7 1 0 1 0 0 0 
8 1 1 1 0 0 0 
9 0 1 1 0 0 0 
10 0 0 0 1 1 0 
11 0 1 1 0 0 0 
12 1 0 1 0 0 0 
13 0 0 0 0 1 1 
14 1 0 1 0 0 0 
15 1 0 1 0 1 0 
16 0 1 1 0 0 0 
18 1 1 0 1 1 0 
19 1 0 1 0 0 0 
21 1 0 1 0 0 0 
22 0 0 0 1 1 1 

workload distribution ohne node failure:

1    2    3    4    5    6    
1 0.00000000 0.00000000 0.00000000 0.00000000 0.53529937 0.46470063 
2 0.00000000 1.00000000 0.00000000 0.00000000 0.00000000 0.00000000 
3 0.00000000 0.00000000 0.00000000 1.00000000 0.00000000 0.00000000 
4 1.00000000 0.00000000 0.00000000 0.00000000 0.00000000 0.00000000 
5 0.00000000 1.00000000 0.00000000 0.00000000 0.00000000 0.00000000 
6 1.00000000 0.00000000 0.00000000 0.00000000 0.00000000 0.00000000 
7 1.00000000 0.00000000 0.00000000 0.00000000 0.00000000 0.00000000 
8 0.00000000 1.00000000 0.00000000 0.00000000 0.00000000 0.00000000 
9 0.00000000 0.50257998 0.49742002 0.00000000 0.00000000 0.00000000 
10 0.00000000 0.00000000 0.00000000 1.00000000 0.00000000 0.00000000 
11 0.00000000 1.00000000 0.00000000 0.00000000 0.00000000 0.00000000 
12 0.00000000 0.00000000 1.00000000 0.00000000 0.00000000 0.00000000 
13 0.00000000 0.00000000 0.00000000 0.00000000 0.00000000 1.00000000 
14 1.00000000 0.00000000 0.00000000 0.00000000 0.00000000 0.00000000 
15 0.99275362 0.00000000 0.00000000 0.00000000 0.00724638 0.00000000 
16 0.00000000 1.00000000 0.00000000 0.00000000 0.00000000 0.00000000 
18 0.00000000 0.00000000 0.00000000 0.50276625 0.49723375 0.00000000 
19 0.00000000 0.00000000 1.00000000 0.00000000 0.00000000 0.00000000 
21 0.32151300 0.00000000 0.67848700 0.00000000 0.00000000 0.00000000 
22 0.00000000 0.00000000 0.00000000 0.00000000 0.00000000 1.00000000 

workload distribution if node 1 fails:

2    3    4    5    6    
1 0.00000000 0.00000000 0.00000000 0.00000000 1.00000000 
2 1.00000000 0.00000000 0.00000000 0.00000000 0.00000000 
3 0.00000000 0.00000000 1.00000000 0.00000000 0.00000000 
4 0.00000000 1.00000000 0.00000000 0.00000000 0.00000000 
5 0.00000000 0.00000000 0.00000000 1.00000000 0.00000000 
6 0.00000000 0.00000000 1.00000000 0.00000000 0.00000000 
7 0.00000000 1.00000000 0.00000000 0.00000000 0.00000000 
8 1.00000000 0.00000000 0.00000000 0.00000000 0.00000000 
9 0.95975232 0.04024768 0.00000000 0.00000000 0.00000000 
10 0.00000000 0.00000000 1.00000000 0.00000000 0.00000000 
11 1.00000000 0.00000000 0.00000000 0.00000000 0.00000000 
12 0.00000000 1.00000000 0.00000000 0.00000000 0.00000000 
13 0.00000000 0.00000000 0.00000000 0.31914894 0.68085106 
14 0.00000000 1.00000000 0.00000000 0.00000000 0.00000000 
15 0.00000000 0.00000000 0.00000000 1.00000000 0.00000000 
16 1.00000000 0.00000000 0.00000000 0.00000000 0.00000000 
18 0.00000000 0.00000000 0.40663900 0.59336100 0.00000000 
19 0.00000000 1.00000000 0.00000000 0.00000000 0.00000000 
21 0.00000000 1.00000000 0.00000000 0.00000000 0.00000000 
22 0.00000000 0.00000000 1.00000000 0.00000000 0.00000000 

workload distribution if node 2 fails:

1    3    4    5    6    
1 0.00000000 0.00000000 0.00000000 0.00000000 1.00000000 
2 0.00000000 1.00000000 0.00000000 0.00000000 0.00000000 
3 0.00000000 0.00000000 1.00000000 0.00000000 0.00000000 
4 1.00000000 0.00000000 0.00000000 0.00000000 0.00000000 
5 0.00000000 0.00000000 0.00000000 1.00000000 0.00000000 
6 0.00000000 0.00000000 0.00000000 1.00000000 0.00000000 
7 1.00000000 0.00000000 0.00000000 0.00000000 0.00000000 
8 1.00000000 0.00000000 0.00000000 0.00000000 0.00000000 
9 0.00000000 1.00000000 0.00000000 0.00000000 0.00000000 
10 0.00000000 0.00000000 1.00000000 0.00000000 0.00000000 
11 0.00000000 1.00000000 0.00000000 0.00000000 0.00000000 
12 1.00000000 0.00000000 0.00000000 0.00000000 0.00000000 
13 0.00000000 0.00000000 0.00000000 0.31914894 0.68085106 
14 1.00000000 0.00000000 0.00000000 0.00000000 0.00000000 
15 0.00000000 0.00000000 0.00000000 1.00000000 0.00000000 
16 0.00000000 1.00000000 0.00000000 0.00000000 0.00000000 
18 0.00000000 0.00000000 0.53734440 0.46265560 0.00000000 
19 1.00000000 0.00000000 0.00000000 0.00000000 0.00000000 
21 1.00000000 0.00000000 0.00000000 0.00000000 0.00000000 
22 0.00000000 0.00000000 1.00000000 0.00000000 0.00000000 

workload distribution if node 3 fails:

1    2    4    5    6    
1 0.00000000 0.00000000 0.00000000 0.00000000 1.00000000 
2 0.00000000 1.00000000 0.00000000 0.00000000 0.00000000 
3 0.00000000 0.00000000 1.00000000 0.00000000 0.00000000 
4 1.00000000 0.00000000 0.00000000 0.00000000 0.00000000 
5 0.00000000 0.00000000 0.00000000 1.00000000 0.00000000 
6 0.00000000 0.00000000 1.00000000 0.00000000 0.00000000 
7 1.00000000 0.00000000 0.00000000 0.00000000 0.00000000 
8 1.00000000 0.00000000 0.00000000 0.00000000 0.00000000 
9 0.00000000 1.00000000 0.00000000 0.00000000 0.00000000 
10 0.00000000 0.00000000 1.00000000 0.00000000 0.00000000 
11 0.00000000 1.00000000 0.00000000 0.00000000 0.00000000 
12 1.00000000 0.00000000 0.00000000 0.00000000 0.00000000 
13 0.00000000 0.00000000 0.00000000 0.31914894 0.68085106 
14 1.00000000 0.00000000 0.00000000 0.00000000 0.00000000 
15 0.00000000 0.00000000 0.00000000 1.00000000 0.00000000 
16 0.00000000 1.00000000 0.00000000 0.00000000 0.00000000 
18 0.00000000 0.00000000 0.40663900 0.59336100 0.00000000 
19 1.00000000 0.00000000 0.00000000 0.00000000 0.00000000 
21 1.00000000 0.00000000 0.00000000 0.00000000 0.00000000 
22 0.00000000 0.00000000 1.00000000 0.00000000 0.00000000 

workload distribution if node 4 fails:

1    2    3    5    6    
1 0.00000000 0.00000000 0.00000000 0.06702413 0.93297587 
2 0.00000000 1.00000000 0.00000000 0.00000000 0.00000000 
3 0.00000000 0.00000000 0.00000000 1.00000000 0.00000000 
4 1.00000000 0.00000000 0.00000000 0.00000000 0.00000000 
5 0.00000000 1.00000000 0.00000000 0.00000000 0.00000000 
6 1.00000000 0.00000000 0.00000000 0.00000000 0.00000000 
7 1.00000000 0.00000000 0.00000000 0.00000000 0.00000000 
8 0.00000000 1.00000000 0.00000000 0.00000000 0.00000000 
9 0.00000000 0.00000000 1.00000000 0.00000000 0.00000000 
10 0.00000000 0.00000000 0.00000000 1.00000000 0.00000000 
11 0.00000000 1.00000000 0.00000000 0.00000000 0.00000000 
12 0.00000000 0.00000000 1.00000000 0.00000000 0.00000000 
13 0.00000000 0.00000000 0.00000000 0.00000000 1.00000000 
14 1.00000000 0.00000000 0.00000000 0.00000000 0.00000000 
15 1.00000000 0.00000000 0.00000000 0.00000000 0.00000000 
16 0.00000000 1.00000000 0.00000000 0.00000000 0.00000000 
18 0.00000000 0.51452282 0.00000000 0.48547718 0.00000000 
19 0.00000000 0.00000000 1.00000000 0.00000000 0.00000000 
21 0.79432624 0.00000000 0.20567376 0.00000000 0.00000000 
22 0.00000000 0.00000000 0.00000000 1.00000000 0.00000000 

workload distribution if node 5 fails:

1    2    3    4    6    
1 0.00000000 0.00000000 0.00000000 0.16890080 0.83109920 
2 0.00000000 1.00000000 0.00000000 0.00000000 0.00000000 
3 0.00000000 0.00000000 0.00000000 1.00000000 0.00000000 
4 1.00000000 0.00000000 0.00000000 0.00000000 0.00000000 
5 0.00000000 1.00000000 0.00000000 0.00000000 0.00000000 
6 1.00000000 0.00000000 0.00000000 0.00000000 0.00000000 
7 1.00000000 0.00000000 0.00000000 0.00000000 0.00000000 
8 0.00000000 1.00000000 0.00000000 0.00000000 0.00000000 
9 0.00000000 0.00000000 1.00000000 0.00000000 0.00000000 
10 0.00000000 0.00000000 0.00000000 1.00000000 0.00000000 
11 0.00000000 1.00000000 0.00000000 0.00000000 0.00000000 
12 0.00000000 0.00000000 1.00000000 0.00000000 0.00000000 
13 0.00000000 0.00000000 0.00000000 0.00000000 1.00000000 
14 1.00000000 0.00000000 0.00000000 0.00000000 0.00000000 
15 1.00000000 0.00000000 0.00000000 0.00000000 0.00000000 
16 0.00000000 1.00000000 0.00000000 0.00000000 0.00000000 
18 0.05809129 0.53526971 0.00000000 0.40663900 0.00000000 
19 0.00000000 0.00000000 1.00000000 0.00000000 0.00000000 
21 0.79432624 0.00000000 0.20567376 0.00000000 0.00000000 
22 0.00000000 0.00000000 0.00000000 1.00000000 0.00000000 

workload distribution if node 6 fails:

1    2    3    4    5    
1 0.00000000 0.00000000 0.00000000 0.33780161 0.66219839 
2 0.00000000 1.00000000 0.00000000 0.00000000 0.00000000 
3 0.00000000 0.00000000 0.00000000 1.00000000 0.00000000 
4 1.00000000 0.00000000 0.00000000 0.00000000 0.00000000 
5 0.00000000 1.00000000 0.00000000 0.00000000 0.00000000 
6 0.00000000 0.00000000 0.00000000 0.00000000 1.00000000 
7 1.00000000 0.00000000 0.00000000 0.00000000 0.00000000 
8 0.00000000 1.00000000 0.00000000 0.00000000 0.00000000 
9 0.00000000 0.34674923 0.65325077 0.00000000 0.00000000 
10 0.00000000 0.00000000 0.00000000 1.00000000 0.00000000 
11 0.00000000 1.00000000 0.00000000 0.00000000 0.00000000 
12 0.00000000 0.00000000 1.00000000 0.00000000 0.00000000 
13 0.00000000 0.00000000 0.00000000 0.00000000 1.00000000 
14 1.00000000 0.00000000 0.00000000 0.00000000 0.00000000 
15 1.00000000 0.00000000 0.00000000 0.00000000 0.00000000 
16 0.00000000 1.00000000 0.00000000 0.00000000 0.00000000 
18 0.42116183 0.30290456 0.00000000 0.27593361 0.00000000 
19 0.00000000 0.00000000 1.00000000 0.00000000 0.00000000 
21 0.00000000 0.00000000 1.00000000 0.00000000 0.00000000 
22 0.00000000 0.00000000 0.00000000 1.00000000 0.00000000 



zz_test [*] :=
 1  1
 2  1
 3  1
 4  1
 5  1
 6  1
 7  1
 8  1
 9  1
10  1
11  1
12  1
13  1
14  1
15  1
16  1
18  1
19  1
21  1
22  1
;

K_test [*] :=
1  0.166667
2  0.166667
3  0.166667
4  0.166667
5  0.166667
6  0.166667
;

zz2_test [*,*]
:    1   2   3   4   5   6    :=
1    1   1   1   1   1   1
2    1   1   1   1   1   1
3    1   1   1   1   1   1
4    1   1   1   1   1   1
5    1   1   1   1   1   1
6    1   1   1   1   1   1
7    1   1   1   1   1   1
8    1   1   1   1   1   1
9    1   1   1   1   1   1
10   1   1   1   1   1   1
11   1   1   1   1   1   1
12   1   1   1   1   1   1
13   1   1   1   1   1   1
14   1   1   1   1   1   1
15   1   1   1   1   1   1
16   1   1   1   1   1   1
18   1   1   1   1   1   1
19   1   1   1   1   1   1
21   1   1   1   1   1   1
22   1   1   1   1   1   1
;

K2_test [*,*]
:      1          2          3          4          5          6        :=
1    .         0.202877   0.201741   0.202877   0.202877   0.189629
2   0.201741    .         0.202877   0.202877   0.202877   0.189629
3   0.201741   0.202877    .         0.202877   0.202877   0.189629
4   0.192279   0.199092   0.202877    .         0.202877   0.202877
5   0.202877   0.202877   0.202877   0.202877    .         0.188494
6   0.202877   0.202877   0.202877   0.202877   0.188494    .
;

zz2 [*,1,*]
:       2           3          4          5          6        :=
1    0          0           0          0          1
2    1          0           0          0          0
3    0          0           1          0          0
4    0          1           0          0          0
5    0          0           0          1          0
6    0          0           1          0          0
7    0          1           0          0          0
8    1          0           0          0          0
9    0.959752   0.0402477   0          0          0
10   0          0           1          0          0
11   1          0           0          0          0
12   0          1           0          0          0
13   0          0           0          0.319149   0.680851
14   0          1           0          0          0
15   0          0           0          1          0
16   1          0           0          0          0
18   0          0           0.406639   0.593361   0
19   0          1           0          0          0
21   0          1           0          0          0
22   0          0           1          0          0

 [*,2,*]
:    1   3      4          5          6        :=
1    0   0   0          0          1
2    0   1   0          0          0
3    0   0   1          0          0
4    1   0   0          0          0
5    0   0   0          1          0
6    0   0   0          1          0
7    1   0   0          0          0
8    1   0   0          0          0
9    0   1   0          0          0
10   0   0   1          0          0
11   0   1   0          0          0
12   1   0   0          0          0
13   0   0   0          0.319149   0.680851
14   1   0   0          0          0
15   0   0   0          1          0
16   0   1   0          0          0
18   0   0   0.537344   0.462656   0
19   1   0   0          0          0
21   1   0   0          0          0
22   0   0   1          0          0

 [*,3,*]
:    1   2      4          5          6        :=
1    0   0   0          0          1
2    0   1   0          0          0
3    0   0   1          0          0
4    1   0   0          0          0
5    0   0   0          1          0
6    0   0   1          0          0
7    1   0   0          0          0
8    1   0   0          0          0
9    0   1   0          0          0
10   0   0   1          0          0
11   0   1   0          0          0
12   1   0   0          0          0
13   0   0   0          0.319149   0.680851
14   1   0   0          0          0
15   0   0   0          1          0
16   0   1   0          0          0
18   0   0   0.406639   0.593361   0
19   1   0   0          0          0
21   1   0   0          0          0
22   0   0   1          0          0

 [*,4,*]
:       1          2          3           5          6        :=
1    0          0          0          0.0670241   0.932976
2    0          1          0          0           0
3    0          0          0          1           0
4    1          0          0          0           0
5    0          1          0          0           0
6    1          0          0          0           0
7    1          0          0          0           0
8    0          1          0          0           0
9    0          0          1          0           0
10   0          0          0          1           0
11   0          1          0          0           0
12   0          0          1          0           0
13   0          0          0          0           1
14   1          0          0          0           0
15   1          0          0          0           0
16   0          1          0          0           0
18   0          0.514523   0          0.485477    0
19   0          0          1          0           0
21   0.794326   0          0.205674   0           0
22   0          0          0          1           0

 [*,5,*]
:        1          2         3          4          6        :=
1    0           0         0          0.168901   0.831099
2    0           1         0          0          0
3    0           0         0          1          0
4    1           0         0          0          0
5    0           1         0          0          0
6    1           0         0          0          0
7    1           0         0          0          0
8    0           1         0          0          0
9    0           0         1          0          0
10   0           0         0          1          0
11   0           1         0          0          0
12   0           0         1          0          0
13   0           0         0          0          1
14   1           0         0          0          0
15   1           0         0          0          0
16   0           1         0          0          0
18   0.0580913   0.53527   0          0.406639   0
19   0           0         1          0          0
21   0.794326    0         0.205674   0          0
22   0           0         0          1          0

 [*,6,*]
:       1          2          3          4          5        :=
1    0          0          0          0.337802   0.662198
2    0          1          0          0          0
3    0          0          0          1          0
4    1          0          0          0          0
5    0          1          0          0          0
6    0          0          0          0          1
7    1          0          0          0          0
8    0          1          0          0          0
9    0          0.346749   0.653251   0          0
10   0          0          0          1          0
11   0          1          0          0          0
12   0          0          1          0          0
13   0          0          0          0          1
14   1          0          0          0          0
15   1          0          0          0          0
16   0          1          0          0          0
18   0.421162   0.302905   0          0.275934   0
19   0          0          1          0          0
21   0          0          1          0          0
22   0          0          0          1          0
;

