K=14, W/V=5.3169307, K=14, time:1.750

ca [*] :=
1  14
;

fragment allocation x on node k:

1    2    3    4    5    6    7    8    9    10    11    12    13    14    
0 1 1 0 1 0 1 1 0 0 0 0 0 0 0 
1 1 1 0 1 0 0 0 0 0 0 0 0 0 0 
2 0 0 0 1 0 1 0 0 0 0 0 0 0 0 
3 0 0 0 1 0 1 1 0 0 0 0 0 0 0 
4 0 1 0 1 0 1 1 0 0 0 0 0 0 0 
5 0 0 0 1 0 1 1 0 0 0 0 0 0 0 
6 0 0 0 1 0 0 1 0 0 0 0 0 0 0 
7 0 0 0 0 0 0 0 0 0 0 0 0 0 0 
8 0 0 0 0 0 0 0 0 0 0 0 0 0 0 
9 0 1 1 1 0 1 0 0 0 0 0 0 0 0 
10 0 1 1 1 0 1 0 0 0 0 0 0 0 0 
11 0 0 0 0 0 0 0 0 0 0 0 0 0 0 
12 1 1 1 1 1 1 0 1 0 0 0 1 0 0 
13 1 1 1 1 1 1 0 1 0 0 0 1 0 0 
14 0 1 1 1 0 1 0 0 0 0 0 0 0 0 
15 0 0 0 0 0 0 0 0 0 0 0 0 0 0 
16 1 1 1 1 1 1 1 1 0 0 0 0 0 0 
17 0 0 1 1 1 1 1 0 0 0 0 0 0 0 
18 0 0 1 1 0 1 1 0 0 0 0 0 0 0 
19 1 1 1 1 1 1 0 1 0 0 0 0 0 0 
20 0 0 1 1 0 1 1 0 0 0 0 0 0 0 
21 0 0 0 1 0 1 0 0 0 0 0 0 0 0 
22 0 0 0 1 0 1 0 0 0 0 0 0 0 0 
23 0 1 1 1 0 0 0 1 0 1 1 1 1 1 
24 0 1 0 1 0 0 0 1 0 1 1 1 0 0 
25 0 0 0 0 0 0 0 1 0 0 0 1 0 0 
26 0 1 1 1 0 0 0 1 0 0 0 1 0 0 
27 0 0 0 0 0 0 0 1 0 0 0 1 1 1 
28 0 0 0 0 0 0 0 1 0 0 0 1 1 1 
29 0 0 0 0 0 0 0 1 0 0 0 1 0 0 
30 0 0 0 0 0 0 0 1 0 0 0 1 0 0 
31 1 1 0 1 0 1 0 0 0 0 0 0 0 0 
32 1 1 0 1 0 1 0 0 0 0 0 0 0 0 
33 1 0 0 0 0 1 0 0 0 0 0 0 0 0 
34 1 1 0 1 0 1 0 0 0 0 0 0 0 0 
35 0 0 0 0 0 0 0 0 0 0 0 0 0 0 
36 1 1 1 1 1 0 0 1 0 1 1 1 1 0 
37 0 1 1 1 0 0 0 1 0 1 1 1 1 1 
38 0 0 1 0 1 0 0 0 0 0 0 0 0 0 
39 0 1 0 1 0 0 0 1 0 1 1 0 0 0 
40 1 1 1 1 1 0 0 1 0 1 1 1 0 0 
41 0 0 0 1 1 0 0 0 0 0 0 0 0 0 
42 0 0 0 0 0 0 0 0 0 0 0 0 0 0 
43 0 0 0 0 0 0 0 1 0 0 0 1 0 0 
44 0 0 0 0 0 0 0 0 0 1 0 0 1 0 
45 1 1 1 1 1 0 0 1 0 1 1 1 0 0 
46 1 1 0 1 0 1 1 0 0 0 0 0 0 0 
47 1 1 1 1 1 0 1 1 0 0 0 0 0 0 
48 0 0 0 0 0 0 0 0 0 0 0 0 0 0 
49 1 1 0 1 0 0 1 1 1 1 1 0 0 1 
50 1 1 1 1 0 1 1 1 1 0 0 1 0 1 
51 1 1 1 1 0 1 1 1 1 0 0 1 0 1 
52 0 0 0 0 0 0 0 1 1 0 0 0 0 1 
53 0 0 0 0 0 0 0 1 1 0 0 1 0 1 
54 0 0 0 0 0 0 0 1 1 0 0 0 0 1 
55 0 0 1 1 1 1 1 1 1 0 0 1 0 1 
56 0 0 1 1 1 0 0 0 0 0 0 0 0 0 
57 0 0 1 1 1 0 0 0 0 0 0 0 0 0 
58 0 0 0 1 0 0 1 0 0 0 0 0 0 0 
59 0 0 0 1 1 0 1 0 0 0 0 0 0 0 

query feasibility y on node k:

1    2    3    4    5    6    7    8    9    10    11    12    13    14    
1 0 0 0 0 0 0 0 1 1 0 0 0 0 1 
2 0 0 0 1 0 1 0 0 0 0 0 0 0 0 
3 0 0 0 0 0 0 0 1 0 0 0 1 0 0 
4 0 0 0 1 1 0 0 0 0 0 0 0 0 0 
5 0 1 1 1 0 0 0 0 0 0 0 0 0 0 
6 0 0 0 1 0 0 1 1 1 0 0 0 0 1 
7 0 0 1 1 0 0 0 1 0 0 0 0 0 0 
8 0 1 0 1 0 0 0 0 0 0 0 0 0 0 
9 1 1 0 1 0 0 0 0 0 0 0 0 0 0 
10 0 0 0 0 0 0 0 1 0 0 0 1 0 0 
11 1 0 0 0 0 1 0 0 0 0 0 0 0 0 
12 0 0 0 1 1 0 0 0 0 0 0 0 0 0 
13 0 0 0 0 0 0 0 0 0 1 0 0 1 0 
14 0 0 0 1 0 1 1 0 0 0 0 0 0 0 
15 0 0 1 1 0 0 1 0 0 0 0 0 0 0 
16 0 0 0 1 0 1 0 0 0 0 0 0 0 0 
18 0 1 0 1 0 0 0 1 0 1 1 0 0 0 
19 0 0 0 1 0 0 1 0 0 0 0 0 0 0 
21 0 0 1 0 1 0 0 0 0 0 0 0 0 0 
22 0 0 0 0 0 0 0 1 0 0 0 1 1 1 

workload distribution ohne node failure:

1    2    3    4    5    6    7    8    9    10    11    12    13    14    
1 0.00000000 0.00000000 0.00000000 0.00000000 0.00000000 0.00000000 0.00000000 0.19800843 0.50593642 0.00000000 0.00000000 0.00000000 0.00000000 0.29605515 
2 0.00000000 0.00000000 0.00000000 0.00000000 0.00000000 1.00000000 0.00000000 0.00000000 0.00000000 0.00000000 0.00000000 0.00000000 0.00000000 0.00000000 
3 0.00000000 0.00000000 0.00000000 0.00000000 0.00000000 0.00000000 0.00000000 0.00000000 0.00000000 0.00000000 0.00000000 1.00000000 0.00000000 0.00000000 
4 0.00000000 0.00000000 0.00000000 0.00000000 1.00000000 0.00000000 0.00000000 0.00000000 0.00000000 0.00000000 0.00000000 0.00000000 0.00000000 0.00000000 
5 0.00000000 1.00000000 0.00000000 0.00000000 0.00000000 0.00000000 0.00000000 0.00000000 0.00000000 0.00000000 0.00000000 0.00000000 0.00000000 0.00000000 
6 0.00000000 0.00000000 0.00000000 0.00000000 0.00000000 0.00000000 0.00000000 1.00000000 0.00000000 0.00000000 0.00000000 0.00000000 0.00000000 0.00000000 
7 0.00000000 0.00000000 1.00000000 0.00000000 0.00000000 0.00000000 0.00000000 0.00000000 0.00000000 0.00000000 0.00000000 0.00000000 0.00000000 0.00000000 
8 0.00000000 1.00000000 0.00000000 0.00000000 0.00000000 0.00000000 0.00000000 0.00000000 0.00000000 0.00000000 0.00000000 0.00000000 0.00000000 0.00000000 
9 0.50375940 0.38301636 0.00000000 0.11322424 0.00000000 0.00000000 0.00000000 0.00000000 0.00000000 0.00000000 0.00000000 0.00000000 0.00000000 0.00000000 
10 0.00000000 0.00000000 0.00000000 0.00000000 0.00000000 0.00000000 0.00000000 0.08290816 0.00000000 0.00000000 0.00000000 0.91709184 0.00000000 0.00000000 
11 1.00000000 0.00000000 0.00000000 0.00000000 0.00000000 0.00000000 0.00000000 0.00000000 0.00000000 0.00000000 0.00000000 0.00000000 0.00000000 0.00000000 
12 0.00000000 0.00000000 0.00000000 0.00000000 1.00000000 0.00000000 0.00000000 0.00000000 0.00000000 0.00000000 0.00000000 0.00000000 0.00000000 0.00000000 
13 0.00000000 0.00000000 0.00000000 0.00000000 0.00000000 0.00000000 0.00000000 0.00000000 0.00000000 0.00000000 0.00000000 0.00000000 1.00000000 0.00000000 
14 0.00000000 0.00000000 0.00000000 0.97585513 0.00000000 0.02414487 0.00000000 0.00000000 0.00000000 0.00000000 0.00000000 0.00000000 0.00000000 0.00000000 
15 0.00000000 0.00000000 0.13354037 0.00000000 0.00000000 0.00000000 0.86645963 0.00000000 0.00000000 0.00000000 0.00000000 0.00000000 0.00000000 0.00000000 
16 0.00000000 0.00000000 0.00000000 0.00000000 0.00000000 1.00000000 0.00000000 0.00000000 0.00000000 0.00000000 0.00000000 0.00000000 0.00000000 0.00000000 
18 0.00000000 0.00000000 0.00000000 0.12863071 0.00000000 0.00000000 0.00000000 0.08832247 0.00000000 0.39152341 0.39152341 0.00000000 0.00000000 0.00000000 
19 0.00000000 0.00000000 0.00000000 0.23174603 0.00000000 0.00000000 0.76825397 0.00000000 0.00000000 0.00000000 0.00000000 0.00000000 0.00000000 0.00000000 
21 0.00000000 0.00000000 0.64741641 0.00000000 0.35258359 0.00000000 0.00000000 0.00000000 0.00000000 0.00000000 0.00000000 0.00000000 0.00000000 0.00000000 
22 0.00000000 0.00000000 0.00000000 0.00000000 0.00000000 0.00000000 0.00000000 0.00000000 0.00000000 0.00000000 0.00000000 0.00000000 0.00904159 0.99095841 

workload distribution if node 1 fails:

2    3    4    5    6    7    8    9    10    11    12    13    14    
1 0.00000000 0.00000000 0.00000000 0.00000000 0.00000000 0.00000000 0.00000000 0.54485461 0.00000000 0.00000000 0.00000000 0.00000000 0.45514539 
2 0.00000000 0.00000000 0.00000000 0.00000000 1.00000000 0.00000000 0.00000000 0.00000000 0.00000000 0.00000000 0.00000000 0.00000000 0.00000000 
3 0.00000000 0.00000000 0.00000000 0.00000000 0.00000000 0.00000000 0.00000000 0.00000000 0.00000000 0.00000000 1.00000000 0.00000000 0.00000000 
4 0.00000000 0.00000000 1.00000000 0.00000000 0.00000000 0.00000000 0.00000000 0.00000000 0.00000000 0.00000000 0.00000000 0.00000000 0.00000000 
5 0.30177515 0.69822485 0.00000000 0.00000000 0.00000000 0.00000000 0.00000000 0.00000000 0.00000000 0.00000000 0.00000000 0.00000000 0.00000000 
6 0.00000000 0.00000000 0.00000000 0.00000000 0.00000000 0.00000000 1.00000000 0.00000000 0.00000000 0.00000000 0.00000000 0.00000000 0.00000000 
7 0.00000000 0.49853944 0.00000000 0.00000000 0.00000000 0.00000000 0.50146056 0.00000000 0.00000000 0.00000000 0.00000000 0.00000000 0.00000000 
8 1.00000000 0.00000000 0.00000000 0.00000000 0.00000000 0.00000000 0.00000000 0.00000000 0.00000000 0.00000000 0.00000000 0.00000000 0.00000000 
9 0.54036675 0.00000000 0.45963325 0.00000000 0.00000000 0.00000000 0.00000000 0.00000000 0.00000000 0.00000000 0.00000000 0.00000000 0.00000000 
10 0.00000000 0.00000000 0.00000000 0.00000000 0.00000000 0.00000000 0.00000000 0.00000000 0.00000000 0.00000000 1.00000000 0.00000000 0.00000000 
11 0.00000000 0.00000000 0.00000000 0.00000000 1.00000000 0.00000000 0.00000000 0.00000000 0.00000000 0.00000000 0.00000000 0.00000000 0.00000000 
12 0.00000000 0.00000000 0.00000000 1.00000000 0.00000000 0.00000000 0.00000000 0.00000000 0.00000000 0.00000000 0.00000000 0.00000000 0.00000000 
13 0.00000000 0.00000000 0.00000000 0.00000000 0.00000000 0.00000000 0.00000000 0.00000000 0.00000000 0.00000000 0.00000000 1.00000000 0.00000000 
14 0.00000000 0.00000000 0.00000000 0.00000000 0.00000000 1.00000000 0.00000000 0.00000000 0.00000000 0.00000000 0.00000000 0.00000000 0.00000000 
15 0.00000000 0.69397993 0.00000000 0.00000000 0.00000000 0.30602007 0.00000000 0.00000000 0.00000000 0.00000000 0.00000000 0.00000000 0.00000000 
16 0.00000000 0.00000000 0.08722527 0.00000000 0.91277473 0.00000000 0.00000000 0.00000000 0.00000000 0.00000000 0.00000000 0.00000000 0.00000000 
18 0.00000000 0.00000000 0.00000000 0.00000000 0.00000000 0.00000000 0.15671880 0.00000000 0.42164060 0.42164060 0.00000000 0.00000000 0.00000000 
19 0.00000000 0.00000000 0.00000000 0.00000000 0.00000000 1.00000000 0.00000000 0.00000000 0.00000000 0.00000000 0.00000000 0.00000000 0.00000000 
21 0.00000000 0.22531369 0.00000000 0.77468631 0.00000000 0.00000000 0.00000000 0.00000000 0.00000000 0.00000000 0.00000000 0.00000000 0.00000000 
22 0.00000000 0.00000000 0.00000000 0.00000000 0.00000000 0.00000000 0.31742941 0.00000000 0.00000000 0.00000000 0.06621227 0.19279455 0.42356378 

workload distribution if node 2 fails:

1    3    4    5    6    7    8    9    10    11    12    13    14    
1 0.00000000 0.00000000 0.00000000 0.00000000 0.00000000 0.00000000 0.00000000 0.54485461 0.00000000 0.00000000 0.00000000 0.00000000 0.45514539 
2 0.00000000 0.00000000 0.00000000 0.00000000 1.00000000 0.00000000 0.00000000 0.00000000 0.00000000 0.00000000 0.00000000 0.00000000 0.00000000 
3 0.00000000 0.00000000 0.00000000 0.00000000 0.00000000 0.00000000 0.00000000 0.00000000 0.00000000 0.00000000 1.00000000 0.00000000 0.00000000 
4 0.00000000 0.00000000 0.98803419 0.01196581 0.00000000 0.00000000 0.00000000 0.00000000 0.00000000 0.00000000 0.00000000 0.00000000 0.00000000 
5 0.00000000 1.00000000 0.00000000 0.00000000 0.00000000 0.00000000 0.00000000 0.00000000 0.00000000 0.00000000 0.00000000 0.00000000 0.00000000 
6 0.00000000 0.00000000 0.00000000 0.00000000 0.00000000 0.00000000 1.00000000 0.00000000 0.00000000 0.00000000 0.00000000 0.00000000 0.00000000 
7 0.00000000 0.49853944 0.00000000 0.00000000 0.00000000 0.00000000 0.50146056 0.00000000 0.00000000 0.00000000 0.00000000 0.00000000 0.00000000 
8 0.00000000 0.00000000 1.00000000 0.00000000 0.00000000 0.00000000 0.00000000 0.00000000 0.00000000 0.00000000 0.00000000 0.00000000 0.00000000 
9 0.54870207 0.00000000 0.45129793 0.00000000 0.00000000 0.00000000 0.00000000 0.00000000 0.00000000 0.00000000 0.00000000 0.00000000 0.00000000 
10 0.00000000 0.00000000 0.00000000 0.00000000 0.00000000 0.00000000 0.00000000 0.00000000 0.00000000 0.00000000 1.00000000 0.00000000 0.00000000 
11 1.00000000 0.00000000 0.00000000 0.00000000 0.00000000 0.00000000 0.00000000 0.00000000 0.00000000 0.00000000 0.00000000 0.00000000 0.00000000 
12 0.00000000 0.00000000 0.00000000 1.00000000 0.00000000 0.00000000 0.00000000 0.00000000 0.00000000 0.00000000 0.00000000 0.00000000 0.00000000 
13 0.00000000 0.00000000 0.00000000 0.00000000 0.00000000 0.00000000 0.00000000 0.00000000 0.00000000 0.00000000 0.00000000 1.00000000 0.00000000 
14 0.00000000 0.00000000 0.00000000 0.00000000 0.22860238 0.77139762 0.00000000 0.00000000 0.00000000 0.00000000 0.00000000 0.00000000 0.00000000 
15 0.00000000 0.57636566 0.00000000 0.00000000 0.00000000 0.42363434 0.00000000 0.00000000 0.00000000 0.00000000 0.00000000 0.00000000 0.00000000 
16 0.00000000 0.00000000 0.00000000 0.00000000 1.00000000 0.00000000 0.00000000 0.00000000 0.00000000 0.00000000 0.00000000 0.00000000 0.00000000 
18 0.00000000 0.00000000 0.00000000 0.00000000 0.00000000 0.00000000 0.15671880 0.00000000 0.42164060 0.42164060 0.00000000 0.00000000 0.00000000 
19 0.00000000 0.00000000 0.00000000 0.00000000 0.00000000 1.00000000 0.00000000 0.00000000 0.00000000 0.00000000 0.00000000 0.00000000 0.00000000 
21 0.00000000 0.22913257 0.00000000 0.77086743 0.00000000 0.00000000 0.00000000 0.00000000 0.00000000 0.00000000 0.00000000 0.00000000 0.00000000 
22 0.00000000 0.00000000 0.00000000 0.00000000 0.00000000 0.00000000 0.31742941 0.00000000 0.00000000 0.00000000 0.06621227 0.19279455 0.42356378 

workload distribution if node 3 fails:

1    2    4    5    6    7    8    9    10    11    12    13    14    
1 0.00000000 0.00000000 0.00000000 0.00000000 0.00000000 0.00000000 0.00000000 0.54485461 0.00000000 0.00000000 0.00000000 0.00000000 0.45514539 
2 0.00000000 0.00000000 0.00000000 0.00000000 1.00000000 0.00000000 0.00000000 0.00000000 0.00000000 0.00000000 0.00000000 0.00000000 0.00000000 
3 0.00000000 0.00000000 0.00000000 0.00000000 0.00000000 0.00000000 0.00000000 0.00000000 0.00000000 0.00000000 1.00000000 0.00000000 0.00000000 
4 0.00000000 0.00000000 1.00000000 0.00000000 0.00000000 0.00000000 0.00000000 0.00000000 0.00000000 0.00000000 0.00000000 0.00000000 0.00000000 
5 0.00000000 1.00000000 0.00000000 0.00000000 0.00000000 0.00000000 0.00000000 0.00000000 0.00000000 0.00000000 0.00000000 0.00000000 0.00000000 
6 0.00000000 0.00000000 0.00000000 0.00000000 0.00000000 0.00000000 1.00000000 0.00000000 0.00000000 0.00000000 0.00000000 0.00000000 0.00000000 
7 0.00000000 0.00000000 0.49853944 0.00000000 0.00000000 0.00000000 0.50146056 0.00000000 0.00000000 0.00000000 0.00000000 0.00000000 0.00000000 
8 0.00000000 1.00000000 0.00000000 0.00000000 0.00000000 0.00000000 0.00000000 0.00000000 0.00000000 0.00000000 0.00000000 0.00000000 0.00000000 
9 0.54870207 0.42795904 0.02333889 0.00000000 0.00000000 0.00000000 0.00000000 0.00000000 0.00000000 0.00000000 0.00000000 0.00000000 0.00000000 
10 0.00000000 0.00000000 0.00000000 0.00000000 0.00000000 0.00000000 0.00000000 0.00000000 0.00000000 0.00000000 1.00000000 0.00000000 0.00000000 
11 1.00000000 0.00000000 0.00000000 0.00000000 0.00000000 0.00000000 0.00000000 0.00000000 0.00000000 0.00000000 0.00000000 0.00000000 0.00000000 
12 0.00000000 0.00000000 0.33797054 0.66202946 0.00000000 0.00000000 0.00000000 0.00000000 0.00000000 0.00000000 0.00000000 0.00000000 0.00000000 
13 0.00000000 0.00000000 0.00000000 0.00000000 0.00000000 0.00000000 0.00000000 0.00000000 0.00000000 0.00000000 0.00000000 1.00000000 0.00000000 
14 0.00000000 0.00000000 0.00000000 0.00000000 1.00000000 0.00000000 0.00000000 0.00000000 0.00000000 0.00000000 0.00000000 0.00000000 0.00000000 
15 0.00000000 0.00000000 0.00000000 0.00000000 0.00000000 1.00000000 0.00000000 0.00000000 0.00000000 0.00000000 0.00000000 0.00000000 0.00000000 
16 0.00000000 0.00000000 0.48901099 0.00000000 0.51098901 0.00000000 0.00000000 0.00000000 0.00000000 0.00000000 0.00000000 0.00000000 0.00000000 
18 0.00000000 0.00000000 0.00000000 0.00000000 0.00000000 0.00000000 0.15671880 0.00000000 0.42164060 0.42164060 0.00000000 0.00000000 0.00000000 
19 0.00000000 0.00000000 0.27521368 0.00000000 0.00000000 0.72478632 0.00000000 0.00000000 0.00000000 0.00000000 0.00000000 0.00000000 0.00000000 
21 0.00000000 0.00000000 0.00000000 1.00000000 0.00000000 0.00000000 0.00000000 0.00000000 0.00000000 0.00000000 0.00000000 0.00000000 0.00000000 
22 0.00000000 0.00000000 0.00000000 0.00000000 0.00000000 0.00000000 0.31742941 0.00000000 0.00000000 0.00000000 0.06621227 0.19279455 0.42356378 

workload distribution if node 4 fails:

1    2    3    5    6    7    8    9    10    11    12    13    14    
1 0.00000000 0.00000000 0.00000000 0.00000000 0.00000000 0.00000000 0.07919159 0.54485461 0.00000000 0.00000000 0.00000000 0.00000000 0.37595380 
2 0.00000000 0.00000000 0.00000000 0.00000000 1.00000000 0.00000000 0.00000000 0.00000000 0.00000000 0.00000000 0.00000000 0.00000000 0.00000000 
3 0.00000000 0.00000000 0.00000000 0.00000000 0.00000000 0.00000000 0.00000000 0.00000000 0.00000000 0.00000000 1.00000000 0.00000000 0.00000000 
4 0.00000000 0.00000000 0.00000000 1.00000000 0.00000000 0.00000000 0.00000000 0.00000000 0.00000000 0.00000000 0.00000000 0.00000000 0.00000000 
5 0.00000000 0.85502959 0.14497041 0.00000000 0.00000000 0.00000000 0.00000000 0.00000000 0.00000000 0.00000000 0.00000000 0.00000000 0.00000000 
6 0.00000000 0.00000000 0.00000000 0.00000000 0.00000000 0.00000000 0.00000000 0.00000000 0.00000000 0.00000000 0.00000000 0.00000000 1.00000000 
7 0.00000000 0.00000000 0.49853944 0.00000000 0.00000000 0.00000000 0.50146056 0.00000000 0.00000000 0.00000000 0.00000000 0.00000000 0.00000000 
8 0.00000000 1.00000000 0.00000000 0.00000000 0.00000000 0.00000000 0.00000000 0.00000000 0.00000000 0.00000000 0.00000000 0.00000000 0.00000000 
9 0.54870207 0.45129793 0.00000000 0.00000000 0.00000000 0.00000000 0.00000000 0.00000000 0.00000000 0.00000000 0.00000000 0.00000000 0.00000000 
10 0.00000000 0.00000000 0.00000000 0.00000000 0.00000000 0.00000000 0.00000000 0.00000000 0.00000000 0.00000000 1.00000000 0.00000000 0.00000000 
11 1.00000000 0.00000000 0.00000000 0.00000000 0.00000000 0.00000000 0.00000000 0.00000000 0.00000000 0.00000000 0.00000000 0.00000000 0.00000000 
12 0.00000000 0.00000000 0.00000000 1.00000000 0.00000000 0.00000000 0.00000000 0.00000000 0.00000000 0.00000000 0.00000000 0.00000000 0.00000000 
13 0.00000000 0.00000000 0.00000000 0.00000000 0.00000000 0.00000000 0.00000000 0.00000000 0.00000000 0.00000000 0.00000000 1.00000000 0.00000000 
14 0.00000000 0.00000000 0.00000000 0.00000000 0.22860238 0.77139762 0.00000000 0.00000000 0.00000000 0.00000000 0.00000000 0.00000000 0.00000000 
15 0.00000000 0.00000000 0.57636566 0.00000000 0.00000000 0.42363434 0.00000000 0.00000000 0.00000000 0.00000000 0.00000000 0.00000000 0.00000000 
16 0.00000000 0.00000000 0.00000000 0.00000000 1.00000000 0.00000000 0.00000000 0.00000000 0.00000000 0.00000000 0.00000000 0.00000000 0.00000000 
18 0.00000000 0.00000000 0.00000000 0.00000000 0.00000000 0.00000000 0.15671880 0.00000000 0.42164060 0.42164060 0.00000000 0.00000000 0.00000000 
19 0.00000000 0.00000000 0.00000000 0.00000000 0.00000000 1.00000000 0.00000000 0.00000000 0.00000000 0.00000000 0.00000000 0.00000000 0.00000000 
21 0.00000000 0.00000000 0.54446263 0.45553737 0.00000000 0.00000000 0.00000000 0.00000000 0.00000000 0.00000000 0.00000000 0.00000000 0.00000000 
22 0.00000000 0.00000000 0.00000000 0.00000000 0.00000000 0.00000000 0.74099318 0.00000000 0.00000000 0.00000000 0.06621227 0.19279455 0.00000000 

workload distribution if node 5 fails:

1    2    3    4    6    7    8    9    10    11    12    13    14    
1 0.00000000 0.00000000 0.00000000 0.00000000 0.00000000 0.00000000 0.07919159 0.54485461 0.00000000 0.00000000 0.00000000 0.00000000 0.37595380 
2 0.00000000 0.00000000 0.00000000 0.00000000 1.00000000 0.00000000 0.00000000 0.00000000 0.00000000 0.00000000 0.00000000 0.00000000 0.00000000 
3 0.00000000 0.00000000 0.00000000 0.00000000 0.00000000 0.00000000 0.00000000 0.00000000 0.00000000 0.00000000 1.00000000 0.00000000 0.00000000 
4 0.00000000 0.00000000 0.00000000 1.00000000 0.00000000 0.00000000 0.00000000 0.00000000 0.00000000 0.00000000 0.00000000 0.00000000 0.00000000 
5 0.00000000 1.00000000 0.00000000 0.00000000 0.00000000 0.00000000 0.00000000 0.00000000 0.00000000 0.00000000 0.00000000 0.00000000 0.00000000 
6 0.00000000 0.00000000 0.00000000 0.00000000 0.00000000 0.00000000 0.00000000 0.00000000 0.00000000 0.00000000 0.00000000 0.00000000 1.00000000 
7 0.00000000 0.00000000 0.49853944 0.00000000 0.00000000 0.00000000 0.50146056 0.00000000 0.00000000 0.00000000 0.00000000 0.00000000 0.00000000 
8 0.00000000 1.00000000 0.00000000 0.00000000 0.00000000 0.00000000 0.00000000 0.00000000 0.00000000 0.00000000 0.00000000 0.00000000 0.00000000 
9 0.54870207 0.42795904 0.00000000 0.02333889 0.00000000 0.00000000 0.00000000 0.00000000 0.00000000 0.00000000 0.00000000 0.00000000 0.00000000 
10 0.00000000 0.00000000 0.00000000 0.00000000 0.00000000 0.00000000 0.00000000 0.00000000 0.00000000 0.00000000 1.00000000 0.00000000 0.00000000 
11 1.00000000 0.00000000 0.00000000 0.00000000 0.00000000 0.00000000 0.00000000 0.00000000 0.00000000 0.00000000 0.00000000 0.00000000 0.00000000 
12 0.00000000 0.00000000 0.00000000 1.00000000 0.00000000 0.00000000 0.00000000 0.00000000 0.00000000 0.00000000 0.00000000 0.00000000 0.00000000 
13 0.00000000 0.00000000 0.00000000 0.00000000 0.00000000 0.00000000 0.00000000 0.00000000 0.00000000 0.00000000 0.00000000 1.00000000 0.00000000 
14 0.00000000 0.00000000 0.00000000 0.00000000 1.00000000 0.00000000 0.00000000 0.00000000 0.00000000 0.00000000 0.00000000 0.00000000 0.00000000 
15 0.00000000 0.00000000 0.16555184 0.00000000 0.00000000 0.83444816 0.00000000 0.00000000 0.00000000 0.00000000 0.00000000 0.00000000 0.00000000 
16 0.00000000 0.00000000 0.00000000 0.48901099 0.51098901 0.00000000 0.00000000 0.00000000 0.00000000 0.00000000 0.00000000 0.00000000 0.00000000 
18 0.00000000 0.00000000 0.00000000 0.00000000 0.00000000 0.00000000 0.15671880 0.00000000 0.42164060 0.42164060 0.00000000 0.00000000 0.00000000 
19 0.00000000 0.00000000 0.00000000 0.02136752 0.00000000 0.97863248 0.00000000 0.00000000 0.00000000 0.00000000 0.00000000 0.00000000 0.00000000 
21 0.00000000 0.00000000 1.00000000 0.00000000 0.00000000 0.00000000 0.00000000 0.00000000 0.00000000 0.00000000 0.00000000 0.00000000 0.00000000 
22 0.00000000 0.00000000 0.00000000 0.00000000 0.00000000 0.00000000 0.74099318 0.00000000 0.00000000 0.00000000 0.06621227 0.19279455 0.00000000 

workload distribution if node 6 fails:

1    2    3    4    5    7    8    9    10    11    12    13    14    
1 0.00000000 0.00000000 0.00000000 0.00000000 0.00000000 0.00000000 0.07919159 0.54485461 0.00000000 0.00000000 0.00000000 0.00000000 0.37595380 
2 0.00000000 0.00000000 0.00000000 1.00000000 0.00000000 0.00000000 0.00000000 0.00000000 0.00000000 0.00000000 0.00000000 0.00000000 0.00000000 
3 0.00000000 0.00000000 0.00000000 0.00000000 0.00000000 0.00000000 0.00000000 0.00000000 0.00000000 0.00000000 1.00000000 0.00000000 0.00000000 
4 0.00000000 0.00000000 0.00000000 0.36068376 0.63931624 0.00000000 0.00000000 0.00000000 0.00000000 0.00000000 0.00000000 0.00000000 0.00000000 
5 0.00000000 0.85502959 0.14497041 0.00000000 0.00000000 0.00000000 0.00000000 0.00000000 0.00000000 0.00000000 0.00000000 0.00000000 0.00000000 
6 0.00000000 0.00000000 0.00000000 0.00000000 0.00000000 0.00000000 0.00000000 0.00000000 0.00000000 0.00000000 0.00000000 0.00000000 1.00000000 
7 0.00000000 0.00000000 0.49853944 0.00000000 0.00000000 0.00000000 0.50146056 0.00000000 0.00000000 0.00000000 0.00000000 0.00000000 0.00000000 
8 0.00000000 1.00000000 0.00000000 0.00000000 0.00000000 0.00000000 0.00000000 0.00000000 0.00000000 0.00000000 0.00000000 0.00000000 0.00000000 
9 0.54870207 0.45129793 0.00000000 0.00000000 0.00000000 0.00000000 0.00000000 0.00000000 0.00000000 0.00000000 0.00000000 0.00000000 0.00000000 
10 0.00000000 0.00000000 0.00000000 0.00000000 0.00000000 0.00000000 0.00000000 0.00000000 0.00000000 0.00000000 1.00000000 0.00000000 0.00000000 
11 1.00000000 0.00000000 0.00000000 0.00000000 0.00000000 0.00000000 0.00000000 0.00000000 0.00000000 0.00000000 0.00000000 0.00000000 0.00000000 
12 0.00000000 0.00000000 0.00000000 0.00000000 1.00000000 0.00000000 0.00000000 0.00000000 0.00000000 0.00000000 0.00000000 0.00000000 0.00000000 
13 0.00000000 0.00000000 0.00000000 0.00000000 0.00000000 0.00000000 0.00000000 0.00000000 0.00000000 0.00000000 0.00000000 1.00000000 0.00000000 
14 0.00000000 0.00000000 0.00000000 0.00000000 0.00000000 1.00000000 0.00000000 0.00000000 0.00000000 0.00000000 0.00000000 0.00000000 0.00000000 
15 0.00000000 0.00000000 0.69397993 0.00000000 0.00000000 0.30602007 0.00000000 0.00000000 0.00000000 0.00000000 0.00000000 0.00000000 0.00000000 
16 0.00000000 0.00000000 0.00000000 1.00000000 0.00000000 0.00000000 0.00000000 0.00000000 0.00000000 0.00000000 0.00000000 0.00000000 0.00000000 
18 0.00000000 0.00000000 0.00000000 0.00000000 0.00000000 0.00000000 0.15671880 0.00000000 0.42164060 0.42164060 0.00000000 0.00000000 0.00000000 
19 0.00000000 0.00000000 0.00000000 0.00000000 0.00000000 1.00000000 0.00000000 0.00000000 0.00000000 0.00000000 0.00000000 0.00000000 0.00000000 
21 0.00000000 0.00000000 0.42935079 0.00000000 0.57064921 0.00000000 0.00000000 0.00000000 0.00000000 0.00000000 0.00000000 0.00000000 0.00000000 
22 0.00000000 0.00000000 0.00000000 0.00000000 0.00000000 0.00000000 0.74099318 0.00000000 0.00000000 0.00000000 0.06621227 0.19279455 0.00000000 

workload distribution if node 7 fails:

1    2    3    4    5    6    8    9    10    11    12    13    14    
1 0.00000000 0.00000000 0.00000000 0.00000000 0.00000000 0.00000000 0.07919159 0.37595380 0.00000000 0.00000000 0.00000000 0.00000000 0.54485461 
2 0.00000000 0.00000000 0.00000000 0.00000000 0.00000000 1.00000000 0.00000000 0.00000000 0.00000000 0.00000000 0.00000000 0.00000000 0.00000000 
3 0.00000000 0.00000000 0.00000000 0.00000000 0.00000000 0.00000000 0.00000000 0.00000000 0.00000000 0.00000000 1.00000000 0.00000000 0.00000000 
4 0.00000000 0.00000000 0.00000000 1.00000000 0.00000000 0.00000000 0.00000000 0.00000000 0.00000000 0.00000000 0.00000000 0.00000000 0.00000000 
5 0.00000000 1.00000000 0.00000000 0.00000000 0.00000000 0.00000000 0.00000000 0.00000000 0.00000000 0.00000000 0.00000000 0.00000000 0.00000000 
6 0.00000000 0.00000000 0.00000000 0.00000000 0.00000000 0.00000000 0.00000000 1.00000000 0.00000000 0.00000000 0.00000000 0.00000000 0.00000000 
7 0.00000000 0.00000000 0.49853944 0.00000000 0.00000000 0.00000000 0.50146056 0.00000000 0.00000000 0.00000000 0.00000000 0.00000000 0.00000000 
8 0.00000000 1.00000000 0.00000000 0.00000000 0.00000000 0.00000000 0.00000000 0.00000000 0.00000000 0.00000000 0.00000000 0.00000000 0.00000000 
9 0.54870207 0.42795904 0.00000000 0.02333889 0.00000000 0.00000000 0.00000000 0.00000000 0.00000000 0.00000000 0.00000000 0.00000000 0.00000000 
10 0.00000000 0.00000000 0.00000000 0.00000000 0.00000000 0.00000000 0.00000000 0.00000000 0.00000000 0.00000000 1.00000000 0.00000000 0.00000000 
11 1.00000000 0.00000000 0.00000000 0.00000000 0.00000000 0.00000000 0.00000000 0.00000000 0.00000000 0.00000000 0.00000000 0.00000000 0.00000000 
12 0.00000000 0.00000000 0.00000000 0.00000000 1.00000000 0.00000000 0.00000000 0.00000000 0.00000000 0.00000000 0.00000000 0.00000000 0.00000000 
13 0.00000000 0.00000000 0.00000000 0.00000000 0.00000000 0.00000000 0.00000000 0.00000000 0.00000000 0.00000000 0.00000000 1.00000000 0.00000000 
14 0.00000000 0.00000000 0.00000000 0.00000000 0.00000000 1.00000000 0.00000000 0.00000000 0.00000000 0.00000000 0.00000000 0.00000000 0.00000000 
15 0.00000000 0.00000000 0.95707915 0.04292085 0.00000000 0.00000000 0.00000000 0.00000000 0.00000000 0.00000000 0.00000000 0.00000000 0.00000000 
16 0.00000000 0.00000000 0.00000000 0.48901099 0.00000000 0.51098901 0.00000000 0.00000000 0.00000000 0.00000000 0.00000000 0.00000000 0.00000000 
18 0.00000000 0.00000000 0.00000000 0.00000000 0.00000000 0.00000000 0.15671880 0.00000000 0.42164060 0.42164060 0.00000000 0.00000000 0.00000000 
19 0.00000000 0.00000000 0.00000000 1.00000000 0.00000000 0.00000000 0.00000000 0.00000000 0.00000000 0.00000000 0.00000000 0.00000000 0.00000000 
21 0.00000000 0.00000000 0.22531369 0.00000000 0.77468631 0.00000000 0.00000000 0.00000000 0.00000000 0.00000000 0.00000000 0.00000000 0.00000000 
22 0.00000000 0.00000000 0.00000000 0.00000000 0.00000000 0.00000000 0.74099318 0.00000000 0.00000000 0.00000000 0.06621227 0.19279455 0.00000000 

workload distribution if node 8 fails:

1    2    3    4    5    6    7    9    10    11    12    13    14    
1 0.00000000 0.00000000 0.00000000 0.00000000 0.00000000 0.00000000 0.00000000 0.54485461 0.00000000 0.00000000 0.00000000 0.00000000 0.45514539 
2 0.00000000 0.00000000 0.00000000 0.00000000 0.00000000 1.00000000 0.00000000 0.00000000 0.00000000 0.00000000 0.00000000 0.00000000 0.00000000 
3 0.00000000 0.00000000 0.00000000 0.00000000 0.00000000 0.00000000 0.00000000 0.00000000 0.00000000 0.00000000 1.00000000 0.00000000 0.00000000 
4 0.00000000 0.00000000 0.00000000 1.00000000 0.00000000 0.00000000 0.00000000 0.00000000 0.00000000 0.00000000 0.00000000 0.00000000 0.00000000 
5 0.00000000 1.00000000 0.00000000 0.00000000 0.00000000 0.00000000 0.00000000 0.00000000 0.00000000 0.00000000 0.00000000 0.00000000 0.00000000 
6 0.00000000 0.00000000 0.00000000 0.79487179 0.00000000 0.00000000 0.20512821 0.00000000 0.00000000 0.00000000 0.00000000 0.00000000 0.00000000 
7 0.00000000 0.00000000 1.00000000 0.00000000 0.00000000 0.00000000 0.00000000 0.00000000 0.00000000 0.00000000 0.00000000 0.00000000 0.00000000 
8 0.00000000 1.00000000 0.00000000 0.00000000 0.00000000 0.00000000 0.00000000 0.00000000 0.00000000 0.00000000 0.00000000 0.00000000 0.00000000 
9 0.54870207 0.42795904 0.00000000 0.02333889 0.00000000 0.00000000 0.00000000 0.00000000 0.00000000 0.00000000 0.00000000 0.00000000 0.00000000 
10 0.00000000 0.00000000 0.00000000 0.00000000 0.00000000 0.00000000 0.00000000 0.00000000 0.00000000 0.00000000 1.00000000 0.00000000 0.00000000 
11 1.00000000 0.00000000 0.00000000 0.00000000 0.00000000 0.00000000 0.00000000 0.00000000 0.00000000 0.00000000 0.00000000 0.00000000 0.00000000 
12 0.00000000 0.00000000 0.00000000 0.00000000 1.00000000 0.00000000 0.00000000 0.00000000 0.00000000 0.00000000 0.00000000 0.00000000 0.00000000 
13 0.00000000 0.00000000 0.00000000 0.00000000 0.00000000 0.00000000 0.00000000 0.00000000 0.13338789 0.00000000 0.00000000 0.86661211 0.00000000 
14 0.00000000 0.00000000 0.00000000 0.00000000 0.00000000 0.22860238 0.77139762 0.00000000 0.00000000 0.00000000 0.00000000 0.00000000 0.00000000 
15 0.00000000 0.00000000 0.67001115 0.00000000 0.00000000 0.00000000 0.32998885 0.00000000 0.00000000 0.00000000 0.00000000 0.00000000 0.00000000 
16 0.00000000 0.00000000 0.00000000 0.00000000 0.00000000 1.00000000 0.00000000 0.00000000 0.00000000 0.00000000 0.00000000 0.00000000 0.00000000 
18 0.00000000 0.00000000 0.00000000 0.20874561 0.00000000 0.00000000 0.00000000 0.00000000 0.36961379 0.42164060 0.00000000 0.00000000 0.00000000 
19 0.00000000 0.00000000 0.00000000 0.00000000 0.00000000 0.00000000 1.00000000 0.00000000 0.00000000 0.00000000 0.00000000 0.00000000 0.00000000 
21 0.00000000 0.00000000 0.22531369 0.00000000 0.77468631 0.00000000 0.00000000 0.00000000 0.00000000 0.00000000 0.00000000 0.00000000 0.00000000 
22 0.00000000 0.00000000 0.00000000 0.00000000 0.00000000 0.00000000 0.00000000 0.00000000 0.00000000 0.00000000 0.06621227 0.51022395 0.42356378 

workload distribution if node 9 fails:

1    2    3    4    5    6    7    8    10    11    12    13    14    
1 0.00000000 0.00000000 0.00000000 0.00000000 0.00000000 0.00000000 0.00000000 0.45514539 0.00000000 0.00000000 0.00000000 0.00000000 0.54485461 
2 0.00000000 0.00000000 0.00000000 0.00000000 0.00000000 1.00000000 0.00000000 0.00000000 0.00000000 0.00000000 0.00000000 0.00000000 0.00000000 
3 0.00000000 0.00000000 0.00000000 0.00000000 0.00000000 0.00000000 0.00000000 0.00000000 0.00000000 0.00000000 1.00000000 0.00000000 0.00000000 
4 0.00000000 0.00000000 0.00000000 1.00000000 0.00000000 0.00000000 0.00000000 0.00000000 0.00000000 0.00000000 0.00000000 0.00000000 0.00000000 
5 0.00000000 1.00000000 0.00000000 0.00000000 0.00000000 0.00000000 0.00000000 0.00000000 0.00000000 0.00000000 0.00000000 0.00000000 0.00000000 
6 0.00000000 0.00000000 0.00000000 0.79487179 0.00000000 0.00000000 0.20512821 0.00000000 0.00000000 0.00000000 0.00000000 0.00000000 0.00000000 
7 0.00000000 0.00000000 1.00000000 0.00000000 0.00000000 0.00000000 0.00000000 0.00000000 0.00000000 0.00000000 0.00000000 0.00000000 0.00000000 
8 0.00000000 1.00000000 0.00000000 0.00000000 0.00000000 0.00000000 0.00000000 0.00000000 0.00000000 0.00000000 0.00000000 0.00000000 0.00000000 
9 0.54870207 0.42795904 0.00000000 0.02333889 0.00000000 0.00000000 0.00000000 0.00000000 0.00000000 0.00000000 0.00000000 0.00000000 0.00000000 
10 0.00000000 0.00000000 0.00000000 0.00000000 0.00000000 0.00000000 0.00000000 0.00000000 0.00000000 0.00000000 1.00000000 0.00000000 0.00000000 
11 1.00000000 0.00000000 0.00000000 0.00000000 0.00000000 0.00000000 0.00000000 0.00000000 0.00000000 0.00000000 0.00000000 0.00000000 0.00000000 
12 0.00000000 0.00000000 0.00000000 0.00000000 1.00000000 0.00000000 0.00000000 0.00000000 0.00000000 0.00000000 0.00000000 0.00000000 0.00000000 
13 0.00000000 0.00000000 0.00000000 0.00000000 0.00000000 0.00000000 0.00000000 0.00000000 0.13338789 0.00000000 0.00000000 0.86661211 0.00000000 
14 0.00000000 0.00000000 0.00000000 0.00000000 0.00000000 0.22860238 0.77139762 0.00000000 0.00000000 0.00000000 0.00000000 0.00000000 0.00000000 
15 0.00000000 0.00000000 0.67001115 0.00000000 0.00000000 0.00000000 0.32998885 0.00000000 0.00000000 0.00000000 0.00000000 0.00000000 0.00000000 
16 0.00000000 0.00000000 0.00000000 0.00000000 0.00000000 1.00000000 0.00000000 0.00000000 0.00000000 0.00000000 0.00000000 0.00000000 0.00000000 
18 0.00000000 0.00000000 0.00000000 0.20874561 0.00000000 0.00000000 0.00000000 0.00000000 0.36961379 0.42164060 0.00000000 0.00000000 0.00000000 
19 0.00000000 0.00000000 0.00000000 0.00000000 0.00000000 0.00000000 1.00000000 0.00000000 0.00000000 0.00000000 0.00000000 0.00000000 0.00000000 
21 0.00000000 0.00000000 0.22531369 0.00000000 0.77468631 0.00000000 0.00000000 0.00000000 0.00000000 0.00000000 0.00000000 0.00000000 0.00000000 
22 0.00000000 0.00000000 0.00000000 0.00000000 0.00000000 0.00000000 0.00000000 0.42356378 0.00000000 0.00000000 0.06621227 0.51022395 0.00000000 

workload distribution if node 10 fails:

1    2    3    4    5    6    7    8    9    11    12    13    14    
1 0.00000000 0.00000000 0.00000000 0.00000000 0.00000000 0.00000000 0.00000000 0.06723036 0.54485461 0.00000000 0.00000000 0.00000000 0.38791503 
2 0.00000000 0.00000000 0.00000000 0.00000000 0.00000000 1.00000000 0.00000000 0.00000000 0.00000000 0.00000000 0.00000000 0.00000000 0.00000000 
3 0.00000000 0.00000000 0.00000000 0.00000000 0.00000000 0.00000000 0.00000000 0.00000000 0.00000000 0.00000000 1.00000000 0.00000000 0.00000000 
4 0.00000000 0.00000000 0.00000000 1.00000000 0.00000000 0.00000000 0.00000000 0.00000000 0.00000000 0.00000000 0.00000000 0.00000000 0.00000000 
5 0.00000000 1.00000000 0.00000000 0.00000000 0.00000000 0.00000000 0.00000000 0.00000000 0.00000000 0.00000000 0.00000000 0.00000000 0.00000000 
6 0.00000000 0.00000000 0.00000000 0.79487179 0.00000000 0.00000000 0.20512821 0.00000000 0.00000000 0.00000000 0.00000000 0.00000000 0.00000000 
7 0.00000000 0.00000000 1.00000000 0.00000000 0.00000000 0.00000000 0.00000000 0.00000000 0.00000000 0.00000000 0.00000000 0.00000000 0.00000000 
8 0.00000000 1.00000000 0.00000000 0.00000000 0.00000000 0.00000000 0.00000000 0.00000000 0.00000000 0.00000000 0.00000000 0.00000000 0.00000000 
9 0.54870207 0.42795904 0.00000000 0.02333889 0.00000000 0.00000000 0.00000000 0.00000000 0.00000000 0.00000000 0.00000000 0.00000000 0.00000000 
10 0.00000000 0.00000000 0.00000000 0.00000000 0.00000000 0.00000000 0.00000000 0.00000000 0.00000000 0.00000000 1.00000000 0.00000000 0.00000000 
11 1.00000000 0.00000000 0.00000000 0.00000000 0.00000000 0.00000000 0.00000000 0.00000000 0.00000000 0.00000000 0.00000000 0.00000000 0.00000000 
12 0.00000000 0.00000000 0.00000000 0.00000000 1.00000000 0.00000000 0.00000000 0.00000000 0.00000000 0.00000000 0.00000000 0.00000000 0.00000000 
13 0.00000000 0.00000000 0.00000000 0.00000000 0.00000000 0.00000000 0.00000000 0.00000000 0.00000000 0.00000000 0.00000000 1.00000000 0.00000000 
14 0.00000000 0.00000000 0.00000000 0.00000000 0.00000000 0.22860238 0.77139762 0.00000000 0.00000000 0.00000000 0.00000000 0.00000000 0.00000000 
15 0.00000000 0.00000000 0.67001115 0.00000000 0.00000000 0.00000000 0.32998885 0.00000000 0.00000000 0.00000000 0.00000000 0.00000000 0.00000000 
16 0.00000000 0.00000000 0.00000000 0.00000000 0.00000000 1.00000000 0.00000000 0.00000000 0.00000000 0.00000000 0.00000000 0.00000000 0.00000000 
18 0.00000000 0.00000000 0.00000000 0.20874561 0.00000000 0.00000000 0.00000000 0.36961379 0.00000000 0.42164060 0.00000000 0.00000000 0.00000000 
19 0.00000000 0.00000000 0.00000000 0.00000000 0.00000000 0.00000000 1.00000000 0.00000000 0.00000000 0.00000000 0.00000000 0.00000000 0.00000000 
21 0.00000000 0.00000000 0.22531369 0.00000000 0.77468631 0.00000000 0.00000000 0.00000000 0.00000000 0.00000000 0.00000000 0.00000000 0.00000000 
22 0.00000000 0.00000000 0.00000000 0.00000000 0.00000000 0.00000000 0.00000000 0.00000000 0.00000000 0.00000000 0.06621227 0.19279455 0.74099318 

workload distribution if node 11 fails:

1    2    3    4    5    6    7    8    9    10    12    13    14    
1 0.00000000 0.00000000 0.00000000 0.00000000 0.00000000 0.00000000 0.00000000 0.06723036 0.54485461 0.00000000 0.00000000 0.00000000 0.38791503 
2 0.00000000 0.00000000 0.00000000 0.00000000 0.00000000 1.00000000 0.00000000 0.00000000 0.00000000 0.00000000 0.00000000 0.00000000 0.00000000 
3 0.00000000 0.00000000 0.00000000 0.00000000 0.00000000 0.00000000 0.00000000 0.00000000 0.00000000 0.00000000 1.00000000 0.00000000 0.00000000 
4 0.00000000 0.00000000 0.00000000 1.00000000 0.00000000 0.00000000 0.00000000 0.00000000 0.00000000 0.00000000 0.00000000 0.00000000 0.00000000 
5 0.00000000 1.00000000 0.00000000 0.00000000 0.00000000 0.00000000 0.00000000 0.00000000 0.00000000 0.00000000 0.00000000 0.00000000 0.00000000 
6 0.00000000 0.00000000 0.00000000 0.79487179 0.00000000 0.00000000 0.20512821 0.00000000 0.00000000 0.00000000 0.00000000 0.00000000 0.00000000 
7 0.00000000 0.00000000 1.00000000 0.00000000 0.00000000 0.00000000 0.00000000 0.00000000 0.00000000 0.00000000 0.00000000 0.00000000 0.00000000 
8 0.00000000 1.00000000 0.00000000 0.00000000 0.00000000 0.00000000 0.00000000 0.00000000 0.00000000 0.00000000 0.00000000 0.00000000 0.00000000 
9 0.54870207 0.42795904 0.00000000 0.02333889 0.00000000 0.00000000 0.00000000 0.00000000 0.00000000 0.00000000 0.00000000 0.00000000 0.00000000 
10 0.00000000 0.00000000 0.00000000 0.00000000 0.00000000 0.00000000 0.00000000 0.00000000 0.00000000 0.00000000 1.00000000 0.00000000 0.00000000 
11 1.00000000 0.00000000 0.00000000 0.00000000 0.00000000 0.00000000 0.00000000 0.00000000 0.00000000 0.00000000 0.00000000 0.00000000 0.00000000 
12 0.00000000 0.00000000 0.00000000 0.00000000 1.00000000 0.00000000 0.00000000 0.00000000 0.00000000 0.00000000 0.00000000 0.00000000 0.00000000 
13 0.00000000 0.00000000 0.00000000 0.00000000 0.00000000 0.00000000 0.00000000 0.00000000 0.00000000 0.00000000 0.00000000 1.00000000 0.00000000 
14 0.00000000 0.00000000 0.00000000 0.00000000 0.00000000 0.22860238 0.77139762 0.00000000 0.00000000 0.00000000 0.00000000 0.00000000 0.00000000 
15 0.00000000 0.00000000 0.67001115 0.00000000 0.00000000 0.00000000 0.32998885 0.00000000 0.00000000 0.00000000 0.00000000 0.00000000 0.00000000 
16 0.00000000 0.00000000 0.00000000 0.00000000 0.00000000 1.00000000 0.00000000 0.00000000 0.00000000 0.00000000 0.00000000 0.00000000 0.00000000 
18 0.00000000 0.00000000 0.00000000 0.20874561 0.00000000 0.00000000 0.00000000 0.36961379 0.00000000 0.42164060 0.00000000 0.00000000 0.00000000 
19 0.00000000 0.00000000 0.00000000 0.00000000 0.00000000 0.00000000 1.00000000 0.00000000 0.00000000 0.00000000 0.00000000 0.00000000 0.00000000 
21 0.00000000 0.00000000 0.22531369 0.00000000 0.77468631 0.00000000 0.00000000 0.00000000 0.00000000 0.00000000 0.00000000 0.00000000 0.00000000 
22 0.00000000 0.00000000 0.00000000 0.00000000 0.00000000 0.00000000 0.00000000 0.00000000 0.00000000 0.00000000 0.06621227 0.19279455 0.74099318 

workload distribution if node 12 fails:

1    2    3    4    5    6    7    8    9    10    11    13    14    
1 0.00000000 0.00000000 0.00000000 0.00000000 0.00000000 0.00000000 0.00000000 0.00000000 0.54485461 0.00000000 0.00000000 0.00000000 0.45514539 
2 0.00000000 0.00000000 0.00000000 0.00000000 0.00000000 1.00000000 0.00000000 0.00000000 0.00000000 0.00000000 0.00000000 0.00000000 0.00000000 
3 0.00000000 0.00000000 0.00000000 0.00000000 0.00000000 0.00000000 0.00000000 1.00000000 0.00000000 0.00000000 0.00000000 0.00000000 0.00000000 
4 0.00000000 0.00000000 0.00000000 1.00000000 0.00000000 0.00000000 0.00000000 0.00000000 0.00000000 0.00000000 0.00000000 0.00000000 0.00000000 
5 0.00000000 1.00000000 0.00000000 0.00000000 0.00000000 0.00000000 0.00000000 0.00000000 0.00000000 0.00000000 0.00000000 0.00000000 0.00000000 
6 0.00000000 0.00000000 0.00000000 0.00000000 0.00000000 0.00000000 1.00000000 0.00000000 0.00000000 0.00000000 0.00000000 0.00000000 0.00000000 
7 0.00000000 0.00000000 1.00000000 0.00000000 0.00000000 0.00000000 0.00000000 0.00000000 0.00000000 0.00000000 0.00000000 0.00000000 0.00000000 
8 0.00000000 1.00000000 0.00000000 0.00000000 0.00000000 0.00000000 0.00000000 0.00000000 0.00000000 0.00000000 0.00000000 0.00000000 0.00000000 
9 0.54870207 0.42795904 0.00000000 0.02333889 0.00000000 0.00000000 0.00000000 0.00000000 0.00000000 0.00000000 0.00000000 0.00000000 0.00000000 
10 0.00000000 0.00000000 0.00000000 0.00000000 0.00000000 0.00000000 0.00000000 1.00000000 0.00000000 0.00000000 0.00000000 0.00000000 0.00000000 
11 1.00000000 0.00000000 0.00000000 0.00000000 0.00000000 0.00000000 0.00000000 0.00000000 0.00000000 0.00000000 0.00000000 0.00000000 0.00000000 
12 0.00000000 0.00000000 0.00000000 0.00000000 1.00000000 0.00000000 0.00000000 0.00000000 0.00000000 0.00000000 0.00000000 0.00000000 0.00000000 
13 0.00000000 0.00000000 0.00000000 0.00000000 0.00000000 0.00000000 0.00000000 0.00000000 0.00000000 0.13338789 0.00000000 0.86661211 0.00000000 
14 0.00000000 0.00000000 0.00000000 0.00000000 0.00000000 0.93391116 0.06608884 0.00000000 0.00000000 0.00000000 0.00000000 0.00000000 0.00000000 
15 0.00000000 0.00000000 0.67001115 0.00000000 0.00000000 0.00000000 0.32998885 0.00000000 0.00000000 0.00000000 0.00000000 0.00000000 0.00000000 
16 0.00000000 0.00000000 0.00000000 0.44711538 0.00000000 0.55288462 0.00000000 0.00000000 0.00000000 0.00000000 0.00000000 0.00000000 0.00000000 
18 0.00000000 0.00000000 0.00000000 0.20874561 0.00000000 0.00000000 0.00000000 0.00000000 0.00000000 0.36961379 0.42164060 0.00000000 0.00000000 
19 0.00000000 0.00000000 0.00000000 0.00000000 0.00000000 0.00000000 1.00000000 0.00000000 0.00000000 0.00000000 0.00000000 0.00000000 0.00000000 
21 0.00000000 0.00000000 0.22531369 0.00000000 0.77468631 0.00000000 0.00000000 0.00000000 0.00000000 0.00000000 0.00000000 0.00000000 0.00000000 
22 0.00000000 0.00000000 0.00000000 0.00000000 0.00000000 0.00000000 0.00000000 0.06621227 0.00000000 0.00000000 0.00000000 0.51022395 0.42356378 

workload distribution if node 13 fails:

1    2    3    4    5    6    7    8    9    10    11    12    14    
1 0.00000000 0.00000000 0.00000000 0.00000000 0.00000000 0.00000000 0.00000000 0.10806352 0.54485461 0.00000000 0.00000000 0.00000000 0.34708187 
2 0.00000000 0.00000000 0.00000000 0.00000000 0.00000000 1.00000000 0.00000000 0.00000000 0.00000000 0.00000000 0.00000000 0.00000000 0.00000000 
3 0.00000000 0.00000000 0.00000000 0.00000000 0.00000000 0.00000000 0.00000000 0.00000000 0.00000000 0.00000000 0.00000000 1.00000000 0.00000000 
4 0.00000000 0.00000000 0.00000000 1.00000000 0.00000000 0.00000000 0.00000000 0.00000000 0.00000000 0.00000000 0.00000000 0.00000000 0.00000000 
5 0.00000000 1.00000000 0.00000000 0.00000000 0.00000000 0.00000000 0.00000000 0.00000000 0.00000000 0.00000000 0.00000000 0.00000000 0.00000000 
6 0.00000000 0.00000000 0.00000000 0.79487179 0.00000000 0.00000000 0.20512821 0.00000000 0.00000000 0.00000000 0.00000000 0.00000000 0.00000000 
7 0.00000000 0.00000000 1.00000000 0.00000000 0.00000000 0.00000000 0.00000000 0.00000000 0.00000000 0.00000000 0.00000000 0.00000000 0.00000000 
8 0.00000000 1.00000000 0.00000000 0.00000000 0.00000000 0.00000000 0.00000000 0.00000000 0.00000000 0.00000000 0.00000000 0.00000000 0.00000000 
9 0.54870207 0.42795904 0.00000000 0.02333889 0.00000000 0.00000000 0.00000000 0.00000000 0.00000000 0.00000000 0.00000000 0.00000000 0.00000000 
10 0.00000000 0.00000000 0.00000000 0.00000000 0.00000000 0.00000000 0.00000000 0.00000000 0.00000000 0.00000000 0.00000000 1.00000000 0.00000000 
11 1.00000000 0.00000000 0.00000000 0.00000000 0.00000000 0.00000000 0.00000000 0.00000000 0.00000000 0.00000000 0.00000000 0.00000000 0.00000000 
12 0.00000000 0.00000000 0.00000000 0.00000000 1.00000000 0.00000000 0.00000000 0.00000000 0.00000000 0.00000000 0.00000000 0.00000000 0.00000000 
13 0.00000000 0.00000000 0.00000000 0.00000000 0.00000000 0.00000000 0.00000000 0.00000000 0.00000000 1.00000000 0.00000000 0.00000000 0.00000000 
14 0.00000000 0.00000000 0.00000000 0.00000000 0.00000000 0.22860238 0.77139762 0.00000000 0.00000000 0.00000000 0.00000000 0.00000000 0.00000000 
15 0.00000000 0.00000000 0.67001115 0.00000000 0.00000000 0.00000000 0.32998885 0.00000000 0.00000000 0.00000000 0.00000000 0.00000000 0.00000000 
16 0.00000000 0.00000000 0.00000000 0.00000000 0.00000000 1.00000000 0.00000000 0.00000000 0.00000000 0.00000000 0.00000000 0.00000000 0.00000000 
18 0.00000000 0.00000000 0.00000000 0.20874561 0.00000000 0.00000000 0.00000000 0.33801468 0.00000000 0.03159911 0.42164060 0.00000000 0.00000000 
19 0.00000000 0.00000000 0.00000000 0.00000000 0.00000000 0.00000000 1.00000000 0.00000000 0.00000000 0.00000000 0.00000000 0.00000000 0.00000000 
21 0.00000000 0.00000000 0.22531369 0.00000000 0.77468631 0.00000000 0.00000000 0.00000000 0.00000000 0.00000000 0.00000000 0.00000000 0.00000000 
22 0.00000000 0.00000000 0.00000000 0.00000000 0.00000000 0.00000000 0.00000000 0.00000000 0.00000000 0.00000000 0.00000000 0.06621227 0.93378773 

workload distribution if node 14 fails:

1    2    3    4    5    6    7    8    9    10    11    12    13    
1 0.00000000 0.00000000 0.00000000 0.00000000 0.00000000 0.00000000 0.00000000 0.45514539 0.54485461 0.00000000 0.00000000 0.00000000 0.00000000 
2 0.00000000 0.00000000 0.00000000 0.00000000 0.00000000 1.00000000 0.00000000 0.00000000 0.00000000 0.00000000 0.00000000 0.00000000 0.00000000 
3 0.00000000 0.00000000 0.00000000 0.00000000 0.00000000 0.00000000 0.00000000 0.00000000 0.00000000 0.00000000 0.00000000 1.00000000 0.00000000 
4 0.00000000 0.00000000 0.00000000 1.00000000 0.00000000 0.00000000 0.00000000 0.00000000 0.00000000 0.00000000 0.00000000 0.00000000 0.00000000 
5 0.00000000 1.00000000 0.00000000 0.00000000 0.00000000 0.00000000 0.00000000 0.00000000 0.00000000 0.00000000 0.00000000 0.00000000 0.00000000 
6 0.00000000 0.00000000 0.00000000 0.79487179 0.00000000 0.00000000 0.20512821 0.00000000 0.00000000 0.00000000 0.00000000 0.00000000 0.00000000 
7 0.00000000 0.00000000 1.00000000 0.00000000 0.00000000 0.00000000 0.00000000 0.00000000 0.00000000 0.00000000 0.00000000 0.00000000 0.00000000 
8 0.00000000 1.00000000 0.00000000 0.00000000 0.00000000 0.00000000 0.00000000 0.00000000 0.00000000 0.00000000 0.00000000 0.00000000 0.00000000 
9 0.54870207 0.42795904 0.00000000 0.02333889 0.00000000 0.00000000 0.00000000 0.00000000 0.00000000 0.00000000 0.00000000 0.00000000 0.00000000 
10 0.00000000 0.00000000 0.00000000 0.00000000 0.00000000 0.00000000 0.00000000 0.00000000 0.00000000 0.00000000 0.00000000 1.00000000 0.00000000 
11 1.00000000 0.00000000 0.00000000 0.00000000 0.00000000 0.00000000 0.00000000 0.00000000 0.00000000 0.00000000 0.00000000 0.00000000 0.00000000 
12 0.00000000 0.00000000 0.00000000 0.00000000 1.00000000 0.00000000 0.00000000 0.00000000 0.00000000 0.00000000 0.00000000 0.00000000 0.00000000 
13 0.00000000 0.00000000 0.00000000 0.00000000 0.00000000 0.00000000 0.00000000 0.00000000 0.00000000 0.13338789 0.00000000 0.00000000 0.86661211 
14 0.00000000 0.00000000 0.00000000 0.00000000 0.00000000 0.22860238 0.77139762 0.00000000 0.00000000 0.00000000 0.00000000 0.00000000 0.00000000 
15 0.00000000 0.00000000 0.67001115 0.00000000 0.00000000 0.00000000 0.32998885 0.00000000 0.00000000 0.00000000 0.00000000 0.00000000 0.00000000 
16 0.00000000 0.00000000 0.00000000 0.00000000 0.00000000 1.00000000 0.00000000 0.00000000 0.00000000 0.00000000 0.00000000 0.00000000 0.00000000 
18 0.00000000 0.00000000 0.00000000 0.20874561 0.00000000 0.00000000 0.00000000 0.00000000 0.00000000 0.36961379 0.42164060 0.00000000 0.00000000 
19 0.00000000 0.00000000 0.00000000 0.00000000 0.00000000 0.00000000 1.00000000 0.00000000 0.00000000 0.00000000 0.00000000 0.00000000 0.00000000 
21 0.00000000 0.00000000 0.22531369 0.00000000 0.77468631 0.00000000 0.00000000 0.00000000 0.00000000 0.00000000 0.00000000 0.00000000 0.00000000 
22 0.00000000 0.00000000 0.00000000 0.00000000 0.00000000 0.00000000 0.00000000 0.42356378 0.00000000 0.00000000 0.00000000 0.06621227 0.51022395 



zz_test [*] :=
 1  1
 2  1
 3  1
 4  1
 5  1
 6  1
 7  1
 8  1
 9  1
10  1
11  1
12  1
13  1
14  1
15  1
16  1
18  1
19  1
21  1
22  1
;

K_test [*] :=
 1  0.0714286
 2  0.0714286
 3  0.0714286
 4  0.0714286
 5  0.0714286
 6  0.0714286
 7  0.0714286
 8  0.0714286
 9  0.0714286
10  0.0714286
11  0.0714286
12  0.0714286
13  0.0714286
14  0.0714286
;

zz2_test [*,*]
:    1   2   3   4   5   6   7   8   9  10  11  12  13  14    :=
1    1   1   1   1   1   1   1   1   1   1   1   1   1   1
2    1   1   1   1   1   1   1   1   1   1   1   1   1   1
3    1   1   1   1   1   1   1   1   1   1   1   1   1   1
4    1   1   1   1   1   1   1   1   1   1   1   1   1   1
5    1   1   1   1   1   1   1   1   1   1   1   1   1   1
6    1   1   1   1   1   1   1   1   1   1   1   1   1   1
7    1   1   1   1   1   1   1   1   1   1   1   1   1   1
8    1   1   1   1   1   1   1   1   1   1   1   1   1   1
9    1   1   1   1   1   1   1   1   1   1   1   1   1   1
10   1   1   1   1   1   1   1   1   1   1   1   1   1   1
11   1   1   1   1   1   1   1   1   1   1   1   1   1   1
12   1   1   1   1   1   1   1   1   1   1   1   1   1   1
13   1   1   1   1   1   1   1   1   1   1   1   1   1   1
14   1   1   1   1   1   1   1   1   1   1   1   1   1   1
15   1   1   1   1   1   1   1   1   1   1   1   1   1   1
16   1   1   1   1   1   1   1   1   1   1   1   1   1   1
18   1   1   1   1   1   1   1   1   1   1   1   1   1   1
19   1   1   1   1   1   1   1   1   1   1   1   1   1   1
21   1   1   1   1   1   1   1   1   1   1   1   1   1   1
22   1   1   1   1   1   1   1   1   1   1   1   1   1   1
;

K2_test [*,*]
:        1           2           3           4           5           6       :=
1     .          0.0769231   0.0769231   0.0769231   0.0769231   0.0769231
2    0.0769231    .          0.0769231   0.0769231   0.0769231   0.0769231
3    0.0769231   0.0769231    .          0.0769231   0.0769231   0.0769231
4    0.0769231   0.0769231   0.0769231    .          0.0769231   0.0769231
5    0.0769231   0.0769231   0.0769231   0.0769231    .          0.0769231
6    0.0769231   0.0769231   0.0769231   0.0769231   0.0769231    .
7    0.0769231   0.0769231   0.0769231   0.0769231   0.0769231   0.0769231
8    0.0769231   0.0769231   0.0769231   0.0769231   0.0769231   0.0769231
9    0.0769231   0.0769231   0.0769231   0.0769231   0.0769231   0.0769231
10   0.0769231   0.0769231   0.0769231   0.0769231   0.0769231   0.0769231
11   0.0769231   0.0769231   0.0769231   0.0769231   0.0769231   0.0769231
12   0.0769231   0.0769231   0.0769231   0.0769231   0.0769231   0.0769231
13   0.0769231   0.0769231   0.0769231   0.0769231   0.0769231   0.0769231
14   0.0769231   0.0769231   0.0769231   0.0769231   0.0769231   0.0769231

:        7           8           9          10          11          12       :=
1    0.0769231   0.0769231   0.0769231   0.0769231   0.0769231   0.0769231
2    0.0769231   0.0769231   0.0769231   0.0769231   0.0769231   0.0769231
3    0.0769231   0.0769231   0.0769231   0.0769231   0.0769231   0.0769231
4    0.0769231   0.0769231   0.0769231   0.0769231   0.0769231   0.0769231
5    0.0769231   0.0769231   0.0769231   0.0769231   0.0769231   0.0769231
6    0.0769231   0.0769231   0.0769231   0.0769231   0.0769231   0.0769231
7     .          0.0769231   0.0769231   0.0769231   0.0769231   0.0769231
8    0.0769231    .          0.0769231   0.0769231   0.0769231   0.0769231
9    0.0769231   0.0769231    .          0.0769231   0.0769231   0.0769231
10   0.0769231   0.0769231   0.0769231    .          0.0769231   0.0769231
11   0.0769231   0.0769231   0.0769231   0.0769231    .          0.0769231
12   0.0769231   0.0769231   0.0769231   0.0769231   0.0769231    .
13   0.0769231   0.0769231   0.0769231   0.0769231   0.0769231   0.0769231
14   0.0769231   0.0769231   0.0769231   0.0769231   0.0769231   0.0769231

:       13          14        :=
1    0.0769231   0.0769231
2    0.0769231   0.0769231
3    0.0769231   0.0769231
4    0.0769231   0.0769231
5    0.0769231   0.0769231
6    0.0769231   0.0769231
7    0.0769231   0.0769231
8    0.0769231   0.0769231
9    0.0769231   0.0769231
10   0.0769231   0.0769231
11   0.0769231   0.0769231
12   0.0769231   0.0769231
13    .          0.0769231
14   0.0769231    .
;

zz2 [*,1,*]
:       2          3           4          5          6          7         8  :=
1    0          0          0           0          0          0         0
2    0          0          0           0          1          0         0
3    0          0          0           0          0          0         0
4    0          0          1           0          0          0         0
5    0.301775   0.698225   0           0          0          0         0
6    0          0          0           0          0          0         1
7    0          0.498539   0           0          0          0         0.501461
8    1          0          0           0          0          0         0
9    0.540367   0          0.459633    0          0          0         0
10   0          0          0           0          0          0         0
11   0          0          0           0          1          0         0
12   0          0          0           1          0          0         0
13   0          0          0           0          0          0         0
14   0          0          0           0          0          1         0
15   0          0.69398    0           0          0          0.30602   0
16   0          0          0.0872253   0          0.912775   0         0
18   0          0          0           0          0          0         0.156719
19   0          0          0           0          0          1         0
21   0          0.225314   0           0.774686   0          0         0
22   0          0          0           0          0          0         0.317429

:       9          10         11         12          13         14       :=
1    0.544855   0          0          0           0          0.455145
2    0          0          0          0           0          0
3    0          0          0          1           0          0
4    0          0          0          0           0          0
5    0          0          0          0           0          0
6    0          0          0          0           0          0
7    0          0          0          0           0          0
8    0          0          0          0           0          0
9    0          0          0          0           0          0
10   0          0          0          1           0          0
11   0          0          0          0           0          0
12   0          0          0          0           0          0
13   0          0          0          0           1          0
14   0          0          0          0           0          0
15   0          0          0          0           0          0
16   0          0          0          0           0          0
18   0          0.421641   0.421641   0           0          0
19   0          0          0          0           0          0
21   0          0          0          0           0          0
22   0          0          0          0.0662123   0.192795   0.423564

 [*,2,*]
:       1          3          4           5          6          7        :=
1    0          0          0          0           0          0
2    0          0          0          0           1          0
3    0          0          0          0           0          0
4    0          0          0.988034   0.0119658   0          0
5    0          1          0          0           0          0
6    0          0          0          0           0          0
7    0          0.498539   0          0           0          0
8    0          0          1          0           0          0
9    0.548702   0          0.451298   0           0          0
10   0          0          0          0           0          0
11   1          0          0          0           0          0
12   0          0          0          1           0          0
13   0          0          0          0           0          0
14   0          0          0          0           0.228602   0.771398
15   0          0.576366   0          0           0          0.423634
16   0          0          0          0           1          0
18   0          0          0          0           0          0
19   0          0          0          0           0          1
21   0          0.229133   0          0.770867    0          0
22   0          0          0          0           0          0

:       8          9          10         11         12          13       :=
1    0          0.544855   0          0          0           0
2    0          0          0          0          0           0
3    0          0          0          0          1           0
4    0          0          0          0          0           0
5    0          0          0          0          0           0
6    1          0          0          0          0           0
7    0.501461   0          0          0          0           0
8    0          0          0          0          0           0
9    0          0          0          0          0           0
10   0          0          0          0          1           0
11   0          0          0          0          0           0
12   0          0          0          0          0           0
13   0          0          0          0          0           1
14   0          0          0          0          0           0
15   0          0          0          0          0           0
16   0          0          0          0          0           0
18   0.156719   0          0.421641   0.421641   0           0
19   0          0          0          0          0           0
21   0          0          0          0          0           0
22   0.317429   0          0          0          0.0662123   0.192795

:       14       :=
1    0.455145
2    0
3    0
4    0
5    0
6    0
7    0
8    0
9    0
10   0
11   0
12   0
13   0
14   0
15   0
16   0
18   0
19   0
21   0
22   0.423564

 [*,3,*]
:       1          2           4          5          6          7        :=
1    0          0          0           0          0          0
2    0          0          0           0          1          0
3    0          0          0           0          0          0
4    0          0          1           0          0          0
5    0          1          0           0          0          0
6    0          0          0           0          0          0
7    0          0          0.498539    0          0          0
8    0          1          0           0          0          0
9    0.548702   0.427959   0.0233389   0          0          0
10   0          0          0           0          0          0
11   1          0          0           0          0          0
12   0          0          0.337971    0.662029   0          0
13   0          0          0           0          0          0
14   0          0          0           0          1          0
15   0          0          0           0          0          1
16   0          0          0.489011    0          0.510989   0
18   0          0          0           0          0          0
19   0          0          0.275214    0          0          0.724786
21   0          0          0           1          0          0
22   0          0          0           0          0          0

:       8          9          10         11         12          13       :=
1    0          0.544855   0          0          0           0
2    0          0          0          0          0           0
3    0          0          0          0          1           0
4    0          0          0          0          0           0
5    0          0          0          0          0           0
6    1          0          0          0          0           0
7    0.501461   0          0          0          0           0
8    0          0          0          0          0           0
9    0          0          0          0          0           0
10   0          0          0          0          1           0
11   0          0          0          0          0           0
12   0          0          0          0          0           0
13   0          0          0          0          0           1
14   0          0          0          0          0           0
15   0          0          0          0          0           0
16   0          0          0          0          0           0
18   0.156719   0          0.421641   0.421641   0           0
19   0          0          0          0          0           0
21   0          0          0          0          0           0
22   0.317429   0          0          0          0.0662123   0.192795

:       14       :=
1    0.455145
2    0
3    0
4    0
5    0
6    0
7    0
8    0
9    0
10   0
11   0
12   0
13   0
14   0
15   0
16   0
18   0
19   0
21   0
22   0.423564

 [*,4,*]
:       1          2          3          5          6          7        :=
1    0          0          0          0          0          0
2    0          0          0          0          1          0
3    0          0          0          0          0          0
4    0          0          0          1          0          0
5    0          0.85503    0.14497    0          0          0
6    0          0          0          0          0          0
7    0          0          0.498539   0          0          0
8    0          1          0          0          0          0
9    0.548702   0.451298   0          0          0          0
10   0          0          0          0          0          0
11   1          0          0          0          0          0
12   0          0          0          1          0          0
13   0          0          0          0          0          0
14   0          0          0          0          0.228602   0.771398
15   0          0          0.576366   0          0          0.423634
16   0          0          0          0          1          0
18   0          0          0          0          0          0
19   0          0          0          0          0          1
21   0          0          0.544463   0.455537   0          0
22   0          0          0          0          0          0

:        8          9          10         11         12          13       :=
1    0.0791916   0.544855   0          0          0           0
2    0           0          0          0          0           0
3    0           0          0          0          1           0
4    0           0          0          0          0           0
5    0           0          0          0          0           0
6    0           0          0          0          0           0
7    0.501461    0          0          0          0           0
8    0           0          0          0          0           0
9    0           0          0          0          0           0
10   0           0          0          0          1           0
11   0           0          0          0          0           0
12   0           0          0          0          0           0
13   0           0          0          0          0           1
14   0           0          0          0          0           0
15   0           0          0          0          0           0
16   0           0          0          0          0           0
18   0.156719    0          0.421641   0.421641   0           0
19   0           0          0          0          0           0
21   0           0          0          0          0           0
22   0.740993    0          0          0          0.0662123   0.192795

:       14       :=
1    0.375954
2    0
3    0
4    0
5    0
6    1
7    0
8    0
9    0
10   0
11   0
12   0
13   0
14   0
15   0
16   0
18   0
19   0
21   0
22   0

 [*,5,*]
:       1          2          3           4          6          7        :=
1    0          0          0          0           0          0
2    0          0          0          0           1          0
3    0          0          0          0           0          0
4    0          0          0          1           0          0
5    0          1          0          0           0          0
6    0          0          0          0           0          0
7    0          0          0.498539   0           0          0
8    0          1          0          0           0          0
9    0.548702   0.427959   0          0.0233389   0          0
10   0          0          0          0           0          0
11   1          0          0          0           0          0
12   0          0          0          1           0          0
13   0          0          0          0           0          0
14   0          0          0          0           1          0
15   0          0          0.165552   0           0          0.834448
16   0          0          0          0.489011    0.510989   0
18   0          0          0          0           0          0
19   0          0          0          0.0213675   0          0.978632
21   0          0          1          0           0          0
22   0          0          0          0           0          0

:        8          9          10         11         12          13       :=
1    0.0791916   0.544855   0          0          0           0
2    0           0          0          0          0           0
3    0           0          0          0          1           0
4    0           0          0          0          0           0
5    0           0          0          0          0           0
6    0           0          0          0          0           0
7    0.501461    0          0          0          0           0
8    0           0          0          0          0           0
9    0           0          0          0          0           0
10   0           0          0          0          1           0
11   0           0          0          0          0           0
12   0           0          0          0          0           0
13   0           0          0          0          0           1
14   0           0          0          0          0           0
15   0           0          0          0          0           0
16   0           0          0          0          0           0
18   0.156719    0          0.421641   0.421641   0           0
19   0           0          0          0          0           0
21   0           0          0          0          0           0
22   0.740993    0          0          0          0.0662123   0.192795

:       14       :=
1    0.375954
2    0
3    0
4    0
5    0
6    1
7    0
8    0
9    0
10   0
11   0
12   0
13   0
14   0
15   0
16   0
18   0
19   0
21   0
22   0

 [*,6,*]
:       1          2          3          4          5          7          8  :=
1    0          0          0          0          0          0         0.0791916
2    0          0          0          1          0          0         0
3    0          0          0          0          0          0         0
4    0          0          0          0.360684   0.639316   0         0
5    0          0.85503    0.14497    0          0          0         0
6    0          0          0          0          0          0         0
7    0          0          0.498539   0          0          0         0.501461
8    0          1          0          0          0          0         0
9    0.548702   0.451298   0          0          0          0         0
10   0          0          0          0          0          0         0
11   1          0          0          0          0          0         0
12   0          0          0          0          1          0         0
13   0          0          0          0          0          0         0
14   0          0          0          0          0          1         0
15   0          0          0.69398    0          0          0.30602   0
16   0          0          0          1          0          0         0
18   0          0          0          0          0          0         0.156719
19   0          0          0          0          0          1         0
21   0          0          0.429351   0          0.570649   0         0
22   0          0          0          0          0          0         0.740993

:       9          10         11         12          13         14       :=
1    0.544855   0          0          0           0          0.375954
2    0          0          0          0           0          0
3    0          0          0          1           0          0
4    0          0          0          0           0          0
5    0          0          0          0           0          0
6    0          0          0          0           0          1
7    0          0          0          0           0          0
8    0          0          0          0           0          0
9    0          0          0          0           0          0
10   0          0          0          1           0          0
11   0          0          0          0           0          0
12   0          0          0          0           0          0
13   0          0          0          0           1          0
14   0          0          0          0           0          0
15   0          0          0          0           0          0
16   0          0          0          0           0          0
18   0          0.421641   0.421641   0           0          0
19   0          0          0          0           0          0
21   0          0          0          0           0          0
22   0          0          0          0.0662123   0.192795   0

 [*,7,*]
:       1          2          3           4          5          6        :=
1    0          0          0          0           0          0
2    0          0          0          0           0          1
3    0          0          0          0           0          0
4    0          0          0          1           0          0
5    0          1          0          0           0          0
6    0          0          0          0           0          0
7    0          0          0.498539   0           0          0
8    0          1          0          0           0          0
9    0.548702   0.427959   0          0.0233389   0          0
10   0          0          0          0           0          0
11   1          0          0          0           0          0
12   0          0          0          0           1          0
13   0          0          0          0           0          0
14   0          0          0          0           0          1
15   0          0          0.957079   0.0429208   0          0
16   0          0          0          0.489011    0          0.510989
18   0          0          0          0           0          0
19   0          0          0          1           0          0
21   0          0          0.225314   0           0.774686   0
22   0          0          0          0           0          0

:        8          9          10         11         12          13       :=
1    0.0791916   0.375954   0          0          0           0
2    0           0          0          0          0           0
3    0           0          0          0          1           0
4    0           0          0          0          0           0
5    0           0          0          0          0           0
6    0           1          0          0          0           0
7    0.501461    0          0          0          0           0
8    0           0          0          0          0           0
9    0           0          0          0          0           0
10   0           0          0          0          1           0
11   0           0          0          0          0           0
12   0           0          0          0          0           0
13   0           0          0          0          0           1
14   0           0          0          0          0           0
15   0           0          0          0          0           0
16   0           0          0          0          0           0
18   0.156719    0          0.421641   0.421641   0           0
19   0           0          0          0          0           0
21   0           0          0          0          0           0
22   0.740993    0          0          0          0.0662123   0.192795

:       14       :=
1    0.544855
2    0
3    0
4    0
5    0
6    0
7    0
8    0
9    0
10   0
11   0
12   0
13   0
14   0
15   0
16   0
18   0
19   0
21   0
22   0

 [*,8,*]
:       1          2          3           4          5          6        :=
1    0          0          0          0           0          0
2    0          0          0          0           0          1
3    0          0          0          0           0          0
4    0          0          0          1           0          0
5    0          1          0          0           0          0
6    0          0          0          0.794872    0          0
7    0          0          1          0           0          0
8    0          1          0          0           0          0
9    0.548702   0.427959   0          0.0233389   0          0
10   0          0          0          0           0          0
11   1          0          0          0           0          0
12   0          0          0          0           1          0
13   0          0          0          0           0          0
14   0          0          0          0           0          0.228602
15   0          0          0.670011   0           0          0
16   0          0          0          0           0          1
18   0          0          0          0.208746    0          0
19   0          0          0          0           0          0
21   0          0          0.225314   0           0.774686   0
22   0          0          0          0           0          0

:       7          9          10         11         12          13       :=
1    0          0.544855   0          0          0           0
2    0          0          0          0          0           0
3    0          0          0          0          1           0
4    0          0          0          0          0           0
5    0          0          0          0          0           0
6    0.205128   0          0          0          0           0
7    0          0          0          0          0           0
8    0          0          0          0          0           0
9    0          0          0          0          0           0
10   0          0          0          0          1           0
11   0          0          0          0          0           0
12   0          0          0          0          0           0
13   0          0          0.133388   0          0           0.866612
14   0.771398   0          0          0          0           0
15   0.329989   0          0          0          0           0
16   0          0          0          0          0           0
18   0          0          0.369614   0.421641   0           0
19   1          0          0          0          0           0
21   0          0          0          0          0           0
22   0          0          0          0          0.0662123   0.510224

:       14       :=
1    0.455145
2    0
3    0
4    0
5    0
6    0
7    0
8    0
9    0
10   0
11   0
12   0
13   0
14   0
15   0
16   0
18   0
19   0
21   0
22   0.423564

 [*,9,*]
:       1          2          3           4          5          6        :=
1    0          0          0          0           0          0
2    0          0          0          0           0          1
3    0          0          0          0           0          0
4    0          0          0          1           0          0
5    0          1          0          0           0          0
6    0          0          0          0.794872    0          0
7    0          0          1          0           0          0
8    0          1          0          0           0          0
9    0.548702   0.427959   0          0.0233389   0          0
10   0          0          0          0           0          0
11   1          0          0          0           0          0
12   0          0          0          0           1          0
13   0          0          0          0           0          0
14   0          0          0          0           0          0.228602
15   0          0          0.670011   0           0          0
16   0          0          0          0           0          1
18   0          0          0          0.208746    0          0
19   0          0          0          0           0          0
21   0          0          0.225314   0           0.774686   0
22   0          0          0          0           0          0

:       7          8          10         11         12          13       :=
1    0          0.455145   0          0          0           0
2    0          0          0          0          0           0
3    0          0          0          0          1           0
4    0          0          0          0          0           0
5    0          0          0          0          0           0
6    0.205128   0          0          0          0           0
7    0          0          0          0          0           0
8    0          0          0          0          0           0
9    0          0          0          0          0           0
10   0          0          0          0          1           0
11   0          0          0          0          0           0
12   0          0          0          0          0           0
13   0          0          0.133388   0          0           0.866612
14   0.771398   0          0          0          0           0
15   0.329989   0          0          0          0           0
16   0          0          0          0          0           0
18   0          0          0.369614   0.421641   0           0
19   1          0          0          0          0           0
21   0          0          0          0          0           0
22   0          0.423564   0          0          0.0662123   0.510224

:       14       :=
1    0.544855
2    0
3    0
4    0
5    0
6    0
7    0
8    0
9    0
10   0
11   0
12   0
13   0
14   0
15   0
16   0
18   0
19   0
21   0
22   0

 [*,10,*]
:       1          2          3           4          5          6        :=
1    0          0          0          0           0          0
2    0          0          0          0           0          1
3    0          0          0          0           0          0
4    0          0          0          1           0          0
5    0          1          0          0           0          0
6    0          0          0          0.794872    0          0
7    0          0          1          0           0          0
8    0          1          0          0           0          0
9    0.548702   0.427959   0          0.0233389   0          0
10   0          0          0          0           0          0
11   1          0          0          0           0          0
12   0          0          0          0           1          0
13   0          0          0          0           0          0
14   0          0          0          0           0          0.228602
15   0          0          0.670011   0           0          0
16   0          0          0          0           0          1
18   0          0          0          0.208746    0          0
19   0          0          0          0           0          0
21   0          0          0.225314   0           0.774686   0
22   0          0          0          0           0          0

:       7           8          9          11         12          13       :=
1    0          0.0672304   0.544855   0          0           0
2    0          0           0          0          0           0
3    0          0           0          0          1           0
4    0          0           0          0          0           0
5    0          0           0          0          0           0
6    0.205128   0           0          0          0           0
7    0          0           0          0          0           0
8    0          0           0          0          0           0
9    0          0           0          0          0           0
10   0          0           0          0          1           0
11   0          0           0          0          0           0
12   0          0           0          0          0           0
13   0          0           0          0          0           1
14   0.771398   0           0          0          0           0
15   0.329989   0           0          0          0           0
16   0          0           0          0          0           0
18   0          0.369614    0          0.421641   0           0
19   1          0           0          0          0           0
21   0          0           0          0          0           0
22   0          0           0          0          0.0662123   0.192795

:       14       :=
1    0.387915
2    0
3    0
4    0
5    0
6    0
7    0
8    0
9    0
10   0
11   0
12   0
13   0
14   0
15   0
16   0
18   0
19   0
21   0
22   0.740993

 [*,11,*]
:       1          2          3           4          5          6        :=
1    0          0          0          0           0          0
2    0          0          0          0           0          1
3    0          0          0          0           0          0
4    0          0          0          1           0          0
5    0          1          0          0           0          0
6    0          0          0          0.794872    0          0
7    0          0          1          0           0          0
8    0          1          0          0           0          0
9    0.548702   0.427959   0          0.0233389   0          0
10   0          0          0          0           0          0
11   1          0          0          0           0          0
12   0          0          0          0           1          0
13   0          0          0          0           0          0
14   0          0          0          0           0          0.228602
15   0          0          0.670011   0           0          0
16   0          0          0          0           0          1
18   0          0          0          0.208746    0          0
19   0          0          0          0           0          0
21   0          0          0.225314   0           0.774686   0
22   0          0          0          0           0          0

:       7           8          9          10         12          13       :=
1    0          0.0672304   0.544855   0          0           0
2    0          0           0          0          0           0
3    0          0           0          0          1           0
4    0          0           0          0          0           0
5    0          0           0          0          0           0
6    0.205128   0           0          0          0           0
7    0          0           0          0          0           0
8    0          0           0          0          0           0
9    0          0           0          0          0           0
10   0          0           0          0          1           0
11   0          0           0          0          0           0
12   0          0           0          0          0           0
13   0          0           0          0          0           1
14   0.771398   0           0          0          0           0
15   0.329989   0           0          0          0           0
16   0          0           0          0          0           0
18   0          0.369614    0          0.421641   0           0
19   1          0           0          0          0           0
21   0          0           0          0          0           0
22   0          0           0          0          0.0662123   0.192795

:       14       :=
1    0.387915
2    0
3    0
4    0
5    0
6    0
7    0
8    0
9    0
10   0
11   0
12   0
13   0
14   0
15   0
16   0
18   0
19   0
21   0
22   0.740993

 [*,12,*]
:       1          2          3           4          5          6        :=
1    0          0          0          0           0          0
2    0          0          0          0           0          1
3    0          0          0          0           0          0
4    0          0          0          1           0          0
5    0          1          0          0           0          0
6    0          0          0          0           0          0
7    0          0          1          0           0          0
8    0          1          0          0           0          0
9    0.548702   0.427959   0          0.0233389   0          0
10   0          0          0          0           0          0
11   1          0          0          0           0          0
12   0          0          0          0           1          0
13   0          0          0          0           0          0
14   0          0          0          0           0          0.933911
15   0          0          0.670011   0           0          0
16   0          0          0          0.447115    0          0.552885
18   0          0          0          0.208746    0          0
19   0          0          0          0           0          0
21   0          0          0.225314   0           0.774686   0
22   0          0          0          0           0          0

:        7           8          9          10         11         13       :=
1    0           0           0.544855   0          0          0
2    0           0           0          0          0          0
3    0           1           0          0          0          0
4    0           0           0          0          0          0
5    0           0           0          0          0          0
6    1           0           0          0          0          0
7    0           0           0          0          0          0
8    0           0           0          0          0          0
9    0           0           0          0          0          0
10   0           1           0          0          0          0
11   0           0           0          0          0          0
12   0           0           0          0          0          0
13   0           0           0          0.133388   0          0.866612
14   0.0660888   0           0          0          0          0
15   0.329989    0           0          0          0          0
16   0           0           0          0          0          0
18   0           0           0          0.369614   0.421641   0
19   1           0           0          0          0          0
21   0           0           0          0          0          0
22   0           0.0662123   0          0          0          0.510224

:       14       :=
1    0.455145
2    0
3    0
4    0
5    0
6    0
7    0
8    0
9    0
10   0
11   0
12   0
13   0
14   0
15   0
16   0
18   0
19   0
21   0
22   0.423564

 [*,13,*]
:       1          2          3           4          5          6        :=
1    0          0          0          0           0          0
2    0          0          0          0           0          1
3    0          0          0          0           0          0
4    0          0          0          1           0          0
5    0          1          0          0           0          0
6    0          0          0          0.794872    0          0
7    0          0          1          0           0          0
8    0          1          0          0           0          0
9    0.548702   0.427959   0          0.0233389   0          0
10   0          0          0          0           0          0
11   1          0          0          0           0          0
12   0          0          0          0           1          0
13   0          0          0          0           0          0
14   0          0          0          0           0          0.228602
15   0          0          0.670011   0           0          0
16   0          0          0          0           0          1
18   0          0          0          0.208746    0          0
19   0          0          0          0           0          0
21   0          0          0.225314   0           0.774686   0
22   0          0          0          0           0          0

:       7          8          9          10          11         12        :=
1    0          0.108064   0.544855   0           0          0
2    0          0          0          0           0          0
3    0          0          0          0           0          1
4    0          0          0          0           0          0
5    0          0          0          0           0          0
6    0.205128   0          0          0           0          0
7    0          0          0          0           0          0
8    0          0          0          0           0          0
9    0          0          0          0           0          0
10   0          0          0          0           0          1
11   0          0          0          0           0          0
12   0          0          0          0           0          0
13   0          0          0          1           0          0
14   0.771398   0          0          0           0          0
15   0.329989   0          0          0           0          0
16   0          0          0          0           0          0
18   0          0.338015   0          0.0315991   0.421641   0
19   1          0          0          0           0          0
21   0          0          0          0           0          0
22   0          0          0          0           0          0.0662123

:       14       :=
1    0.347082
2    0
3    0
4    0
5    0
6    0
7    0
8    0
9    0
10   0
11   0
12   0
13   0
14   0
15   0
16   0
18   0
19   0
21   0
22   0.933788

 [*,14,*]
:       1          2          3           4          5          6        :=
1    0          0          0          0           0          0
2    0          0          0          0           0          1
3    0          0          0          0           0          0
4    0          0          0          1           0          0
5    0          1          0          0           0          0
6    0          0          0          0.794872    0          0
7    0          0          1          0           0          0
8    0          1          0          0           0          0
9    0.548702   0.427959   0          0.0233389   0          0
10   0          0          0          0           0          0
11   1          0          0          0           0          0
12   0          0          0          0           1          0
13   0          0          0          0           0          0
14   0          0          0          0           0          0.228602
15   0          0          0.670011   0           0          0
16   0          0          0          0           0          1
18   0          0          0          0.208746    0          0
19   0          0          0          0           0          0
21   0          0          0.225314   0           0.774686   0
22   0          0          0          0           0          0

:       7          8          9          10         11         12        :=
1    0          0.455145   0.544855   0          0          0
2    0          0          0          0          0          0
3    0          0          0          0          0          1
4    0          0          0          0          0          0
5    0          0          0          0          0          0
6    0.205128   0          0          0          0          0
7    0          0          0          0          0          0
8    0          0          0          0          0          0
9    0          0          0          0          0          0
10   0          0          0          0          0          1
11   0          0          0          0          0          0
12   0          0          0          0          0          0
13   0          0          0          0.133388   0          0
14   0.771398   0          0          0          0          0
15   0.329989   0          0          0          0          0
16   0          0          0          0          0          0
18   0          0          0          0.369614   0.421641   0
19   1          0          0          0          0          0
21   0          0          0          0          0          0
22   0          0.423564   0          0          0          0.0662123

:       13       :=
1    0
2    0
3    0
4    0
5    0
6    0
7    0
8    0
9    0
10   0
11   0
12   0
13   0.866612
14   0
15   0
16   0
18   0
19   0
21   0
22   0.510224
;

