K=4, W/V=2.8565092, K=4, time:0.047

ca [*] :=
1  4
;

fragment allocation x on node k:

1    2    3    4    
0 1 1 0 0 
1 1 1 0 0 
2 1 1 0 0 
3 1 1 0 0 
4 1 1 0 0 
5 1 1 0 0 
6 1 1 0 0 
7 0 0 0 0 
8 0 0 0 0 
9 1 1 0 1 
10 1 1 0 1 
11 0 0 0 0 
12 1 1 1 1 
13 1 1 1 1 
14 1 1 0 1 
15 0 0 0 0 
16 1 1 0 1 
17 1 1 0 1 
18 1 1 0 1 
19 1 1 0 1 
20 1 1 0 1 
21 1 1 0 0 
22 1 1 0 0 
23 1 1 1 1 
24 1 1 1 1 
25 0 0 1 1 
26 1 1 1 1 
27 0 0 1 1 
28 0 0 1 1 
29 0 0 1 1 
30 0 0 1 1 
31 1 1 0 0 
32 1 1 0 0 
33 1 1 0 0 
34 1 1 0 0 
35 0 0 0 0 
36 1 1 1 1 
37 1 1 1 1 
38 1 1 0 1 
39 1 1 1 1 
40 1 1 1 1 
41 1 1 0 0 
42 0 0 0 0 
43 0 0 1 1 
44 0 0 1 1 
45 1 1 1 1 
46 1 1 0 0 
47 1 1 0 1 
48 0 0 0 0 
49 1 1 1 1 
50 1 1 1 1 
51 1 1 1 1 
52 0 0 1 1 
53 0 0 1 1 
54 0 0 1 1 
55 1 1 1 1 
56 1 1 0 1 
57 1 1 0 1 
58 1 1 0 0 
59 1 1 0 0 

query feasibility y on node k:

1    2    3    4    
1 0 0 1 1 
2 1 1 0 0 
3 0 0 1 1 
4 1 1 0 0 
5 1 1 0 1 
6 1 1 1 1 
7 1 1 0 1 
8 1 1 0 0 
9 1 1 0 0 
10 0 0 1 1 
11 1 1 0 0 
12 1 1 0 0 
13 0 0 1 1 
14 1 1 0 0 
15 1 1 0 1 
16 1 1 0 0 
18 1 1 1 1 
19 1 1 0 0 
21 1 1 0 1 
22 0 0 1 1 

workload distribution ohne node failure:

1    2    3    4    
1 0.00000000 0.00000000 0.93967828 0.06032172 
2 1.00000000 0.00000000 0.00000000 0.00000000 
3 0.00000000 0.00000000 0.00000000 1.00000000 
4 1.00000000 0.00000000 0.00000000 0.00000000 
5 0.00000000 0.00000000 0.00000000 1.00000000 
6 0.00000000 0.00000000 0.00000000 1.00000000 
7 0.00000000 0.00000000 0.00000000 1.00000000 
8 1.00000000 0.00000000 0.00000000 0.00000000 
9 0.00000000 1.00000000 0.00000000 0.00000000 
10 0.00000000 0.00000000 1.00000000 0.00000000 
11 1.00000000 0.00000000 0.00000000 0.00000000 
12 0.00000000 1.00000000 0.00000000 0.00000000 
13 0.00000000 0.00000000 1.00000000 0.00000000 
14 1.00000000 0.00000000 0.00000000 0.00000000 
15 0.00000000 0.00000000 0.00000000 1.00000000 
16 1.00000000 0.00000000 0.00000000 0.00000000 
18 0.66078838 0.31846473 0.02074689 0.00000000 
19 0.00000000 1.00000000 0.00000000 0.00000000 
21 0.00000000 0.00000000 0.00000000 1.00000000 
22 0.00000000 0.00000000 0.00000000 1.00000000 

workload distribution if node 1 fails:

2    3    4    
1 0.00000000 0.00000000 1.00000000 
2 1.00000000 0.00000000 0.00000000 
3 0.00000000 1.00000000 0.00000000 
4 1.00000000 0.00000000 0.00000000 
5 0.00000000 0.00000000 1.00000000 
6 0.00000000 1.00000000 0.00000000 
7 0.00000000 0.00000000 1.00000000 
8 1.00000000 0.00000000 0.00000000 
9 1.00000000 0.00000000 0.00000000 
10 0.00000000 1.00000000 0.00000000 
11 1.00000000 0.00000000 0.00000000 
12 1.00000000 0.00000000 0.00000000 
13 0.00000000 1.00000000 0.00000000 
14 1.00000000 0.00000000 0.00000000 
15 0.00000000 0.00000000 1.00000000 
16 1.00000000 0.00000000 0.00000000 
18 0.00000000 0.73167358 0.26832642 
19 1.00000000 0.00000000 0.00000000 
21 0.22458629 0.00000000 0.77541371 
22 0.00000000 1.00000000 0.00000000 

workload distribution if node 2 fails:

1    3    4    
1 0.00000000 0.94548704 0.05451296 
2 1.00000000 0.00000000 0.00000000 
3 0.00000000 1.00000000 0.00000000 
4 1.00000000 0.00000000 0.00000000 
5 0.00000000 0.00000000 1.00000000 
6 0.00000000 1.00000000 0.00000000 
7 0.00000000 0.00000000 1.00000000 
8 1.00000000 0.00000000 0.00000000 
9 1.00000000 0.00000000 0.00000000 
10 0.00000000 1.00000000 0.00000000 
11 1.00000000 0.00000000 0.00000000 
12 1.00000000 0.00000000 0.00000000 
13 0.00000000 1.00000000 0.00000000 
14 1.00000000 0.00000000 0.00000000 
15 0.00000000 0.00000000 1.00000000 
16 1.00000000 0.00000000 0.00000000 
18 0.00000000 0.00000000 1.00000000 
19 1.00000000 0.00000000 0.00000000 
21 0.22458629 0.00000000 0.77541371 
22 0.00000000 1.00000000 0.00000000 

workload distribution if node 3 fails:

1    2    4    
1 0.00000000 0.00000000 1.00000000 
2 1.00000000 0.00000000 0.00000000 
3 0.00000000 0.00000000 1.00000000 
4 1.00000000 0.00000000 0.00000000 
5 1.00000000 0.00000000 0.00000000 
6 1.00000000 0.00000000 0.00000000 
7 1.00000000 0.00000000 0.00000000 
8 1.00000000 0.00000000 0.00000000 
9 0.00000000 1.00000000 0.00000000 
10 0.00000000 0.00000000 1.00000000 
11 1.00000000 0.00000000 0.00000000 
12 0.00000000 1.00000000 0.00000000 
13 0.00000000 0.00000000 1.00000000 
14 1.00000000 0.00000000 0.00000000 
15 1.00000000 0.00000000 0.00000000 
16 1.00000000 0.00000000 0.00000000 
18 0.13623790 0.77524205 0.08852006 
19 0.00000000 1.00000000 0.00000000 
21 1.00000000 0.00000000 0.00000000 
22 0.00000000 0.00000000 1.00000000 

workload distribution if node 4 fails:

1    2    3    
1 0.00000000 0.00000000 1.00000000 
2 1.00000000 0.00000000 0.00000000 
3 0.00000000 0.00000000 1.00000000 
4 1.00000000 0.00000000 0.00000000 
5 1.00000000 0.00000000 0.00000000 
6 1.00000000 0.00000000 0.00000000 
7 1.00000000 0.00000000 0.00000000 
8 1.00000000 0.00000000 0.00000000 
9 0.00000000 1.00000000 0.00000000 
10 0.00000000 0.00000000 1.00000000 
11 1.00000000 0.00000000 0.00000000 
12 0.00000000 1.00000000 0.00000000 
13 0.00000000 0.00000000 1.00000000 
14 1.00000000 0.00000000 0.00000000 
15 1.00000000 0.00000000 0.00000000 
16 1.00000000 0.00000000 0.00000000 
18 0.13623790 0.77524205 0.08852006 
19 0.00000000 1.00000000 0.00000000 
21 1.00000000 0.00000000 0.00000000 
22 0.00000000 0.00000000 1.00000000 



zz_test [*] :=
 1  1
 2  1
 3  1
 4  1
 5  1
 6  1
 7  1
 8  1
 9  1
10  1
11  1
12  1
13  1
14  1
15  1
16  1
18  1
19  1
21  1
22  1
;

K_test [*] :=
1  0.25
2  0.25
3  0.25
4  0.25
;

zz2_test [*,*]
:    1   2   3   4    :=
1    1   1   1   1
2    1   1   1   1
3    1   1   1   1
4    1   1   1   1
5    1   1   1   1
6    1   1   1   1
7    1   1   1   1
8    1   1   1   1
9    1   1   1   1
10   1   1   1   1
11   1   1   1   1
12   1   1   1   1
13   1   1   1   1
14   1   1   1   1
15   1   1   1   1
16   1   1   1   1
18   1   1   1   1
19   1   1   1   1
21   1   1   1   1
22   1   1   1   1
;

K2_test :=
1 2   0.333333
1 3   0.333333
1 4   0.333333
2 1   0.333333
2 3   0.333333
2 4   0.333333
3 1   0.333333
3 2   0.333333
3 4   0.333333
4 1   0.333333
4 2   0.333333
4 3   0.333333
;

zz2 [*,1,*]
:       2          3          4        :=
1    0          0          1
2    1          0          0
3    0          1          0
4    1          0          0
5    0          0          1
6    0          1          0
7    0          0          1
8    1          0          0
9    1          0          0
10   0          1          0
11   1          0          0
12   1          0          0
13   0          1          0
14   1          0          0
15   0          0          1
16   1          0          0
18   0          0.731674   0.268326
19   1          0          0
21   0.224586   0          0.775414
22   0          1          0

 [*,2,*]
:       1          3          4        :=
1    0          0.945487   0.054513
2    1          0          0
3    0          1          0
4    1          0          0
5    0          0          1
6    0          1          0
7    0          0          1
8    1          0          0
9    1          0          0
10   0          1          0
11   1          0          0
12   1          0          0
13   0          1          0
14   1          0          0
15   0          0          1
16   1          0          0
18   0          0          1
19   1          0          0
21   0.224586   0          0.775414
22   0          1          0

 [*,3,*]
:       1          2           4        :=
1    0          0          1
2    1          0          0
3    0          0          1
4    1          0          0
5    1          0          0
6    1          0          0
7    1          0          0
8    1          0          0
9    0          1          0
10   0          0          1
11   1          0          0
12   0          1          0
13   0          0          1
14   1          0          0
15   1          0          0
16   1          0          0
18   0.136238   0.775242   0.0885201
19   0          1          0
21   1          0          0
22   0          0          1

 [*,4,*]
:       1          2           3        :=
1    0          0          1
2    1          0          0
3    0          0          1
4    1          0          0
5    1          0          0
6    1          0          0
7    1          0          0
8    1          0          0
9    0          1          0
10   0          0          1
11   1          0          0
12   0          1          0
13   0          0          1
14   1          0          0
15   1          0          0
16   1          0          0
18   0.136238   0.775242   0.0885201
19   0          1          0
21   1          0          0
22   0          0          1
;

