K=7, W/V=3.7333395, K=7, time:0.328

ca [*] :=
1  7
;

fragment allocation x on node k:

1    2    3    4    5    6    7    
0 1 1 0 1 0 0 0 
1 1 0 0 1 0 0 0 
2 1 1 0 0 0 0 0 
3 1 1 0 0 0 0 0 
4 1 1 0 1 0 0 0 
5 1 1 0 0 0 0 0 
6 1 1 0 0 0 0 0 
7 0 0 0 0 0 0 0 
8 0 0 0 0 0 0 0 
9 1 1 0 1 0 0 1 
10 1 1 0 1 0 0 1 
11 0 0 0 0 0 0 0 
12 1 1 1 1 0 0 1 
13 1 1 1 1 0 0 1 
14 1 1 0 1 0 0 1 
15 0 0 0 0 0 0 0 
16 1 1 1 1 0 0 1 
17 1 1 1 0 0 0 0 
18 1 1 1 0 0 0 0 
19 1 1 1 1 0 0 1 
20 1 1 1 0 0 0 0 
21 1 1 0 0 0 0 0 
22 1 1 0 0 0 0 0 
23 1 1 1 1 1 1 1 
24 0 0 1 1 0 1 1 
25 0 0 1 1 0 0 0 
26 1 0 1 1 0 0 1 
27 0 1 1 1 0 0 0 
28 0 1 1 1 0 0 0 
29 0 0 1 0 1 0 1 
30 0 0 1 1 0 0 0 
31 1 1 0 1 0 0 0 
32 1 1 0 1 0 0 0 
33 1 1 0 0 0 0 0 
34 1 1 0 1 0 0 0 
35 0 0 0 0 0 0 0 
36 1 0 1 1 1 1 1 
37 1 1 1 1 1 1 1 
38 1 0 1 0 0 0 0 
39 0 0 0 1 0 1 1 
40 1 0 1 1 1 1 1 
41 1 0 1 0 0 0 0 
42 0 0 0 0 0 0 0 
43 0 0 1 0 1 0 1 
44 0 0 0 0 1 1 0 
45 1 0 1 1 1 1 1 
46 1 1 0 1 0 0 0 
47 1 0 1 1 0 0 1 
48 0 0 0 0 0 0 0 
49 1 1 0 1 1 1 1 
50 1 1 1 1 1 0 1 
51 1 1 1 1 1 0 1 
52 0 0 0 0 1 0 1 
53 0 0 1 1 1 0 1 
54 0 0 0 0 1 0 1 
55 1 1 1 0 1 0 1 
56 1 0 1 0 0 0 0 
57 1 0 1 0 0 0 0 
58 1 1 0 0 0 0 0 
59 1 1 1 0 0 0 0 

query feasibility y on node k:

1    2    3    4    5    6    7    
1 0 0 0 0 1 0 1 
2 1 1 0 0 0 0 0 
3 0 0 1 0 1 0 1 
4 1 0 1 0 0 0 0 
5 1 0 0 1 0 0 1 
6 1 1 0 0 1 0 1 
7 1 0 1 0 0 0 1 
8 1 0 0 1 0 0 0 
9 1 0 0 1 0 0 0 
10 0 0 1 1 0 0 0 
11 1 1 0 0 0 0 0 
12 1 0 1 0 0 0 0 
13 0 0 0 0 1 1 0 
14 1 1 0 0 0 0 0 
15 1 0 1 0 0 0 0 
16 1 1 0 0 0 0 0 
18 0 0 0 1 0 1 1 
19 1 1 0 0 0 0 0 
21 1 0 1 0 0 0 0 
22 0 1 1 1 0 0 0 

workload distribution ohne node failure:

1    2    3    4    5    6    7    
1 0.00000000 0.00000000 0.00000000 0.00000000 0.27728840 0.00000000 0.72271160 
2 0.06095238 0.93904762 0.00000000 0.00000000 0.00000000 0.00000000 0.00000000 
3 0.00000000 0.00000000 0.00000000 0.00000000 1.00000000 0.00000000 0.00000000 
4 1.00000000 0.00000000 0.00000000 0.00000000 0.00000000 0.00000000 0.00000000 
5 1.00000000 0.00000000 0.00000000 0.00000000 0.00000000 0.00000000 0.00000000 
6 0.00000000 0.00000000 0.00000000 0.00000000 0.00000000 0.00000000 1.00000000 
7 1.00000000 0.00000000 0.00000000 0.00000000 0.00000000 0.00000000 0.00000000 
8 1.00000000 0.00000000 0.00000000 0.00000000 0.00000000 0.00000000 0.00000000 
9 0.01636444 0.00000000 0.00000000 0.98363556 0.00000000 0.00000000 0.00000000 
10 0.00000000 0.00000000 1.00000000 0.00000000 0.00000000 0.00000000 0.00000000 
11 0.00000000 1.00000000 0.00000000 0.00000000 0.00000000 0.00000000 0.00000000 
12 0.00000000 0.00000000 1.00000000 0.00000000 0.00000000 0.00000000 0.00000000 
13 0.00000000 0.00000000 0.00000000 0.00000000 1.00000000 0.00000000 0.00000000 
14 1.00000000 0.00000000 0.00000000 0.00000000 0.00000000 0.00000000 0.00000000 
15 0.77950311 0.00000000 0.22049689 0.00000000 0.00000000 0.00000000 0.00000000 
16 0.00000000 1.00000000 0.00000000 0.00000000 0.00000000 0.00000000 0.00000000 
18 0.00000000 0.00000000 0.00000000 0.12388856 0.00000000 0.78304683 0.09306461 
19 0.00000000 1.00000000 0.00000000 0.00000000 0.00000000 0.00000000 0.00000000 
21 0.00000000 0.00000000 1.00000000 0.00000000 0.00000000 0.00000000 0.00000000 
22 0.00000000 1.00000000 0.00000000 0.00000000 0.00000000 0.00000000 0.00000000 

workload distribution if node 1 fails:

2    3    4    5    6    7    
1 0.00000000 0.00000000 0.00000000 0.44593387 0.00000000 0.55406613 
2 1.00000000 0.00000000 0.00000000 0.00000000 0.00000000 0.00000000 
3 0.00000000 0.00000000 0.00000000 1.00000000 0.00000000 0.00000000 
4 0.00000000 1.00000000 0.00000000 0.00000000 0.00000000 0.00000000 
5 0.00000000 0.00000000 0.00000000 0.00000000 0.00000000 1.00000000 
6 0.00000000 0.00000000 0.00000000 0.00000000 0.00000000 1.00000000 
7 0.00000000 0.00000000 0.00000000 0.00000000 0.00000000 1.00000000 
8 0.00000000 0.00000000 1.00000000 0.00000000 0.00000000 0.00000000 
9 0.00000000 0.00000000 1.00000000 0.00000000 0.00000000 0.00000000 
10 0.00000000 0.19940476 0.80059524 0.00000000 0.00000000 0.00000000 
11 1.00000000 0.00000000 0.00000000 0.00000000 0.00000000 0.00000000 
12 0.00000000 1.00000000 0.00000000 0.00000000 0.00000000 0.00000000 
13 0.00000000 0.00000000 0.00000000 1.00000000 0.00000000 0.00000000 
14 1.00000000 0.00000000 0.00000000 0.00000000 0.00000000 0.00000000 
15 0.00000000 1.00000000 0.00000000 0.00000000 0.00000000 0.00000000 
16 1.00000000 0.00000000 0.00000000 0.00000000 0.00000000 0.00000000 
18 0.00000000 0.00000000 0.00414938 0.00000000 0.91355463 0.08229599 
19 1.00000000 0.00000000 0.00000000 0.00000000 0.00000000 0.00000000 
21 0.00000000 1.00000000 0.00000000 0.00000000 0.00000000 0.00000000 
22 0.83966245 0.00000000 0.16033755 0.00000000 0.00000000 0.00000000 

workload distribution if node 2 fails:

1    3    4    5    6    7    
1 0.00000000 0.00000000 0.00000000 0.27703307 0.00000000 0.72296693 
2 1.00000000 0.00000000 0.00000000 0.00000000 0.00000000 0.00000000 
3 0.00000000 0.00000000 0.00000000 1.00000000 0.00000000 0.00000000 
4 1.00000000 0.00000000 0.00000000 0.00000000 0.00000000 0.00000000 
5 0.00000000 0.00000000 0.00000000 0.00000000 0.00000000 1.00000000 
6 0.00000000 0.00000000 0.00000000 1.00000000 0.00000000 0.00000000 
7 0.00000000 0.00000000 0.00000000 0.00000000 0.00000000 1.00000000 
8 0.00000000 0.00000000 1.00000000 0.00000000 0.00000000 0.00000000 
9 0.02992776 0.00000000 0.97007224 0.00000000 0.00000000 0.00000000 
10 0.00000000 0.00000000 1.00000000 0.00000000 0.00000000 0.00000000 
11 1.00000000 0.00000000 0.00000000 0.00000000 0.00000000 0.00000000 
12 0.12411348 0.87588652 0.00000000 0.00000000 0.00000000 0.00000000 
13 0.00000000 0.00000000 0.00000000 1.00000000 0.00000000 0.00000000 
14 1.00000000 0.00000000 0.00000000 0.00000000 0.00000000 0.00000000 
15 0.00000000 1.00000000 0.00000000 0.00000000 0.00000000 0.00000000 
16 1.00000000 0.00000000 0.00000000 0.00000000 0.00000000 0.00000000 
18 0.00000000 0.00000000 0.00414938 0.00000000 0.91355463 0.08229599 
19 1.00000000 0.00000000 0.00000000 0.00000000 0.00000000 0.00000000 
21 0.00000000 1.00000000 0.00000000 0.00000000 0.00000000 0.00000000 
22 0.00000000 1.00000000 0.00000000 0.00000000 0.00000000 0.00000000 

workload distribution if node 3 fails:

1    2    4    5    6    7    
1 0.00000000 0.00000000 0.00000000 0.27703307 0.00000000 0.72296693 
2 0.00000000 1.00000000 0.00000000 0.00000000 0.00000000 0.00000000 
3 0.00000000 0.00000000 0.00000000 1.00000000 0.00000000 0.00000000 
4 1.00000000 0.00000000 0.00000000 0.00000000 0.00000000 0.00000000 
5 0.00000000 0.00000000 0.00000000 0.00000000 0.00000000 1.00000000 
6 0.00000000 0.00000000 0.00000000 1.00000000 0.00000000 0.00000000 
7 0.00000000 0.00000000 0.00000000 0.00000000 0.00000000 1.00000000 
8 1.00000000 0.00000000 0.00000000 0.00000000 0.00000000 0.00000000 
9 0.00000000 0.00000000 1.00000000 0.00000000 0.00000000 0.00000000 
10 0.00000000 0.00000000 1.00000000 0.00000000 0.00000000 0.00000000 
11 0.00000000 1.00000000 0.00000000 0.00000000 0.00000000 0.00000000 
12 1.00000000 0.00000000 0.00000000 0.00000000 0.00000000 0.00000000 
13 0.00000000 0.00000000 0.00000000 1.00000000 0.00000000 0.00000000 
14 0.13145540 0.86854460 0.00000000 0.00000000 0.00000000 0.00000000 
15 1.00000000 0.00000000 0.00000000 0.00000000 0.00000000 0.00000000 
16 0.00000000 1.00000000 0.00000000 0.00000000 0.00000000 0.00000000 
18 0.00000000 0.00000000 0.00414938 0.00000000 0.91355463 0.08229599 
19 0.00000000 1.00000000 0.00000000 0.00000000 0.00000000 0.00000000 
21 1.00000000 0.00000000 0.00000000 0.00000000 0.00000000 0.00000000 
22 0.00000000 0.95780591 0.04219409 0.00000000 0.00000000 0.00000000 

workload distribution if node 4 fails:

1    2    3    5    6    7    
1 0.00000000 0.00000000 0.00000000 0.27703307 0.00000000 0.72296693 
2 0.00000000 1.00000000 0.00000000 0.00000000 0.00000000 0.00000000 
3 0.00000000 0.00000000 0.00000000 1.00000000 0.00000000 0.00000000 
4 1.00000000 0.00000000 0.00000000 0.00000000 0.00000000 0.00000000 
5 0.00000000 0.00000000 0.00000000 0.00000000 0.00000000 1.00000000 
6 0.00000000 0.00000000 0.00000000 1.00000000 0.00000000 0.00000000 
7 0.02531646 0.00000000 0.00000000 0.00000000 0.00000000 0.97468354 
8 1.00000000 0.00000000 0.00000000 0.00000000 0.00000000 0.00000000 
9 1.00000000 0.00000000 0.00000000 0.00000000 0.00000000 0.00000000 
10 0.00000000 0.00000000 1.00000000 0.00000000 0.00000000 0.00000000 
11 0.00000000 1.00000000 0.00000000 0.00000000 0.00000000 0.00000000 
12 0.60992908 0.00000000 0.39007092 0.00000000 0.00000000 0.00000000 
13 0.00000000 0.00000000 0.00000000 1.00000000 0.00000000 0.00000000 
14 0.00000000 1.00000000 0.00000000 0.00000000 0.00000000 0.00000000 
15 0.00000000 0.00000000 1.00000000 0.00000000 0.00000000 0.00000000 
16 0.00000000 1.00000000 0.00000000 0.00000000 0.00000000 0.00000000 
18 0.00000000 0.00000000 0.00000000 0.00000000 0.91355463 0.08644537 
19 0.00000000 1.00000000 0.00000000 0.00000000 0.00000000 0.00000000 
21 0.00000000 0.00000000 1.00000000 0.00000000 0.00000000 0.00000000 
22 0.00000000 0.83966245 0.16033755 0.00000000 0.00000000 0.00000000 

workload distribution if node 5 fails:

1    2    3    4    6    7    
1 0.00000000 0.00000000 0.00000000 0.00000000 0.00000000 1.00000000 
2 0.00000000 1.00000000 0.00000000 0.00000000 0.00000000 0.00000000 
3 0.00000000 0.00000000 0.21705426 0.00000000 0.00000000 0.78294574 
4 1.00000000 0.00000000 0.00000000 0.00000000 0.00000000 0.00000000 
5 1.00000000 0.00000000 0.00000000 0.00000000 0.00000000 0.00000000 
6 0.00000000 1.00000000 0.00000000 0.00000000 0.00000000 0.00000000 
7 1.00000000 0.00000000 0.00000000 0.00000000 0.00000000 0.00000000 
8 1.00000000 0.00000000 0.00000000 0.00000000 0.00000000 0.00000000 
9 0.34778122 0.00000000 0.00000000 0.65221878 0.00000000 0.00000000 
10 0.00000000 0.00000000 1.00000000 0.00000000 0.00000000 0.00000000 
11 1.00000000 0.00000000 0.00000000 0.00000000 0.00000000 0.00000000 
12 0.00000000 0.00000000 1.00000000 0.00000000 0.00000000 0.00000000 
13 0.00000000 0.00000000 0.00000000 0.00000000 1.00000000 0.00000000 
14 0.00000000 1.00000000 0.00000000 0.00000000 0.00000000 0.00000000 
15 0.45893720 0.00000000 0.54106280 0.00000000 0.00000000 0.00000000 
16 0.00000000 1.00000000 0.00000000 0.00000000 0.00000000 0.00000000 
18 0.00000000 0.00000000 0.00000000 0.47648686 0.52351314 0.00000000 
19 0.55185185 0.44814815 0.00000000 0.00000000 0.00000000 0.00000000 
21 0.00000000 0.00000000 1.00000000 0.00000000 0.00000000 0.00000000 
22 0.00000000 1.00000000 0.00000000 0.00000000 0.00000000 0.00000000 

workload distribution if node 6 fails:

1    2    3    4    5    7    
1 0.00000000 0.00000000 0.00000000 0.00000000 0.67649687 0.32350313 
2 0.00000000 1.00000000 0.00000000 0.00000000 0.00000000 0.00000000 
3 0.00000000 0.00000000 1.00000000 0.00000000 0.00000000 0.00000000 
4 1.00000000 0.00000000 0.00000000 0.00000000 0.00000000 0.00000000 
5 1.00000000 0.00000000 0.00000000 0.00000000 0.00000000 0.00000000 
6 0.00000000 1.00000000 0.00000000 0.00000000 0.00000000 0.00000000 
7 1.00000000 0.00000000 0.00000000 0.00000000 0.00000000 0.00000000 
8 1.00000000 0.00000000 0.00000000 0.00000000 0.00000000 0.00000000 
9 0.13931889 0.00000000 0.00000000 0.86068111 0.00000000 0.00000000 
10 0.00000000 0.00000000 1.00000000 0.00000000 0.00000000 0.00000000 
11 0.00000000 1.00000000 0.00000000 0.00000000 0.00000000 0.00000000 
12 0.00000000 0.00000000 1.00000000 0.00000000 0.00000000 0.00000000 
13 0.00000000 0.00000000 0.00000000 0.00000000 1.00000000 0.00000000 
14 1.00000000 0.00000000 0.00000000 0.00000000 0.00000000 0.00000000 
15 0.94685990 0.00000000 0.05314010 0.00000000 0.00000000 0.00000000 
16 0.00000000 1.00000000 0.00000000 0.00000000 0.00000000 0.00000000 
18 0.00000000 0.00000000 0.00000000 0.33679115 0.00000000 0.66320885 
19 0.05185185 0.94814815 0.00000000 0.00000000 0.00000000 0.00000000 
21 0.00000000 0.00000000 1.00000000 0.00000000 0.00000000 0.00000000 
22 0.00000000 1.00000000 0.00000000 0.00000000 0.00000000 0.00000000 

workload distribution if node 7 fails:

1    2    3    4    5    6    
1 0.00000000 0.00000000 0.00000000 0.00000000 1.00000000 0.00000000 
2 0.00000000 1.00000000 0.00000000 0.00000000 0.00000000 0.00000000 
3 0.00000000 0.00000000 0.79457364 0.00000000 0.20542636 0.00000000 
4 1.00000000 0.00000000 0.00000000 0.00000000 0.00000000 0.00000000 
5 1.00000000 0.00000000 0.00000000 0.00000000 0.00000000 0.00000000 
6 0.00000000 0.21164021 0.00000000 0.00000000 0.78835979 0.00000000 
7 1.00000000 0.00000000 0.00000000 0.00000000 0.00000000 0.00000000 
8 1.00000000 0.00000000 0.00000000 0.00000000 0.00000000 0.00000000 
9 0.34778122 0.00000000 0.00000000 0.65221878 0.00000000 0.00000000 
10 0.00000000 0.00000000 1.00000000 0.00000000 0.00000000 0.00000000 
11 1.00000000 0.00000000 0.00000000 0.00000000 0.00000000 0.00000000 
12 0.00000000 0.00000000 1.00000000 0.00000000 0.00000000 0.00000000 
13 0.00000000 0.00000000 0.00000000 0.00000000 0.00000000 1.00000000 
14 0.00000000 1.00000000 0.00000000 0.00000000 0.00000000 0.00000000 
15 0.81884058 0.00000000 0.18115942 0.00000000 0.00000000 0.00000000 
16 0.00000000 1.00000000 0.00000000 0.00000000 0.00000000 0.00000000 
18 0.00000000 0.00000000 0.00000000 0.47648686 0.00000000 0.52351314 
19 0.00000000 1.00000000 0.00000000 0.00000000 0.00000000 0.00000000 
21 0.00000000 0.00000000 1.00000000 0.00000000 0.00000000 0.00000000 
22 0.00000000 1.00000000 0.00000000 0.00000000 0.00000000 0.00000000 



zz_test [*] :=
 1  1
 2  1
 3  1
 4  1
 5  1
 6  1
 7  1
 8  1
 9  1
10  1
11  1
12  1
13  1
14  1
15  1
16  1
18  1
19  1
21  1
22  1
;

K_test [*] :=
1  0.142857
2  0.142857
3  0.142857
4  0.142857
5  0.142857
6  0.142857
7  0.142857
;

zz2_test [*,*]
:    1   2   3   4   5   6   7    :=
1    1   1   1   1   1   1   1
2    1   1   1   1   1   1   1
3    1   1   1   1   1   1   1
4    1   1   1   1   1   1   1
5    1   1   1   1   1   1   1
6    1   1   1   1   1   1   1
7    1   1   1   1   1   1   1
8    1   1   1   1   1   1   1
9    1   1   1   1   1   1   1
10   1   1   1   1   1   1   1
11   1   1   1   1   1   1   1
12   1   1   1   1   1   1   1
13   1   1   1   1   1   1   1
14   1   1   1   1   1   1   1
15   1   1   1   1   1   1   1
16   1   1   1   1   1   1   1
18   1   1   1   1   1   1   1
19   1   1   1   1   1   1   1
21   1   1   1   1   1   1   1
22   1   1   1   1   1   1   1
;

K2_test [*,*]
:      1          2          3          4          5          6          7   :=
1    .         0.166667   0.166667   0.166667   0.166667   0.166667   0.166667
2   0.166667    .         0.166667   0.166667   0.166667   0.166667   0.166667
3   0.166667   0.166667    .         0.166667   0.166667   0.166667   0.166667
4   0.166667   0.166667   0.166667    .         0.166667   0.166667   0.166667
5   0.166667   0.166667   0.166667   0.166667    .         0.166667   0.166667
6   0.166667   0.166667   0.166667   0.166667   0.166667    .         0.166667
7   0.166667   0.166667   0.166667   0.166667   0.166667   0.166667    .
;

zz2 [*,1,*]
:       2          3           4           5          6          7        :=
1    0          0          0            0.445934   0          0.554066
2    1          0          0            0          0          0
3    0          0          0            1          0          0
4    0          1          0            0          0          0
5    0          0          0            0          0          1
6    0          0          0            0          0          1
7    0          0          0            0          0          1
8    0          0          1            0          0          0
9    0          0          1            0          0          0
10   0          0.199405   0.800595     0          0          0
11   1          0          0            0          0          0
12   0          1          0            0          0          0
13   0          0          0            1          0          0
14   1          0          0            0          0          0
15   0          1          0            0          0          0
16   1          0          0            0          0          0
18   0          0          0.00414938   0          0.913555   0.082296
19   1          0          0            0          0          0
21   0          1          0            0          0          0
22   0.839662   0          0.160338     0          0          0

 [*,2,*]
:        1          3           4           5          6          7        :=
1    0           0          0            0.277033   0          0.722967
2    1           0          0            0          0          0
3    0           0          0            1          0          0
4    1           0          0            0          0          0
5    0           0          0            0          0          1
6    0           0          0            1          0          0
7    0           0          0            0          0          1
8    0           0          1            0          0          0
9    0.0299278   0          0.970072     0          0          0
10   0           0          1            0          0          0
11   1           0          0            0          0          0
12   0.124113    0.875887   0            0          0          0
13   0           0          0            1          0          0
14   1           0          0            0          0          0
15   0           1          0            0          0          0
16   1           0          0            0          0          0
18   0           0          0.00414938   0          0.913555   0.082296
19   1           0          0            0          0          0
21   0           1          0            0          0          0
22   0           1          0            0          0          0

 [*,3,*]
:       1          2           4           5          6          7        :=
1    0          0          0            0.277033   0          0.722967
2    0          1          0            0          0          0
3    0          0          0            1          0          0
4    1          0          0            0          0          0
5    0          0          0            0          0          1
6    0          0          0            1          0          0
7    0          0          0            0          0          1
8    1          0          0            0          0          0
9    0          0          1            0          0          0
10   0          0          1            0          0          0
11   0          1          0            0          0          0
12   1          0          0            0          0          0
13   0          0          0            1          0          0
14   0.131455   0.868545   0            0          0          0
15   1          0          0            0          0          0
16   0          1          0            0          0          0
18   0          0          0.00414938   0          0.913555   0.082296
19   0          1          0            0          0          0
21   1          0          0            0          0          0
22   0          0.957806   0.0421941    0          0          0

 [*,4,*]
:        1          2          3          5          6           7        :=
1    0           0          0          0.277033   0          0.722967
2    0           1          0          0          0          0
3    0           0          0          1          0          0
4    1           0          0          0          0          0
5    0           0          0          0          0          1
6    0           0          0          1          0          0
7    0.0253165   0          0          0          0          0.974684
8    1           0          0          0          0          0
9    1           0          0          0          0          0
10   0           0          1          0          0          0
11   0           1          0          0          0          0
12   0.609929    0          0.390071   0          0          0
13   0           0          0          1          0          0
14   0           1          0          0          0          0
15   0           0          1          0          0          0
16   0           1          0          0          0          0
18   0           0          0          0          0.913555   0.0864454
19   0           1          0          0          0          0
21   0           0          1          0          0          0
22   0           0.839662   0.160338   0          0          0

 [*,5,*]
:       1          2          3          4          6          7        :=
1    0          0          0          0          0          1
2    0          1          0          0          0          0
3    0          0          0.217054   0          0          0.782946
4    1          0          0          0          0          0
5    1          0          0          0          0          0
6    0          1          0          0          0          0
7    1          0          0          0          0          0
8    1          0          0          0          0          0
9    0.347781   0          0          0.652219   0          0
10   0          0          1          0          0          0
11   1          0          0          0          0          0
12   0          0          1          0          0          0
13   0          0          0          0          1          0
14   0          1          0          0          0          0
15   0.458937   0          0.541063   0          0          0
16   0          1          0          0          0          0
18   0          0          0          0.476487   0.523513   0
19   0.551852   0.448148   0          0          0          0
21   0          0          1          0          0          0
22   0          1          0          0          0          0

 [*,6,*]
:        1          2           3          4          5          7        :=
1    0           0          0           0          0.676497   0.323503
2    0           1          0           0          0          0
3    0           0          1           0          0          0
4    1           0          0           0          0          0
5    1           0          0           0          0          0
6    0           1          0           0          0          0
7    1           0          0           0          0          0
8    1           0          0           0          0          0
9    0.139319    0          0           0.860681   0          0
10   0           0          1           0          0          0
11   0           1          0           0          0          0
12   0           0          1           0          0          0
13   0           0          0           0          1          0
14   1           0          0           0          0          0
15   0.94686     0          0.0531401   0          0          0
16   0           1          0           0          0          0
18   0           0          0           0.336791   0          0.663209
19   0.0518519   0.948148   0           0          0          0
21   0           0          1           0          0          0
22   0           1          0           0          0          0

 [*,7,*]
:       1          2         3          4          5          6        :=
1    0          0         0          0          1          0
2    0          1         0          0          0          0
3    0          0         0.794574   0          0.205426   0
4    1          0         0          0          0          0
5    1          0         0          0          0          0
6    0          0.21164   0          0          0.78836    0
7    1          0         0          0          0          0
8    1          0         0          0          0          0
9    0.347781   0         0          0.652219   0          0
10   0          0         1          0          0          0
11   1          0         0          0          0          0
12   0          0         1          0          0          0
13   0          0         0          0          0          1
14   0          1         0          0          0          0
15   0.818841   0         0.181159   0          0          0
16   0          1         0          0          0          0
18   0          0         0          0.476487   0          0.523513
19   0          1         0          0          0          0
21   0          0         1          0          0          0
22   0          1         0          0          0          0
;

