K=9, W/V=4.2102603, K=9, time:1.516

ca [*] :=
1  9
;

fragment allocation x on node k:

1    2    3    4    5    6    7    8    9    
0 1 1 1 1 0 0 0 0 0 
1 0 1 0 1 0 0 0 0 0 
2 1 1 0 0 0 0 0 0 0 
3 1 0 0 1 0 0 0 0 0 
4 1 1 1 1 0 0 0 0 0 
5 1 1 0 1 0 0 0 0 0 
6 1 0 0 1 0 0 0 0 0 
7 0 0 0 0 0 0 0 0 0 
8 0 0 0 0 0 0 0 0 0 
9 1 1 1 1 0 1 0 0 0 
10 1 1 1 1 0 1 0 0 0 
11 0 0 0 0 0 0 0 0 0 
12 1 1 1 1 1 1 0 1 0 
13 1 1 1 1 1 1 0 1 0 
14 1 1 1 1 0 1 0 0 0 
15 0 0 0 0 0 0 0 0 0 
16 1 1 1 1 1 1 0 0 0 
17 1 1 1 1 1 0 0 0 0 
18 1 1 1 1 0 0 0 0 0 
19 1 1 1 1 1 1 0 0 0 
20 1 1 1 1 0 0 0 0 0 
21 1 1 0 0 0 0 0 0 0 
22 1 1 0 1 0 0 0 0 0 
23 0 1 1 1 1 1 1 1 0 
24 0 0 0 0 0 1 1 1 0 
25 0 0 0 0 0 1 0 1 0 
26 0 1 1 1 0 1 0 1 0 
27 0 1 0 0 0 1 0 1 0 
28 0 1 0 0 0 1 0 1 0 
29 0 0 1 0 0 1 0 1 0 
30 0 0 0 0 0 1 0 1 0 
31 1 1 0 1 0 0 0 0 0 
32 1 1 0 1 0 0 0 0 0 
33 1 0 0 1 0 0 0 0 0 
34 1 1 0 1 0 0 0 0 0 
35 0 0 0 0 0 0 0 0 0 
36 0 1 1 1 1 1 1 1 0 
37 0 1 1 1 1 1 1 1 0 
38 0 0 0 1 1 0 0 0 0 
39 0 0 0 0 0 1 1 1 0 
40 0 1 1 1 1 1 1 1 0 
41 0 0 0 1 1 0 0 0 0 
42 0 0 0 0 0 0 0 0 0 
43 0 0 1 0 0 1 0 1 0 
44 0 0 1 0 1 0 0 0 0 
45 0 1 1 1 1 1 1 1 0 
46 1 1 1 1 0 0 0 0 0 
47 0 1 1 1 1 1 0 0 0 
48 0 0 0 0 0 0 0 0 0 
49 1 1 0 1 0 1 1 1 1 
50 1 1 1 1 0 1 0 1 1 
51 1 1 1 1 0 1 0 1 1 
52 0 0 0 0 0 1 0 1 1 
53 0 0 0 0 0 1 0 1 1 
54 0 0 0 0 0 1 0 1 1 
55 1 0 1 1 1 1 0 1 1 
56 0 0 0 1 1 0 0 0 0 
57 0 0 0 1 1 0 0 0 0 
58 1 0 0 1 0 0 0 0 0 
59 1 0 0 1 1 0 0 0 0 

query feasibility y on node k:

1    2    3    4    5    6    7    8    9    
1 0 0 0 0 0 1 0 1 1 
2 1 1 0 0 0 0 0 0 0 
3 0 0 1 0 0 1 0 1 0 
4 0 0 0 1 1 0 0 0 0 
5 0 1 1 1 0 1 0 0 0 
6 1 0 0 1 0 1 0 1 1 
7 0 0 1 1 0 1 0 0 0 
8 0 1 1 1 0 0 0 0 0 
9 0 1 0 1 0 0 0 0 0 
10 0 0 0 0 0 1 0 1 0 
11 1 0 0 1 0 0 0 0 0 
12 0 0 0 1 1 0 0 0 0 
13 0 0 1 0 1 0 0 0 0 
14 1 0 1 1 0 0 0 0 0 
15 0 0 1 1 0 0 0 0 0 
16 1 0 0 1 0 0 0 0 0 
18 0 0 0 0 0 1 1 1 0 
19 1 0 0 1 0 0 0 0 0 
21 0 0 0 1 1 0 0 0 0 
22 0 1 0 0 0 1 0 1 0 

workload distribution ohne node failure:

1    2    3    4    5    6    7    8    9    
1 0.00000000 0.00000000 0.00000000 0.00000000 0.00000000 0.32618409 0.00000000 0.00000000 0.67381591 
2 1.00000000 0.00000000 0.00000000 0.00000000 0.00000000 0.00000000 0.00000000 0.00000000 0.00000000 
3 0.00000000 0.00000000 0.00000000 0.00000000 0.00000000 1.00000000 0.00000000 0.00000000 0.00000000 
4 0.00000000 0.00000000 0.00000000 1.00000000 0.00000000 0.00000000 0.00000000 0.00000000 0.00000000 
5 0.00000000 0.00000000 1.00000000 0.00000000 0.00000000 0.00000000 0.00000000 0.00000000 0.00000000 
6 0.00000000 0.00000000 0.00000000 0.32980600 0.00000000 0.00000000 0.00000000 0.00000000 0.67019400 
7 0.00000000 0.00000000 1.00000000 0.00000000 0.00000000 0.00000000 0.00000000 0.00000000 0.00000000 
8 0.00000000 1.00000000 0.00000000 0.00000000 0.00000000 0.00000000 0.00000000 0.00000000 0.00000000 
9 0.00000000 0.86859305 0.00000000 0.13140695 0.00000000 0.00000000 0.00000000 0.00000000 0.00000000 
10 0.00000000 0.00000000 0.00000000 0.00000000 0.00000000 0.00000000 0.00000000 1.00000000 0.00000000 
11 1.00000000 0.00000000 0.00000000 0.00000000 0.00000000 0.00000000 0.00000000 0.00000000 0.00000000 
12 0.00000000 0.00000000 0.00000000 1.00000000 0.00000000 0.00000000 0.00000000 0.00000000 0.00000000 
13 0.00000000 0.00000000 0.13061466 0.00000000 0.86938534 0.00000000 0.00000000 0.00000000 0.00000000 
14 1.00000000 0.00000000 0.00000000 0.00000000 0.00000000 0.00000000 0.00000000 0.00000000 0.00000000 
15 0.00000000 0.00000000 1.00000000 0.00000000 0.00000000 0.00000000 0.00000000 0.00000000 0.00000000 
16 1.00000000 0.00000000 0.00000000 0.00000000 0.00000000 0.00000000 0.00000000 0.00000000 0.00000000 
18 0.00000000 0.00000000 0.00000000 0.00000000 0.00000000 0.01429230 0.60903642 0.37667128 0.00000000 
19 0.10617284 0.00000000 0.00000000 0.89382716 0.00000000 0.00000000 0.00000000 0.00000000 0.00000000 
21 0.00000000 0.00000000 0.00000000 0.07722616 0.92277384 0.00000000 0.00000000 0.00000000 0.00000000 
22 0.00000000 0.00000000 0.00000000 0.00000000 0.00000000 1.00000000 0.00000000 0.00000000 0.00000000 

workload distribution if node 1 fails:

2    3    4    5    6    7    8    9    
1 0.00000000 0.00000000 0.00000000 0.00000000 0.03552279 0.00000000 0.07908847 0.88538874 
2 1.00000000 0.00000000 0.00000000 0.00000000 0.00000000 0.00000000 0.00000000 0.00000000 
3 0.00000000 0.00000000 0.00000000 0.00000000 0.00000000 0.00000000 1.00000000 0.00000000 
4 0.00000000 0.00000000 0.00000000 1.00000000 0.00000000 0.00000000 0.00000000 0.00000000 
5 0.00000000 0.03816794 0.00000000 0.00000000 0.96183206 0.00000000 0.00000000 0.00000000 
6 0.00000000 0.00000000 0.00000000 0.00000000 0.00000000 0.00000000 1.00000000 0.00000000 
7 0.00000000 0.03816794 0.00000000 0.00000000 0.96183206 0.00000000 0.00000000 0.00000000 
8 0.00000000 1.00000000 0.00000000 0.00000000 0.00000000 0.00000000 0.00000000 0.00000000 
9 0.79024768 0.00000000 0.20975232 0.00000000 0.00000000 0.00000000 0.00000000 0.00000000 
10 0.00000000 0.00000000 0.00000000 0.00000000 1.00000000 0.00000000 0.00000000 0.00000000 
11 0.00000000 0.00000000 1.00000000 0.00000000 0.00000000 0.00000000 0.00000000 0.00000000 
12 0.00000000 0.00000000 0.00000000 1.00000000 0.00000000 0.00000000 0.00000000 0.00000000 
13 0.00000000 0.73271277 0.00000000 0.26728723 0.00000000 0.00000000 0.00000000 0.00000000 
14 0.00000000 0.51408451 0.48591549 0.00000000 0.00000000 0.00000000 0.00000000 0.00000000 
15 0.00000000 1.00000000 0.00000000 0.00000000 0.00000000 0.00000000 0.00000000 0.00000000 
16 0.00000000 0.00000000 1.00000000 0.00000000 0.00000000 0.00000000 0.00000000 0.00000000 
18 0.00000000 0.00000000 0.00000000 0.00000000 0.00000000 0.68516598 0.31483402 0.00000000 
19 0.00000000 0.00000000 1.00000000 0.00000000 0.00000000 0.00000000 0.00000000 0.00000000 
21 0.00000000 0.00000000 0.00000000 1.00000000 0.00000000 0.00000000 0.00000000 0.00000000 
22 0.00000000 0.00000000 0.00000000 0.00000000 1.00000000 0.00000000 0.00000000 0.00000000 

workload distribution if node 2 fails:

1    3    4    5    6    7    8    9    
1 0.00000000 0.00000000 0.00000000 0.00000000 0.10522788 0.00000000 0.00938338 0.88538874 
2 1.00000000 0.00000000 0.00000000 0.00000000 0.00000000 0.00000000 0.00000000 0.00000000 
3 0.00000000 0.00000000 0.00000000 0.00000000 1.00000000 0.00000000 0.00000000 0.00000000 
4 0.00000000 0.00000000 0.00000000 1.00000000 0.00000000 0.00000000 0.00000000 0.00000000 
5 0.00000000 0.03816794 0.00000000 0.00000000 0.96183206 0.00000000 0.00000000 0.00000000 
6 0.00000000 0.00000000 0.00000000 0.00000000 0.00000000 0.00000000 1.00000000 0.00000000 
7 0.00000000 0.03816794 0.00000000 0.00000000 0.96183206 0.00000000 0.00000000 0.00000000 
8 0.00000000 1.00000000 0.00000000 0.00000000 0.00000000 0.00000000 0.00000000 0.00000000 
9 0.00000000 0.00000000 1.00000000 0.00000000 0.00000000 0.00000000 0.00000000 0.00000000 
10 0.00000000 0.00000000 0.00000000 0.00000000 0.00000000 0.00000000 1.00000000 0.00000000 
11 1.00000000 0.00000000 0.00000000 0.00000000 0.00000000 0.00000000 0.00000000 0.00000000 
12 0.00000000 0.00000000 0.00000000 1.00000000 0.00000000 0.00000000 0.00000000 0.00000000 
13 0.00000000 0.69414894 0.00000000 0.30585106 0.00000000 0.00000000 0.00000000 0.00000000 
14 0.38380282 0.61619718 0.00000000 0.00000000 0.00000000 0.00000000 0.00000000 0.00000000 
15 0.00000000 1.00000000 0.00000000 0.00000000 0.00000000 0.00000000 0.00000000 0.00000000 
16 1.00000000 0.00000000 0.00000000 0.00000000 0.00000000 0.00000000 0.00000000 0.00000000 
18 0.00000000 0.00000000 0.00000000 0.00000000 0.00000000 0.68516598 0.31483402 0.00000000 
19 1.00000000 0.00000000 0.00000000 0.00000000 0.00000000 0.00000000 0.00000000 0.00000000 
21 0.00000000 0.00000000 0.05141844 0.94858156 0.00000000 0.00000000 0.00000000 0.00000000 
22 0.00000000 0.00000000 0.00000000 0.00000000 1.00000000 0.00000000 0.00000000 0.00000000 

workload distribution if node 3 fails:

1    2    4    5    6    7    8    9    
1 0.00000000 0.00000000 0.00000000 0.00000000 0.11461126 0.00000000 0.00000000 0.88538874 
2 1.00000000 0.00000000 0.00000000 0.00000000 0.00000000 0.00000000 0.00000000 0.00000000 
3 0.00000000 0.00000000 0.00000000 0.00000000 1.00000000 0.00000000 0.00000000 0.00000000 
4 0.00000000 0.00000000 1.00000000 0.00000000 0.00000000 0.00000000 0.00000000 0.00000000 
5 0.00000000 0.03816794 0.00000000 0.00000000 0.96183206 0.00000000 0.00000000 0.00000000 
6 0.00000000 0.00000000 0.00000000 0.00000000 1.00000000 0.00000000 0.00000000 0.00000000 
7 0.00000000 0.00000000 0.03816794 0.00000000 0.96183206 0.00000000 0.00000000 0.00000000 
8 0.00000000 1.00000000 0.00000000 0.00000000 0.00000000 0.00000000 0.00000000 0.00000000 
9 0.00000000 0.97605346 0.02394654 0.00000000 0.00000000 0.00000000 0.00000000 0.00000000 
10 0.00000000 0.00000000 0.00000000 0.00000000 0.11160714 0.00000000 0.88839286 0.00000000 
11 1.00000000 0.00000000 0.00000000 0.00000000 0.00000000 0.00000000 0.00000000 0.00000000 
12 0.00000000 0.00000000 0.00000000 1.00000000 0.00000000 0.00000000 0.00000000 0.00000000 
13 0.00000000 0.00000000 0.00000000 1.00000000 0.00000000 0.00000000 0.00000000 0.00000000 
14 1.00000000 0.00000000 0.00000000 0.00000000 0.00000000 0.00000000 0.00000000 0.00000000 
15 0.00000000 0.00000000 1.00000000 0.00000000 0.00000000 0.00000000 0.00000000 0.00000000 
16 0.60937500 0.00000000 0.39062500 0.00000000 0.00000000 0.00000000 0.00000000 0.00000000 
18 0.00000000 0.00000000 0.00000000 0.00000000 0.00000000 0.68516598 0.31483402 0.00000000 
19 1.00000000 0.00000000 0.00000000 0.00000000 0.00000000 0.00000000 0.00000000 0.00000000 
21 0.00000000 0.00000000 0.65780142 0.34219858 0.00000000 0.00000000 0.00000000 0.00000000 
22 0.00000000 0.00000000 0.00000000 0.00000000 0.00000000 0.00000000 1.00000000 0.00000000 

workload distribution if node 4 fails:

1    2    3    5    6    7    8    9    
1 0.00000000 0.00000000 0.00000000 0.00000000 0.24731903 0.00000000 0.03619303 0.71648794 
2 0.90333333 0.09666667 0.00000000 0.00000000 0.00000000 0.00000000 0.00000000 0.00000000 
3 0.00000000 0.00000000 0.00000000 0.00000000 0.00000000 0.00000000 1.00000000 0.00000000 
4 0.00000000 0.00000000 0.00000000 1.00000000 0.00000000 0.00000000 0.00000000 0.00000000 
5 0.00000000 0.00000000 0.03816794 0.00000000 0.96183206 0.00000000 0.00000000 0.00000000 
6 0.00000000 0.00000000 0.00000000 0.00000000 0.00000000 0.00000000 0.00000000 1.00000000 
7 0.00000000 0.00000000 0.03816794 0.00000000 0.96183206 0.00000000 0.00000000 0.00000000 
8 0.00000000 0.00000000 1.00000000 0.00000000 0.00000000 0.00000000 0.00000000 0.00000000 
9 0.00000000 1.00000000 0.00000000 0.00000000 0.00000000 0.00000000 0.00000000 0.00000000 
10 0.00000000 0.00000000 0.00000000 0.00000000 1.00000000 0.00000000 0.00000000 0.00000000 
11 1.00000000 0.00000000 0.00000000 0.00000000 0.00000000 0.00000000 0.00000000 0.00000000 
12 0.00000000 0.00000000 0.00000000 1.00000000 0.00000000 0.00000000 0.00000000 0.00000000 
13 0.00000000 0.00000000 0.73271277 0.26728723 0.00000000 0.00000000 0.00000000 0.00000000 
14 0.48591549 0.00000000 0.51408451 0.00000000 0.00000000 0.00000000 0.00000000 0.00000000 
15 0.00000000 0.00000000 1.00000000 0.00000000 0.00000000 0.00000000 0.00000000 0.00000000 
16 1.00000000 0.00000000 0.00000000 0.00000000 0.00000000 0.00000000 0.00000000 0.00000000 
18 0.00000000 0.00000000 0.00000000 0.00000000 0.00000000 0.68516598 0.31483402 0.00000000 
19 1.00000000 0.00000000 0.00000000 0.00000000 0.00000000 0.00000000 0.00000000 0.00000000 
21 0.00000000 0.00000000 0.00000000 1.00000000 0.00000000 0.00000000 0.00000000 0.00000000 
22 0.00000000 0.00000000 0.00000000 0.00000000 0.00000000 0.00000000 1.00000000 0.00000000 

workload distribution if node 5 fails:

1    2    3    4    6    7    8    9    
1 0.00000000 0.00000000 0.00000000 0.00000000 0.03552279 0.00000000 0.07908847 0.88538874 
2 0.92979644 0.07020356 0.00000000 0.00000000 0.00000000 0.00000000 0.00000000 0.00000000 
3 0.00000000 0.00000000 0.00000000 0.00000000 0.00000000 0.00000000 1.00000000 0.00000000 
4 0.00000000 0.00000000 0.00000000 1.00000000 0.00000000 0.00000000 0.00000000 0.00000000 
5 0.00000000 0.03816794 0.00000000 0.00000000 0.96183206 0.00000000 0.00000000 0.00000000 
6 0.00000000 0.00000000 0.00000000 0.00000000 0.00000000 0.00000000 1.00000000 0.00000000 
7 0.00000000 0.00000000 0.03816794 0.00000000 0.96183206 0.00000000 0.00000000 0.00000000 
8 0.00000000 0.00000000 1.00000000 0.00000000 0.00000000 0.00000000 0.00000000 0.00000000 
9 0.00000000 1.00000000 0.00000000 0.00000000 0.00000000 0.00000000 0.00000000 0.00000000 
10 0.00000000 0.00000000 0.00000000 0.00000000 1.00000000 0.00000000 0.00000000 0.00000000 
11 0.00000000 0.00000000 0.00000000 1.00000000 0.00000000 0.00000000 0.00000000 0.00000000 
12 0.00000000 0.00000000 0.00000000 1.00000000 0.00000000 0.00000000 0.00000000 0.00000000 
13 0.00000000 0.00000000 1.00000000 0.00000000 0.00000000 0.00000000 0.00000000 0.00000000 
14 1.00000000 0.00000000 0.00000000 0.00000000 0.00000000 0.00000000 0.00000000 0.00000000 
15 0.00000000 0.00000000 0.91474444 0.08525556 0.00000000 0.00000000 0.00000000 0.00000000 
16 0.88852917 0.00000000 0.00000000 0.11147083 0.00000000 0.00000000 0.00000000 0.00000000 
18 0.00000000 0.00000000 0.00000000 0.00000000 0.00000000 0.68516598 0.31483402 0.00000000 
19 1.00000000 0.00000000 0.00000000 0.00000000 0.00000000 0.00000000 0.00000000 0.00000000 
21 0.00000000 0.00000000 0.00000000 1.00000000 0.00000000 0.00000000 0.00000000 0.00000000 
22 0.00000000 0.00000000 0.00000000 0.00000000 1.00000000 0.00000000 0.00000000 0.00000000 

workload distribution if node 6 fails:

1    2    3    4    5    7    8    9    
1 0.00000000 0.00000000 0.00000000 0.00000000 0.00000000 0.00000000 0.11461126 0.88538874 
2 0.00000000 1.00000000 0.00000000 0.00000000 0.00000000 0.00000000 0.00000000 0.00000000 
3 0.00000000 0.00000000 0.72383721 0.00000000 0.00000000 0.00000000 0.27616279 0.00000000 
4 0.00000000 0.00000000 0.00000000 1.00000000 0.00000000 0.00000000 0.00000000 0.00000000 
5 0.00000000 0.00000000 1.00000000 0.00000000 0.00000000 0.00000000 0.00000000 0.00000000 
6 1.00000000 0.00000000 0.00000000 0.00000000 0.00000000 0.00000000 0.00000000 0.00000000 
7 0.00000000 0.00000000 1.00000000 0.00000000 0.00000000 0.00000000 0.00000000 0.00000000 
8 0.00000000 1.00000000 0.00000000 0.00000000 0.00000000 0.00000000 0.00000000 0.00000000 
9 0.00000000 0.50541796 0.00000000 0.49458204 0.00000000 0.00000000 0.00000000 0.00000000 
10 0.00000000 0.00000000 0.00000000 0.00000000 0.00000000 0.00000000 1.00000000 0.00000000 
11 1.00000000 0.00000000 0.00000000 0.00000000 0.00000000 0.00000000 0.00000000 0.00000000 
12 0.00000000 0.00000000 0.00000000 0.00000000 1.00000000 0.00000000 0.00000000 0.00000000 
13 0.00000000 0.00000000 0.00000000 0.00000000 1.00000000 0.00000000 0.00000000 0.00000000 
14 1.00000000 0.00000000 0.00000000 0.00000000 0.00000000 0.00000000 0.00000000 0.00000000 
15 0.00000000 0.00000000 0.99275362 0.00724638 0.00000000 0.00000000 0.00000000 0.00000000 
16 0.71651786 0.00000000 0.00000000 0.28348214 0.00000000 0.00000000 0.00000000 0.00000000 
18 0.00000000 0.00000000 0.00000000 0.00000000 0.00000000 0.68516598 0.31483402 0.00000000 
19 1.00000000 0.00000000 0.00000000 0.00000000 0.00000000 0.00000000 0.00000000 0.00000000 
21 0.00000000 0.00000000 0.00000000 0.65780142 0.34219858 0.00000000 0.00000000 0.00000000 
22 0.00000000 1.00000000 0.00000000 0.00000000 0.00000000 0.00000000 0.00000000 0.00000000 

workload distribution if node 7 fails:

1    2    3    4    5    6    8    9    
1 0.00000000 0.00000000 0.00000000 0.00000000 0.00000000 0.11461126 0.00000000 0.88538874 
2 1.00000000 0.00000000 0.00000000 0.00000000 0.00000000 0.00000000 0.00000000 0.00000000 
3 0.00000000 0.00000000 0.72383721 0.00000000 0.00000000 0.27616279 0.00000000 0.00000000 
4 0.00000000 0.00000000 0.00000000 1.00000000 0.00000000 0.00000000 0.00000000 0.00000000 
5 0.00000000 0.00000000 1.00000000 0.00000000 0.00000000 0.00000000 0.00000000 0.00000000 
6 1.00000000 0.00000000 0.00000000 0.00000000 0.00000000 0.00000000 0.00000000 0.00000000 
7 0.00000000 0.00000000 1.00000000 0.00000000 0.00000000 0.00000000 0.00000000 0.00000000 
8 0.00000000 1.00000000 0.00000000 0.00000000 0.00000000 0.00000000 0.00000000 0.00000000 
9 0.00000000 0.73761610 0.00000000 0.26238390 0.00000000 0.00000000 0.00000000 0.00000000 
10 0.00000000 0.00000000 0.00000000 0.00000000 0.00000000 1.00000000 0.00000000 0.00000000 
11 1.00000000 0.00000000 0.00000000 0.00000000 0.00000000 0.00000000 0.00000000 0.00000000 
12 0.00000000 0.00000000 0.00000000 0.98670213 0.01329787 0.00000000 0.00000000 0.00000000 
13 0.00000000 0.00000000 0.00000000 0.00000000 1.00000000 0.00000000 0.00000000 0.00000000 
14 1.00000000 0.00000000 0.00000000 0.00000000 0.00000000 0.00000000 0.00000000 0.00000000 
15 0.00000000 0.00000000 0.99275362 0.00724638 0.00000000 0.00000000 0.00000000 0.00000000 
16 0.04687500 0.00000000 0.00000000 0.95312500 0.00000000 0.00000000 0.00000000 0.00000000 
18 0.00000000 0.00000000 0.00000000 0.00000000 0.00000000 0.31483402 0.68516598 0.00000000 
19 1.00000000 0.00000000 0.00000000 0.00000000 0.00000000 0.00000000 0.00000000 0.00000000 
21 0.00000000 0.00000000 0.00000000 0.00000000 1.00000000 0.00000000 0.00000000 0.00000000 
22 0.00000000 1.00000000 0.00000000 0.00000000 0.00000000 0.00000000 0.00000000 0.00000000 

workload distribution if node 8 fails:

1    2    3    4    5    6    7    9    
1 0.00000000 0.00000000 0.00000000 0.00000000 0.00000000 0.11461126 0.00000000 0.88538874 
2 1.00000000 0.00000000 0.00000000 0.00000000 0.00000000 0.00000000 0.00000000 0.00000000 
3 0.00000000 0.00000000 0.72383721 0.00000000 0.00000000 0.27616279 0.00000000 0.00000000 
4 0.00000000 0.00000000 0.00000000 1.00000000 0.00000000 0.00000000 0.00000000 0.00000000 
5 0.00000000 1.00000000 0.00000000 0.00000000 0.00000000 0.00000000 0.00000000 0.00000000 
6 1.00000000 0.00000000 0.00000000 0.00000000 0.00000000 0.00000000 0.00000000 0.00000000 
7 0.00000000 0.00000000 1.00000000 0.00000000 0.00000000 0.00000000 0.00000000 0.00000000 
8 0.00000000 0.00000000 1.00000000 0.00000000 0.00000000 0.00000000 0.00000000 0.00000000 
9 0.00000000 0.61687307 0.00000000 0.38312693 0.00000000 0.00000000 0.00000000 0.00000000 
10 0.00000000 0.00000000 0.00000000 0.00000000 0.00000000 1.00000000 0.00000000 0.00000000 
11 0.00000000 0.00000000 0.00000000 1.00000000 0.00000000 0.00000000 0.00000000 0.00000000 
12 0.00000000 0.00000000 0.00000000 0.00000000 1.00000000 0.00000000 0.00000000 0.00000000 
13 0.00000000 0.00000000 0.20212766 0.00000000 0.79787234 0.00000000 0.00000000 0.00000000 
14 1.00000000 0.00000000 0.00000000 0.00000000 0.00000000 0.00000000 0.00000000 0.00000000 
15 0.00000000 0.00000000 1.00000000 0.00000000 0.00000000 0.00000000 0.00000000 0.00000000 
16 0.27901786 0.00000000 0.00000000 0.72098214 0.00000000 0.00000000 0.00000000 0.00000000 
18 0.00000000 0.00000000 0.00000000 0.00000000 0.00000000 0.31483402 0.68516598 0.00000000 
19 1.00000000 0.00000000 0.00000000 0.00000000 0.00000000 0.00000000 0.00000000 0.00000000 
21 0.00000000 0.00000000 0.00000000 0.38829787 0.61170213 0.00000000 0.00000000 0.00000000 
22 0.00000000 1.00000000 0.00000000 0.00000000 0.00000000 0.00000000 0.00000000 0.00000000 

workload distribution if node 9 fails:

1    2    3    4    5    6    7    8    
1 0.00000000 0.00000000 0.00000000 0.00000000 0.00000000 0.82171582 0.00000000 0.17828418 
2 1.00000000 0.00000000 0.00000000 0.00000000 0.00000000 0.00000000 0.00000000 0.00000000 
3 0.00000000 0.00000000 0.72383721 0.00000000 0.00000000 0.27616279 0.00000000 0.00000000 
4 0.00000000 0.00000000 0.00000000 1.00000000 0.00000000 0.00000000 0.00000000 0.00000000 
5 0.00000000 1.00000000 0.00000000 0.00000000 0.00000000 0.00000000 0.00000000 0.00000000 
6 1.00000000 0.00000000 0.00000000 0.00000000 0.00000000 0.00000000 0.00000000 0.00000000 
7 0.00000000 0.00000000 1.00000000 0.00000000 0.00000000 0.00000000 0.00000000 0.00000000 
8 0.00000000 1.00000000 0.00000000 0.00000000 0.00000000 0.00000000 0.00000000 0.00000000 
9 0.00000000 0.57662539 0.00000000 0.42337461 0.00000000 0.00000000 0.00000000 0.00000000 
10 0.00000000 0.00000000 0.00000000 0.00000000 0.00000000 0.00000000 0.00000000 1.00000000 
11 1.00000000 0.00000000 0.00000000 0.00000000 0.00000000 0.00000000 0.00000000 0.00000000 
12 0.00000000 0.00000000 0.00000000 0.00000000 1.00000000 0.00000000 0.00000000 0.00000000 
13 0.00000000 0.00000000 0.27127660 0.00000000 0.72872340 0.00000000 0.00000000 0.00000000 
14 1.00000000 0.00000000 0.00000000 0.00000000 0.00000000 0.00000000 0.00000000 0.00000000 
15 0.00000000 0.00000000 1.00000000 0.00000000 0.00000000 0.00000000 0.00000000 0.00000000 
16 0.04687500 0.00000000 0.00000000 0.95312500 0.00000000 0.00000000 0.00000000 0.00000000 
18 0.00000000 0.00000000 0.00000000 0.00000000 0.00000000 0.00000000 0.68516598 0.31483402 
19 1.00000000 0.00000000 0.00000000 0.00000000 0.00000000 0.00000000 0.00000000 0.00000000 
21 0.00000000 0.00000000 0.00000000 0.29609929 0.70390071 0.00000000 0.00000000 0.00000000 
22 0.00000000 1.00000000 0.00000000 0.00000000 0.00000000 0.00000000 0.00000000 0.00000000 



zz_test [*] :=
 1  1
 2  1
 3  1
 4  1
 5  1
 6  1
 7  1
 8  1
 9  1
10  1
11  1
12  1
13  1
14  1
15  1
16  1
18  1
19  1
21  1
22  1
;

K_test [*] :=
1  0.111111
2  0.111111
3  0.111111
4  0.111111
5  0.111111
6  0.111111
7  0.111111
8  0.111111
9  0.111111
;

zz2_test [*,*]
:    1   2   3   4   5   6   7   8   9    :=
1    1   1   1   1   1   1   1   1   1
2    1   1   1   1   1   1   1   1   1
3    1   1   1   1   1   1   1   1   1
4    1   1   1   1   1   1   1   1   1
5    1   1   1   1   1   1   1   1   1
6    1   1   1   1   1   1   1   1   1
7    1   1   1   1   1   1   1   1   1
8    1   1   1   1   1   1   1   1   1
9    1   1   1   1   1   1   1   1   1
10   1   1   1   1   1   1   1   1   1
11   1   1   1   1   1   1   1   1   1
12   1   1   1   1   1   1   1   1   1
13   1   1   1   1   1   1   1   1   1
14   1   1   1   1   1   1   1   1   1
15   1   1   1   1   1   1   1   1   1
16   1   1   1   1   1   1   1   1   1
18   1   1   1   1   1   1   1   1   1
19   1   1   1   1   1   1   1   1   1
21   1   1   1   1   1   1   1   1   1
22   1   1   1   1   1   1   1   1   1
;

K2_test [*,*]
:     1       2       3       4       5       6       7       8       9      :=
1    .      0.125   0.125   0.125   0.125   0.125   0.125   0.125   0.125
2   0.125    .      0.125   0.125   0.125   0.125   0.125   0.125   0.125
3   0.125   0.125    .      0.125   0.125   0.125   0.125   0.125   0.125
4   0.125   0.125   0.125    .      0.125   0.125   0.125   0.125   0.125
5   0.125   0.125   0.125   0.125    .      0.125   0.125   0.125   0.125
6   0.125   0.125   0.125   0.125   0.125    .      0.125   0.125   0.125
7   0.125   0.125   0.125   0.125   0.125   0.125    .      0.125   0.125
8   0.125   0.125   0.125   0.125   0.125   0.125   0.125    .      0.125
9   0.125   0.125   0.125   0.125   0.125   0.125   0.125   0.125    .
;

zz2 [*,1,*]
:       2           3          4          5           6          7        :=
1    0          0           0          0          0.0355228   0
2    1          0           0          0          0           0
3    0          0           0          0          0           0
4    0          0           0          1          0           0
5    0          0.0381679   0          0          0.961832    0
6    0          0           0          0          0           0
7    0          0.0381679   0          0          0.961832    0
8    0          1           0          0          0           0
9    0.790248   0           0.209752   0          0           0
10   0          0           0          0          1           0
11   0          0           1          0          0           0
12   0          0           0          1          0           0
13   0          0.732713    0          0.267287   0           0
14   0          0.514085    0.485915   0          0           0
15   0          1           0          0          0           0
16   0          0           1          0          0           0
18   0          0           0          0          0           0.685166
19   0          0           1          0          0           0
21   0          0           0          1          0           0
22   0          0           0          0          1           0

:        8          9        :=
1    0.0790885   0.885389
2    0           0
3    1           0
4    0           0
5    0           0
6    1           0
7    0           0
8    0           0
9    0           0
10   0           0
11   0           0
12   0           0
13   0           0
14   0           0
15   0           0
16   0           0
18   0.314834    0
19   0           0
21   0           0
22   0           0

 [*,2,*]
:       1           3           4          5          6          7        :=
1    0          0           0           0          0.105228   0
2    1          0           0           0          0          0
3    0          0           0           0          1          0
4    0          0           0           1          0          0
5    0          0.0381679   0           0          0.961832   0
6    0          0           0           0          0          0
7    0          0.0381679   0           0          0.961832   0
8    0          1           0           0          0          0
9    0          0           1           0          0          0
10   0          0           0           0          0          0
11   1          0           0           0          0          0
12   0          0           0           1          0          0
13   0          0.694149    0           0.305851   0          0
14   0.383803   0.616197    0           0          0          0
15   0          1           0           0          0          0
16   1          0           0           0          0          0
18   0          0           0           0          0          0.685166
19   1          0           0           0          0          0
21   0          0           0.0514184   0.948582   0          0
22   0          0           0           0          1          0

:        8           9        :=
1    0.00938338   0.885389
2    0            0
3    0            0
4    0            0
5    0            0
6    1            0
7    0            0
8    0            0
9    0            0
10   1            0
11   0            0
12   0            0
13   0            0
14   0            0
15   0            0
16   0            0
18   0.314834     0
19   0            0
21   0            0
22   0            0

 [*,3,*]
:       1           2           4          5          6          7        :=
1    0          0           0           0          0.114611   0
2    1          0           0           0          0          0
3    0          0           0           0          1          0
4    0          0           1           0          0          0
5    0          0.0381679   0           0          0.961832   0
6    0          0           0           0          1          0
7    0          0           0.0381679   0          0.961832   0
8    0          1           0           0          0          0
9    0          0.976053    0.0239465   0          0          0
10   0          0           0           0          0.111607   0
11   1          0           0           0          0          0
12   0          0           0           1          0          0
13   0          0           0           1          0          0
14   1          0           0           0          0          0
15   0          0           1           0          0          0
16   0.609375   0           0.390625    0          0          0
18   0          0           0           0          0          0.685166
19   1          0           0           0          0          0
21   0          0           0.657801    0.342199   0          0
22   0          0           0           0          0          0

:       8          9        :=
1    0          0.885389
2    0          0
3    0          0
4    0          0
5    0          0
6    0          0
7    0          0
8    0          0
9    0          0
10   0.888393   0
11   0          0
12   0          0
13   0          0
14   0          0
15   0          0
16   0          0
18   0.314834   0
19   0          0
21   0          0
22   1          0

 [*,4,*]
:       1           2           3          5          6          7        :=
1    0          0           0           0          0.247319   0
2    0.903333   0.0966667   0           0          0          0
3    0          0           0           0          0          0
4    0          0           0           1          0          0
5    0          0           0.0381679   0          0.961832   0
6    0          0           0           0          0          0
7    0          0           0.0381679   0          0.961832   0
8    0          0           1           0          0          0
9    0          1           0           0          0          0
10   0          0           0           0          1          0
11   1          0           0           0          0          0
12   0          0           0           1          0          0
13   0          0           0.732713    0.267287   0          0
14   0.485915   0           0.514085    0          0          0
15   0          0           1           0          0          0
16   1          0           0           0          0          0
18   0          0           0           0          0          0.685166
19   1          0           0           0          0          0
21   0          0           0           1          0          0
22   0          0           0           0          0          0

:       8          9        :=
1    0.036193   0.716488
2    0          0
3    1          0
4    0          0
5    0          0
6    0          1
7    0          0
8    0          0
9    0          0
10   0          0
11   0          0
12   0          0
13   0          0
14   0          0
15   0          0
16   0          0
18   0.314834   0
19   0          0
21   0          0
22   1          0

 [*,5,*]
:       1           2           3           4           6          7        :=
1    0          0           0           0           0.0355228   0
2    0.929796   0.0702036   0           0           0           0
3    0          0           0           0           0           0
4    0          0           0           1           0           0
5    0          0.0381679   0           0           0.961832    0
6    0          0           0           0           0           0
7    0          0           0.0381679   0           0.961832    0
8    0          0           1           0           0           0
9    0          1           0           0           0           0
10   0          0           0           0           1           0
11   0          0           0           1           0           0
12   0          0           0           1           0           0
13   0          0           1           0           0           0
14   1          0           0           0           0           0
15   0          0           0.914744    0.0852556   0           0
16   0.888529   0           0           0.111471    0           0
18   0          0           0           0           0           0.685166
19   1          0           0           0           0           0
21   0          0           0           1           0           0
22   0          0           0           0           1           0

:        8          9        :=
1    0.0790885   0.885389
2    0           0
3    1           0
4    0           0
5    0           0
6    1           0
7    0           0
8    0           0
9    0           0
10   0           0
11   0           0
12   0           0
13   0           0
14   0           0
15   0           0
16   0           0
18   0.314834    0
19   0           0
21   0           0
22   0           0

 [*,6,*]
:       1          2          3           4           5          7        :=
1    0          0          0          0            0          0
2    0          1          0          0            0          0
3    0          0          0.723837   0            0          0
4    0          0          0          1            0          0
5    0          0          1          0            0          0
6    1          0          0          0            0          0
7    0          0          1          0            0          0
8    0          1          0          0            0          0
9    0          0.505418   0          0.494582     0          0
10   0          0          0          0            0          0
11   1          0          0          0            0          0
12   0          0          0          0            1          0
13   0          0          0          0            1          0
14   1          0          0          0            0          0
15   0          0          0.992754   0.00724638   0          0
16   0.716518   0          0          0.283482     0          0
18   0          0          0          0            0          0.685166
19   1          0          0          0            0          0
21   0          0          0          0.657801     0.342199   0
22   0          1          0          0            0          0

:       8          9        :=
1    0.114611   0.885389
2    0          0
3    0.276163   0
4    0          0
5    0          0
6    0          0
7    0          0
8    0          0
9    0          0
10   1          0
11   0          0
12   0          0
13   0          0
14   0          0
15   0          0
16   0          0
18   0.314834   0
19   0          0
21   0          0
22   0          0

 [*,7,*]
:       1          2          3           4            5          6        :=
1    0          0          0          0            0           0.114611
2    1          0          0          0            0           0
3    0          0          0.723837   0            0           0.276163
4    0          0          0          1            0           0
5    0          0          1          0            0           0
6    1          0          0          0            0           0
7    0          0          1          0            0           0
8    0          1          0          0            0           0
9    0          0.737616   0          0.262384     0           0
10   0          0          0          0            0           1
11   1          0          0          0            0           0
12   0          0          0          0.986702     0.0132979   0
13   0          0          0          0            1           0
14   1          0          0          0            0           0
15   0          0          0.992754   0.00724638   0           0
16   0.046875   0          0          0.953125     0           0
18   0          0          0          0            0           0.314834
19   1          0          0          0            0           0
21   0          0          0          0            1           0
22   0          1          0          0            0           0

:       8          9        :=
1    0          0.885389
2    0          0
3    0          0
4    0          0
5    0          0
6    0          0
7    0          0
8    0          0
9    0          0
10   0          0
11   0          0
12   0          0
13   0          0
14   0          0
15   0          0
16   0          0
18   0.685166   0
19   0          0
21   0          0
22   0          0

 [*,8,*]
:       1          2          3          4          5          6          7  :=
1    0          0          0          0          0          0.114611   0
2    1          0          0          0          0          0          0
3    0          0          0.723837   0          0          0.276163   0
4    0          0          0          1          0          0          0
5    0          1          0          0          0          0          0
6    1          0          0          0          0          0          0
7    0          0          1          0          0          0          0
8    0          0          1          0          0          0          0
9    0          0.616873   0          0.383127   0          0          0
10   0          0          0          0          0          1          0
11   0          0          0          1          0          0          0
12   0          0          0          0          1          0          0
13   0          0          0.202128   0          0.797872   0          0
14   1          0          0          0          0          0          0
15   0          0          1          0          0          0          0
16   0.279018   0          0          0.720982   0          0          0
18   0          0          0          0          0          0.314834   0.685166
19   1          0          0          0          0          0          0
21   0          0          0          0.388298   0.611702   0          0
22   0          1          0          0          0          0          0

:       9        :=
1    0.885389
2    0
3    0
4    0
5    0
6    0
7    0
8    0
9    0
10   0
11   0
12   0
13   0
14   0
15   0
16   0
18   0
19   0
21   0
22   0

 [*,9,*]
:       1          2          3          4          5          6          7  :=
1    0          0          0          0          0          0.821716   0
2    1          0          0          0          0          0          0
3    0          0          0.723837   0          0          0.276163   0
4    0          0          0          1          0          0          0
5    0          1          0          0          0          0          0
6    1          0          0          0          0          0          0
7    0          0          1          0          0          0          0
8    0          1          0          0          0          0          0
9    0          0.576625   0          0.423375   0          0          0
10   0          0          0          0          0          0          0
11   1          0          0          0          0          0          0
12   0          0          0          0          1          0          0
13   0          0          0.271277   0          0.728723   0          0
14   1          0          0          0          0          0          0
15   0          0          1          0          0          0          0
16   0.046875   0          0          0.953125   0          0          0
18   0          0          0          0          0          0          0.685166
19   1          0          0          0          0          0          0
21   0          0          0          0.296099   0.703901   0          0
22   0          1          0          0          0          0          0

:       8        :=
1    0.178284
2    0
3    0
4    0
5    0
6    0
7    0
8    0
9    0
10   1
11   0
12   0
13   0
14   0
15   0
16   0
18   0.314834
19   0
21   0
22   0
;

