K=5, W/V=3.0573483, K=5, time:0.047

ca [*] :=
1  5
;

fragment allocation x on node k:

1    2    3    4    5    
0 0 1 1 1 1 
1 0 1 1 0 0 
2 0 0 0 1 1 
3 0 1 1 1 1 
4 0 1 1 1 1 
5 0 1 1 1 1 
6 0 1 1 0 0 
7 0 0 0 0 0 
8 0 0 0 0 0 
9 0 1 1 1 1 
10 0 1 1 1 1 
11 0 0 0 0 0 
12 1 1 1 1 1 
13 1 1 1 1 1 
14 0 1 1 1 1 
15 0 0 0 0 0 
16 1 1 1 1 1 
17 1 1 0 1 1 
18 0 1 0 1 1 
19 1 1 1 1 1 
20 0 1 0 1 1 
21 0 0 0 1 1 
22 0 1 0 1 1 
23 1 1 1 1 1 
24 1 1 1 0 0 
25 0 1 1 0 0 
26 0 1 1 0 0 
27 1 1 1 1 1 
28 1 1 1 1 1 
29 0 1 1 0 0 
30 0 1 1 0 0 
31 0 1 1 1 1 
32 0 1 1 1 1 
33 0 0 0 1 1 
34 0 1 1 1 1 
35 0 0 0 0 0 
36 1 1 1 1 1 
37 1 1 1 1 1 
38 1 1 0 0 0 
39 1 1 1 0 0 
40 1 1 1 0 0 
41 1 1 0 0 0 
42 0 0 0 0 0 
43 0 1 1 0 0 
44 0 0 0 1 1 
45 1 1 1 0 0 
46 0 1 1 1 1 
47 1 1 1 1 1 
48 0 0 0 0 0 
49 1 1 1 1 1 
50 0 1 1 1 1 
51 0 1 1 1 1 
52 0 0 0 1 1 
53 0 1 1 1 1 
54 0 0 0 1 1 
55 1 1 1 1 1 
56 1 1 0 0 0 
57 1 1 0 0 0 
58 0 1 1 0 0 
59 1 1 1 0 0 

query feasibility y on node k:

1    2    3    4    5    
1 0 0 0 1 1 
2 0 0 0 1 1 
3 0 1 1 0 0 
4 1 1 0 0 0 
5 0 1 1 0 0 
6 0 1 1 1 1 
7 0 1 1 0 0 
8 0 1 1 0 0 
9 0 1 1 0 0 
10 0 1 1 0 0 
11 0 0 0 1 1 
12 1 1 0 0 0 
13 0 0 0 1 1 
14 0 1 1 1 1 
15 0 1 0 1 1 
16 0 1 0 1 1 
18 1 1 1 0 0 
19 0 1 1 0 0 
21 1 1 0 0 0 
22 1 1 1 1 1 

workload distribution ohne node failure:

1    2    3    4    5    
1 0.00000000 0.00000000 0.00000000 0.50000000 0.50000000 
2 0.00000000 0.00000000 0.00000000 0.50000000 0.50000000 
3 0.00000000 1.00000000 0.00000000 0.00000000 0.00000000 
4 1.00000000 0.00000000 0.00000000 0.00000000 0.00000000 
5 0.00000000 1.00000000 0.00000000 0.00000000 0.00000000 
6 0.00000000 1.00000000 0.00000000 0.00000000 0.00000000 
7 0.00000000 1.00000000 0.00000000 0.00000000 0.00000000 
8 0.00000000 0.73846154 0.26153846 0.00000000 0.00000000 
9 0.00000000 0.00000000 1.00000000 0.00000000 0.00000000 
10 0.00000000 0.00000000 1.00000000 0.00000000 0.00000000 
11 0.00000000 0.00000000 0.00000000 0.50000000 0.50000000 
12 1.00000000 0.00000000 0.00000000 0.00000000 0.00000000 
13 0.00000000 0.00000000 0.00000000 0.50000000 0.50000000 
14 0.00000000 0.07323944 0.00000000 0.46338028 0.46338028 
15 0.00000000 0.00000000 0.00000000 0.50000000 0.50000000 
16 0.00000000 0.00000000 0.00000000 0.50000000 0.50000000 
18 0.51535270 0.48464730 0.00000000 0.00000000 0.00000000 
19 0.00000000 0.00000000 1.00000000 0.00000000 0.00000000 
21 1.00000000 0.00000000 0.00000000 0.00000000 0.00000000 
22 0.00000000 0.00000000 0.00000000 0.50000000 0.50000000 

workload distribution if node 1 fails:

2    3    4    5    
1 0.00000000 0.00000000 0.50000000 0.50000000 
2 0.00000000 0.00000000 0.50000000 0.50000000 
3 1.00000000 0.00000000 0.00000000 0.00000000 
4 1.00000000 0.00000000 0.00000000 0.00000000 
5 0.00000000 1.00000000 0.00000000 0.00000000 
6 0.00000000 0.00000000 0.50000000 0.50000000 
7 0.87974684 0.12025316 0.00000000 0.00000000 
8 0.00000000 1.00000000 0.00000000 0.00000000 
9 1.00000000 0.00000000 0.00000000 0.00000000 
10 0.00000000 1.00000000 0.00000000 0.00000000 
11 0.00000000 0.00000000 0.50000000 0.50000000 
12 1.00000000 0.00000000 0.00000000 0.00000000 
13 0.00000000 0.00000000 0.50000000 0.50000000 
14 0.00000000 0.00000000 0.50000000 0.50000000 
15 0.00000000 0.00000000 0.50000000 0.50000000 
16 0.00000000 0.00000000 0.50000000 0.50000000 
18 0.00000000 1.00000000 0.00000000 0.00000000 
19 0.00000000 1.00000000 0.00000000 0.00000000 
21 1.00000000 0.00000000 0.00000000 0.00000000 
22 0.00000000 0.00000000 0.50000000 0.50000000 

workload distribution if node 2 fails:

1    3    4    5    
1 0.00000000 0.00000000 0.50000000 0.50000000 
2 0.00000000 0.00000000 0.50000000 0.50000000 
3 0.00000000 1.00000000 0.00000000 0.00000000 
4 1.00000000 0.00000000 0.00000000 0.00000000 
5 0.00000000 1.00000000 0.00000000 0.00000000 
6 0.00000000 0.00000000 0.50000000 0.50000000 
7 0.00000000 1.00000000 0.00000000 0.00000000 
8 0.00000000 1.00000000 0.00000000 0.00000000 
9 0.00000000 1.00000000 0.00000000 0.00000000 
10 0.00000000 1.00000000 0.00000000 0.00000000 
11 0.00000000 0.00000000 0.50000000 0.50000000 
12 1.00000000 0.00000000 0.00000000 0.00000000 
13 0.00000000 0.00000000 0.50000000 0.50000000 
14 0.00000000 0.00000000 0.50000000 0.50000000 
15 0.00000000 0.00000000 0.50000000 0.50000000 
16 0.00000000 0.00000000 0.50000000 0.50000000 
18 0.99273859 0.00726141 0.00000000 0.00000000 
19 0.00000000 1.00000000 0.00000000 0.00000000 
21 1.00000000 0.00000000 0.00000000 0.00000000 
22 0.00000000 0.00000000 0.50000000 0.50000000 

workload distribution if node 3 fails:

1    2    4    5    
1 0.00000000 0.00000000 0.50000000 0.50000000 
2 0.00000000 0.00000000 0.50000000 0.50000000 
3 0.00000000 1.00000000 0.00000000 0.00000000 
4 0.92222222 0.07777778 0.00000000 0.00000000 
5 0.00000000 1.00000000 0.00000000 0.00000000 
6 0.00000000 0.00000000 0.50000000 0.50000000 
7 0.00000000 1.00000000 0.00000000 0.00000000 
8 0.00000000 1.00000000 0.00000000 0.00000000 
9 0.00000000 1.00000000 0.00000000 0.00000000 
10 0.00000000 1.00000000 0.00000000 0.00000000 
11 0.00000000 0.00000000 0.50000000 0.50000000 
12 1.00000000 0.00000000 0.00000000 0.00000000 
13 0.00000000 0.00000000 0.50000000 0.50000000 
14 0.00000000 0.00000000 0.50000000 0.50000000 
15 0.00000000 0.00000000 0.50000000 0.50000000 
16 0.00000000 0.00000000 0.50000000 0.50000000 
18 1.00000000 0.00000000 0.00000000 0.00000000 
19 0.00000000 1.00000000 0.00000000 0.00000000 
21 1.00000000 0.00000000 0.00000000 0.00000000 
22 0.00000000 0.00000000 0.50000000 0.50000000 

workload distribution if node 4 fails:

1    2    3    5    
1 0.00000000 0.00000000 0.00000000 1.00000000 
2 0.00000000 0.00000000 0.00000000 1.00000000 
3 0.00000000 0.00000000 1.00000000 0.00000000 
4 1.00000000 0.00000000 0.00000000 0.00000000 
5 0.00000000 0.00000000 1.00000000 0.00000000 
6 0.00000000 1.00000000 0.00000000 0.00000000 
7 0.00000000 0.00000000 1.00000000 0.00000000 
8 0.00000000 0.00000000 1.00000000 0.00000000 
9 0.00000000 0.00000000 1.00000000 0.00000000 
10 0.00000000 1.00000000 0.00000000 0.00000000 
11 0.00000000 0.00000000 0.00000000 1.00000000 
12 1.00000000 0.00000000 0.00000000 0.00000000 
13 0.00000000 0.00000000 0.00000000 1.00000000 
14 0.00000000 0.00000000 1.00000000 0.00000000 
15 0.00000000 1.00000000 0.00000000 0.00000000 
16 0.00000000 0.13839286 0.00000000 0.86160714 
18 0.17946058 0.82053942 0.00000000 0.00000000 
19 0.00000000 0.38333333 0.61666667 0.00000000 
21 1.00000000 0.00000000 0.00000000 0.00000000 
22 0.00000000 0.00000000 1.00000000 0.00000000 

workload distribution if node 5 fails:

1    2    3    4    
1 0.00000000 0.00000000 0.00000000 1.00000000 
2 0.00000000 0.00000000 0.00000000 1.00000000 
3 0.00000000 0.00000000 1.00000000 0.00000000 
4 1.00000000 0.00000000 0.00000000 0.00000000 
5 0.00000000 0.00000000 1.00000000 0.00000000 
6 0.00000000 1.00000000 0.00000000 0.00000000 
7 0.00000000 0.00000000 1.00000000 0.00000000 
8 0.00000000 0.00000000 1.00000000 0.00000000 
9 0.00000000 0.00000000 1.00000000 0.00000000 
10 0.00000000 1.00000000 0.00000000 0.00000000 
11 0.00000000 0.00000000 0.00000000 1.00000000 
12 1.00000000 0.00000000 0.00000000 0.00000000 
13 0.00000000 0.00000000 0.00000000 1.00000000 
14 0.00000000 0.00000000 1.00000000 0.00000000 
15 0.00000000 1.00000000 0.00000000 0.00000000 
16 0.00000000 0.13839286 0.00000000 0.86160714 
18 0.17946058 0.82053942 0.00000000 0.00000000 
19 0.00000000 0.38333333 0.61666667 0.00000000 
21 1.00000000 0.00000000 0.00000000 0.00000000 
22 0.00000000 0.00000000 1.00000000 0.00000000 



zz_test [*] :=
 1  1
 2  1
 3  1
 4  1
 5  1
 6  1
 7  1
 8  1
 9  1
10  1
11  1
12  1
13  1
14  1
15  1
16  1
18  1
19  1
21  1
22  1
;

K_test [*] :=
1  0.2
2  0.2
3  0.2
4  0.2
5  0.2
;

zz2_test [*,*]
:    1   2   3   4   5    :=
1    1   1   1   1   1
2    1   1   1   1   1
3    1   1   1   1   1
4    1   1   1   1   1
5    1   1   1   1   1
6    1   1   1   1   1
7    1   1   1   1   1
8    1   1   1   1   1
9    1   1   1   1   1
10   1   1   1   1   1
11   1   1   1   1   1
12   1   1   1   1   1
13   1   1   1   1   1
14   1   1   1   1   1
15   1   1   1   1   1
16   1   1   1   1   1
18   1   1   1   1   1
19   1   1   1   1   1
21   1   1   1   1   1
22   1   1   1   1   1
;

K2_test :=
1 2   0.287093
1 3   0.287093
1 4   0.212907
1 5   0.212907
2 1   0.287093
2 3   0.287093
2 4   0.212907
2 5   0.212907
3 1   0.287093
3 2   0.287093
3 4   0.212907
3 5   0.212907
4 1   0.138721
4 2   0.287093
4 3   0.287093
4 5   0.287093
5 1   0.138721
5 2   0.287093
5 3   0.287093
5 4   0.287093
;

zz2 [*,1,*]
:       2          3        4     5     :=
1    0          0          0.5   0.5
2    0          0          0.5   0.5
3    1          0          0     0
4    1          0          0     0
5    0          1          0     0
6    0          0          0.5   0.5
7    0.879747   0.120253   0     0
8    0          1          0     0
9    1          0          0     0
10   0          1          0     0
11   0          0          0.5   0.5
12   1          0          0     0
13   0          0          0.5   0.5
14   0          0          0.5   0.5
15   0          0          0.5   0.5
16   0          0          0.5   0.5
18   0          1          0     0
19   0          1          0     0
21   1          0          0     0
22   0          0          0.5   0.5

 [*,2,*]
:       1           3         4     5     :=
1    0          0            0.5   0.5
2    0          0            0.5   0.5
3    0          1            0     0
4    1          0            0     0
5    0          1            0     0
6    0          0            0.5   0.5
7    0          1            0     0
8    0          1            0     0
9    0          1            0     0
10   0          1            0     0
11   0          0            0.5   0.5
12   1          0            0     0
13   0          0            0.5   0.5
14   0          0            0.5   0.5
15   0          0            0.5   0.5
16   0          0            0.5   0.5
18   0.992739   0.00726141   0     0
19   0          1            0     0
21   1          0            0     0
22   0          0            0.5   0.5

 [*,3,*]
:       1           2        4     5     :=
1    0          0           0.5   0.5
2    0          0           0.5   0.5
3    0          1           0     0
4    0.922222   0.0777778   0     0
5    0          1           0     0
6    0          0           0.5   0.5
7    0          1           0     0
8    0          1           0     0
9    0          1           0     0
10   0          1           0     0
11   0          0           0.5   0.5
12   1          0           0     0
13   0          0           0.5   0.5
14   0          0           0.5   0.5
15   0          0           0.5   0.5
16   0          0           0.5   0.5
18   1          0           0     0
19   0          1           0     0
21   1          0           0     0
22   0          0           0.5   0.5

 [*,4,*]
:       1          2          3          5        :=
1    0          0          0          1
2    0          0          0          1
3    0          0          1          0
4    1          0          0          0
5    0          0          1          0
6    0          1          0          0
7    0          0          1          0
8    0          0          1          0
9    0          0          1          0
10   0          1          0          0
11   0          0          0          1
12   1          0          0          0
13   0          0          0          1
14   0          0          1          0
15   0          1          0          0
16   0          0.138393   0          0.861607
18   0.179461   0.820539   0          0
19   0          0.383333   0.616667   0
21   1          0          0          0
22   0          0          1          0

 [*,5,*]
:       1          2          3          4        :=
1    0          0          0          1
2    0          0          0          1
3    0          0          1          0
4    1          0          0          0
5    0          0          1          0
6    0          1          0          0
7    0          0          1          0
8    0          0          1          0
9    0          0          1          0
10   0          1          0          0
11   0          0          0          1
12   1          0          0          0
13   0          0          0          1
14   0          0          1          0
15   0          1          0          0
16   0          0.138393   0          0.861607
18   0.179461   0.820539   0          0
19   0          0.383333   0.616667   0
21   1          0          0          0
22   0          0          1          0
;

