K=10, W/V=4.5196880, K=10, time:1.125

ca [*] :=
1  10
;

fragment allocation x on node k:

1    2    3    4    5    6    7    8    9    10    
0 1 1 1 0 1 0 0 0 0 0 
1 0 1 1 0 1 0 0 0 0 0 
2 1 1 0 0 0 0 0 0 0 0 
3 1 1 0 0 1 0 0 0 0 0 
4 1 1 0 0 1 0 0 0 0 0 
5 1 1 0 0 1 0 0 0 0 0 
6 0 1 0 0 1 0 0 0 0 0 
7 0 0 0 0 0 0 0 0 0 0 
8 0 0 0 0 0 0 0 0 0 0 
9 1 1 0 0 1 0 1 0 0 0 
10 1 1 0 0 1 0 1 0 0 0 
11 0 0 0 0 0 0 0 0 0 0 
12 1 1 1 1 1 0 1 1 0 0 
13 1 1 1 1 1 0 1 1 0 0 
14 1 1 0 0 1 0 1 0 0 0 
15 0 0 0 0 0 0 0 0 0 0 
16 1 1 1 1 1 0 1 0 0 0 
17 1 1 0 1 1 0 0 0 0 0 
18 1 1 0 0 1 0 0 0 0 0 
19 1 1 1 1 1 0 1 0 0 0 
20 1 1 0 0 1 0 0 0 0 0 
21 1 1 0 0 0 0 0 0 0 0 
22 1 1 0 0 0 0 0 0 0 0 
23 0 1 0 1 1 1 1 1 0 1 
24 0 1 0 1 0 0 1 1 0 1 
25 0 0 0 0 0 0 1 1 0 0 
26 0 1 0 0 1 0 1 1 0 0 
27 0 0 0 0 0 1 1 1 0 0 
28 0 0 0 0 0 1 1 1 0 0 
29 0 0 0 0 0 0 1 1 0 0 
30 0 0 0 0 0 0 1 1 0 0 
31 1 1 1 0 1 0 0 0 0 0 
32 1 1 1 0 1 0 0 0 0 0 
33 1 0 1 0 0 0 0 0 0 0 
34 1 1 1 0 1 0 0 0 0 0 
35 0 0 0 0 0 0 0 0 0 0 
36 0 1 1 1 1 1 1 1 0 1 
37 0 1 0 1 1 1 1 1 0 1 
38 0 0 0 1 1 0 0 0 0 0 
39 0 1 0 1 0 0 1 1 0 1 
40 0 1 1 1 1 0 1 1 0 1 
41 0 0 0 1 1 0 0 0 0 0 
42 0 0 0 0 0 0 0 0 0 0 
43 0 0 0 0 0 0 1 1 0 0 
44 0 0 0 0 0 1 0 0 0 1 
45 0 1 1 1 1 0 1 1 0 1 
46 0 1 1 0 1 0 0 0 0 0 
47 1 1 1 1 1 0 1 0 0 0 
48 0 0 0 0 0 0 0 0 0 0 
49 0 1 1 1 1 1 1 1 1 1 
50 1 1 1 0 1 1 1 1 1 0 
51 1 1 1 0 1 1 1 1 1 0 
52 0 0 0 0 0 1 1 0 1 0 
53 0 0 0 0 0 1 1 1 1 0 
54 0 0 0 0 0 1 1 0 1 0 
55 1 1 0 1 1 1 1 1 1 0 
56 0 0 0 1 1 0 0 0 0 0 
57 0 0 0 1 1 0 0 0 0 0 
58 0 1 0 0 1 0 0 0 0 0 
59 0 1 0 1 1 0 0 0 0 0 

query feasibility y on node k:

1    2    3    4    5    6    7    8    9    10    
1 0 0 0 0 0 1 1 0 1 0 
2 1 1 0 0 0 0 0 0 0 0 
3 0 0 0 0 0 0 1 1 0 0 
4 0 0 0 1 1 0 0 0 0 0 
5 0 1 0 0 1 0 1 0 0 0 
6 0 1 0 0 1 1 1 1 1 0 
7 0 1 0 0 1 0 1 0 0 0 
8 0 1 0 0 1 0 0 0 0 0 
9 0 1 1 0 1 0 0 0 0 0 
10 0 0 0 0 0 0 1 1 0 0 
11 1 0 1 0 0 0 0 0 0 0 
12 0 0 0 1 1 0 0 0 0 0 
13 0 0 0 0 0 1 0 0 0 1 
14 0 1 0 0 1 0 0 0 0 0 
15 1 1 0 0 1 0 0 0 0 0 
16 1 1 0 0 0 0 0 0 0 0 
18 0 1 0 1 0 0 1 1 0 1 
19 0 1 0 0 1 0 0 0 0 0 
21 0 0 0 1 1 0 0 0 0 0 
22 0 0 0 0 0 1 1 1 0 0 

workload distribution ohne node failure:

1    2    3    4    5    6    7    8    9    10    
1 0.00000000 0.00000000 0.00000000 0.00000000 0.00000000 0.29168901 0.00000000 0.00000000 0.70831099 0.00000000 
2 1.00000000 0.00000000 0.00000000 0.00000000 0.00000000 0.00000000 0.00000000 0.00000000 0.00000000 0.00000000 
3 0.00000000 0.00000000 0.00000000 0.00000000 0.00000000 0.00000000 1.00000000 0.00000000 0.00000000 0.00000000 
4 0.00000000 0.00000000 0.00000000 1.00000000 0.00000000 0.00000000 0.00000000 0.00000000 0.00000000 0.00000000 
5 0.00000000 0.00000000 0.00000000 0.00000000 0.00000000 0.00000000 1.00000000 0.00000000 0.00000000 0.00000000 
6 0.00000000 1.00000000 0.00000000 0.00000000 0.00000000 0.00000000 0.00000000 0.00000000 0.00000000 0.00000000 
7 0.00000000 0.73924051 0.00000000 0.00000000 0.26075949 0.00000000 0.00000000 0.00000000 0.00000000 0.00000000 
8 0.00000000 1.00000000 0.00000000 0.00000000 0.00000000 0.00000000 0.00000000 0.00000000 0.00000000 0.00000000 
9 0.00000000 0.18204334 0.81795666 0.00000000 0.00000000 0.00000000 0.00000000 0.00000000 0.00000000 0.00000000 
10 0.00000000 0.00000000 0.00000000 0.00000000 0.00000000 0.00000000 1.00000000 0.00000000 0.00000000 0.00000000 
11 1.00000000 0.00000000 0.00000000 0.00000000 0.00000000 0.00000000 0.00000000 0.00000000 0.00000000 0.00000000 
12 0.00000000 0.00000000 0.00000000 1.00000000 0.00000000 0.00000000 0.00000000 0.00000000 0.00000000 0.00000000 
13 0.00000000 0.00000000 0.00000000 0.00000000 0.00000000 0.40638298 0.00000000 0.00000000 0.00000000 0.59361702 
14 0.00000000 1.00000000 0.00000000 0.00000000 0.00000000 0.00000000 0.00000000 0.00000000 0.00000000 0.00000000 
15 0.37101449 0.00000000 0.00000000 0.00000000 0.62898551 0.00000000 0.00000000 0.00000000 0.00000000 0.00000000 
16 1.00000000 0.00000000 0.00000000 0.00000000 0.00000000 0.00000000 0.00000000 0.00000000 0.00000000 0.00000000 
18 0.00000000 0.00000000 0.00000000 0.10580913 0.00000000 0.00000000 0.02946058 0.54813278 0.00000000 0.31659751 
19 0.00000000 0.00000000 0.00000000 0.00000000 1.00000000 0.00000000 0.00000000 0.00000000 0.00000000 0.00000000 
21 0.00000000 0.00000000 0.00000000 0.52624113 0.47375887 0.00000000 0.00000000 0.00000000 0.00000000 0.00000000 
22 0.00000000 0.00000000 0.00000000 0.00000000 0.00000000 1.00000000 0.00000000 0.00000000 0.00000000 0.00000000 

workload distribution if node 1 fails:

2    3    4    5    6    7    8    9    10    
1 0.00000000 0.00000000 0.00000000 0.00000000 0.21298779 0.00000000 0.00000000 0.78701221 0.00000000 
2 1.00000000 0.00000000 0.00000000 0.00000000 0.00000000 0.00000000 0.00000000 0.00000000 0.00000000 
3 0.00000000 0.00000000 0.00000000 0.00000000 0.00000000 1.00000000 0.00000000 0.00000000 0.00000000 
4 0.00000000 0.00000000 0.27407407 0.72592593 0.00000000 0.00000000 0.00000000 0.00000000 0.00000000 
5 0.00000000 0.00000000 0.00000000 0.00000000 0.00000000 1.00000000 0.00000000 0.00000000 0.00000000 
6 0.00000000 0.00000000 0.00000000 0.00000000 1.00000000 0.00000000 0.00000000 0.00000000 0.00000000 
7 0.00000000 0.00000000 0.00000000 0.00000000 0.00000000 1.00000000 0.00000000 0.00000000 0.00000000 
8 0.00000000 0.00000000 0.00000000 1.00000000 0.00000000 0.00000000 0.00000000 0.00000000 0.00000000 
9 0.11007912 0.82834537 0.00000000 0.06157551 0.00000000 0.00000000 0.00000000 0.00000000 0.00000000 
10 0.00000000 0.00000000 0.00000000 0.00000000 0.00000000 0.68353175 0.31646825 0.00000000 0.00000000 
11 0.00000000 1.00000000 0.00000000 0.00000000 0.00000000 0.00000000 0.00000000 0.00000000 0.00000000 
12 0.00000000 0.00000000 1.00000000 0.00000000 0.00000000 0.00000000 0.00000000 0.00000000 0.00000000 
13 0.00000000 0.00000000 0.00000000 0.00000000 0.38356974 0.00000000 0.00000000 0.00000000 0.61643026 
14 1.00000000 0.00000000 0.00000000 0.00000000 0.00000000 0.00000000 0.00000000 0.00000000 0.00000000 
15 0.00000000 0.00000000 0.00000000 1.00000000 0.00000000 0.00000000 0.00000000 0.00000000 0.00000000 
16 1.00000000 0.00000000 0.00000000 0.00000000 0.00000000 0.00000000 0.00000000 0.00000000 0.00000000 
18 0.00000000 0.00000000 0.09589673 0.00000000 0.00000000 0.00000000 0.53550023 0.00000000 0.36860304 
19 0.00000000 0.00000000 0.00000000 1.00000000 0.00000000 0.00000000 0.00000000 0.00000000 0.00000000 
21 0.00000000 0.00000000 1.00000000 0.00000000 0.00000000 0.00000000 0.00000000 0.00000000 0.00000000 
22 0.00000000 0.00000000 0.00000000 0.00000000 1.00000000 0.00000000 0.00000000 0.00000000 0.00000000 

workload distribution if node 2 fails:

1    3    4    5    6    7    8    9    10    
1 0.00000000 0.00000000 0.00000000 0.00000000 0.21298779 0.00000000 0.00000000 0.78701221 0.00000000 
2 1.00000000 0.00000000 0.00000000 0.00000000 0.00000000 0.00000000 0.00000000 0.00000000 0.00000000 
3 0.00000000 0.00000000 0.00000000 0.00000000 0.00000000 1.00000000 0.00000000 0.00000000 0.00000000 
4 0.00000000 0.00000000 1.00000000 0.00000000 0.00000000 0.00000000 0.00000000 0.00000000 0.00000000 
5 0.00000000 0.00000000 0.00000000 0.00000000 0.00000000 1.00000000 0.00000000 0.00000000 0.00000000 
6 0.00000000 0.00000000 0.00000000 0.00000000 0.00000000 0.00000000 1.00000000 0.00000000 0.00000000 
7 0.00000000 0.00000000 0.00000000 0.41350211 0.00000000 0.58649789 0.00000000 0.00000000 0.00000000 
8 0.00000000 0.00000000 0.00000000 1.00000000 0.00000000 0.00000000 0.00000000 0.00000000 0.00000000 
9 0.00000000 0.90884073 0.00000000 0.09115927 0.00000000 0.00000000 0.00000000 0.00000000 0.00000000 
10 0.00000000 0.00000000 0.00000000 0.00000000 0.00000000 0.97519841 0.02480159 0.00000000 0.00000000 
11 1.00000000 0.00000000 0.00000000 0.00000000 0.00000000 0.00000000 0.00000000 0.00000000 0.00000000 
12 0.00000000 0.00000000 1.00000000 0.00000000 0.00000000 0.00000000 0.00000000 0.00000000 0.00000000 
13 0.00000000 0.00000000 0.00000000 0.00000000 0.71867612 0.00000000 0.00000000 0.00000000 0.28132388 
14 0.00000000 0.00000000 0.00000000 1.00000000 0.00000000 0.00000000 0.00000000 0.00000000 0.00000000 
15 0.58373591 0.00000000 0.00000000 0.41626409 0.00000000 0.00000000 0.00000000 0.00000000 0.00000000 
16 1.00000000 0.00000000 0.00000000 0.00000000 0.00000000 0.00000000 0.00000000 0.00000000 0.00000000 
18 0.00000000 0.00000000 0.02812356 0.00000000 0.00000000 0.00000000 0.47256800 0.00000000 0.49930844 
19 0.00000000 0.00000000 0.00000000 1.00000000 0.00000000 0.00000000 0.00000000 0.00000000 0.00000000 
21 0.00000000 0.00000000 1.00000000 0.00000000 0.00000000 0.00000000 0.00000000 0.00000000 0.00000000 
22 0.00000000 0.00000000 0.00000000 0.00000000 1.00000000 0.00000000 0.00000000 0.00000000 0.00000000 

workload distribution if node 3 fails:

1    2    4    5    6    7    8    9    10    
1 0.00000000 0.00000000 0.00000000 0.00000000 0.21298779 0.00000000 0.00000000 0.78701221 0.00000000 
2 1.00000000 0.00000000 0.00000000 0.00000000 0.00000000 0.00000000 0.00000000 0.00000000 0.00000000 
3 0.00000000 0.00000000 0.00000000 0.00000000 0.00000000 1.00000000 0.00000000 0.00000000 0.00000000 
4 0.00000000 0.00000000 1.00000000 0.00000000 0.00000000 0.00000000 0.00000000 0.00000000 0.00000000 
5 0.00000000 0.00000000 0.00000000 0.00000000 0.00000000 1.00000000 0.00000000 0.00000000 0.00000000 
6 0.00000000 0.00000000 0.00000000 0.00000000 0.00000000 1.00000000 0.00000000 0.00000000 0.00000000 
7 0.00000000 0.00000000 0.00000000 0.41350211 0.00000000 0.58649789 0.00000000 0.00000000 0.00000000 
8 0.00000000 0.00000000 0.00000000 1.00000000 0.00000000 0.00000000 0.00000000 0.00000000 0.00000000 
9 0.00000000 0.90884073 0.00000000 0.09115927 0.00000000 0.00000000 0.00000000 0.00000000 0.00000000 
10 0.00000000 0.00000000 0.00000000 0.00000000 0.00000000 0.41269841 0.58730159 0.00000000 0.00000000 
11 1.00000000 0.00000000 0.00000000 0.00000000 0.00000000 0.00000000 0.00000000 0.00000000 0.00000000 
12 0.00000000 0.00000000 1.00000000 0.00000000 0.00000000 0.00000000 0.00000000 0.00000000 0.00000000 
13 0.00000000 0.00000000 0.00000000 0.00000000 0.71867612 0.00000000 0.00000000 0.00000000 0.28132388 
14 0.00000000 0.00000000 0.00000000 1.00000000 0.00000000 0.00000000 0.00000000 0.00000000 0.00000000 
15 0.58373591 0.00000000 0.00000000 0.41626409 0.00000000 0.00000000 0.00000000 0.00000000 0.00000000 
16 1.00000000 0.00000000 0.00000000 0.00000000 0.00000000 0.00000000 0.00000000 0.00000000 0.00000000 
18 0.00000000 0.00000000 0.02812356 0.00000000 0.00000000 0.00000000 0.47256800 0.00000000 0.49930844 
19 0.00000000 0.00000000 0.00000000 1.00000000 0.00000000 0.00000000 0.00000000 0.00000000 0.00000000 
21 0.00000000 0.00000000 1.00000000 0.00000000 0.00000000 0.00000000 0.00000000 0.00000000 0.00000000 
22 0.00000000 0.00000000 0.00000000 0.00000000 1.00000000 0.00000000 0.00000000 0.00000000 0.00000000 

workload distribution if node 4 fails:

1    2    3    5    6    7    8    9    10    
1 0.00000000 0.00000000 0.00000000 0.00000000 0.21298779 0.00000000 0.00000000 0.78701221 0.00000000 
2 1.00000000 0.00000000 0.00000000 0.00000000 0.00000000 0.00000000 0.00000000 0.00000000 0.00000000 
3 0.00000000 0.00000000 0.00000000 0.00000000 0.00000000 1.00000000 0.00000000 0.00000000 0.00000000 
4 0.00000000 0.00000000 0.00000000 1.00000000 0.00000000 0.00000000 0.00000000 0.00000000 0.00000000 
5 0.00000000 0.00000000 0.00000000 0.00000000 0.00000000 1.00000000 0.00000000 0.00000000 0.00000000 
6 0.00000000 0.00000000 0.00000000 0.00000000 1.00000000 0.00000000 0.00000000 0.00000000 0.00000000 
7 0.00000000 0.58509142 0.00000000 0.00000000 0.00000000 0.41490858 0.00000000 0.00000000 0.00000000 
8 0.00000000 1.00000000 0.00000000 0.00000000 0.00000000 0.00000000 0.00000000 0.00000000 0.00000000 
9 0.00000000 0.09115927 0.90884073 0.00000000 0.00000000 0.00000000 0.00000000 0.00000000 0.00000000 
10 0.00000000 0.00000000 0.00000000 0.00000000 0.00000000 1.00000000 0.00000000 0.00000000 0.00000000 
11 1.00000000 0.00000000 0.00000000 0.00000000 0.00000000 0.00000000 0.00000000 0.00000000 0.00000000 
12 0.00000000 0.00000000 0.00000000 1.00000000 0.00000000 0.00000000 0.00000000 0.00000000 0.00000000 
13 0.00000000 0.00000000 0.00000000 0.00000000 0.38356974 0.00000000 0.00000000 0.00000000 0.61643026 
14 0.00000000 0.80907668 0.00000000 0.19092332 0.00000000 0.00000000 0.00000000 0.00000000 0.00000000 
15 0.58373591 0.41626409 0.00000000 0.00000000 0.00000000 0.00000000 0.00000000 0.00000000 0.00000000 
16 1.00000000 0.00000000 0.00000000 0.00000000 0.00000000 0.00000000 0.00000000 0.00000000 0.00000000 
18 0.00000000 0.00000000 0.00000000 0.00000000 0.00000000 0.02236053 0.60903642 0.00000000 0.36860304 
19 0.00000000 1.00000000 0.00000000 0.00000000 0.00000000 0.00000000 0.00000000 0.00000000 0.00000000 
21 0.00000000 0.00000000 0.00000000 1.00000000 0.00000000 0.00000000 0.00000000 0.00000000 0.00000000 
22 0.00000000 0.00000000 0.00000000 0.00000000 1.00000000 0.00000000 0.00000000 0.00000000 0.00000000 

workload distribution if node 5 fails:

1    2    3    4    6    7    8    9    10    
1 0.00000000 0.00000000 0.00000000 0.00000000 0.38188859 0.00000000 0.00000000 0.61811141 0.00000000 
2 1.00000000 0.00000000 0.00000000 0.00000000 0.00000000 0.00000000 0.00000000 0.00000000 0.00000000 
3 0.00000000 0.00000000 0.00000000 0.00000000 0.00000000 1.00000000 0.00000000 0.00000000 0.00000000 
4 0.00000000 0.00000000 0.00000000 1.00000000 0.00000000 0.00000000 0.00000000 0.00000000 0.00000000 
5 0.00000000 0.00000000 0.00000000 0.00000000 0.00000000 1.00000000 0.00000000 0.00000000 0.00000000 
6 0.00000000 0.00000000 0.00000000 0.00000000 0.00000000 0.00000000 0.00000000 1.00000000 0.00000000 
7 0.00000000 0.41350211 0.00000000 0.00000000 0.00000000 0.58649789 0.00000000 0.00000000 0.00000000 
8 0.00000000 1.00000000 0.00000000 0.00000000 0.00000000 0.00000000 0.00000000 0.00000000 0.00000000 
9 0.00000000 0.09115927 0.90884073 0.00000000 0.00000000 0.00000000 0.00000000 0.00000000 0.00000000 
10 0.00000000 0.00000000 0.00000000 0.00000000 0.00000000 0.97519841 0.02480159 0.00000000 0.00000000 
11 1.00000000 0.00000000 0.00000000 0.00000000 0.00000000 0.00000000 0.00000000 0.00000000 0.00000000 
12 0.00000000 0.00000000 0.00000000 1.00000000 0.00000000 0.00000000 0.00000000 0.00000000 0.00000000 
13 0.00000000 0.00000000 0.00000000 0.00000000 0.38356974 0.00000000 0.00000000 0.00000000 0.61643026 
14 0.00000000 1.00000000 0.00000000 0.00000000 0.00000000 0.00000000 0.00000000 0.00000000 0.00000000 
15 0.58373591 0.41626409 0.00000000 0.00000000 0.00000000 0.00000000 0.00000000 0.00000000 0.00000000 
16 1.00000000 0.00000000 0.00000000 0.00000000 0.00000000 0.00000000 0.00000000 0.00000000 0.00000000 
18 0.00000000 0.00000000 0.00000000 0.02812356 0.00000000 0.00000000 0.60327340 0.00000000 0.36860304 
19 0.00000000 1.00000000 0.00000000 0.00000000 0.00000000 0.00000000 0.00000000 0.00000000 0.00000000 
21 0.00000000 0.00000000 0.00000000 1.00000000 0.00000000 0.00000000 0.00000000 0.00000000 0.00000000 
22 0.00000000 0.00000000 0.00000000 0.00000000 1.00000000 0.00000000 0.00000000 0.00000000 0.00000000 

workload distribution if node 6 fails:

1    2    3    4    5    7    8    9    10    
1 0.00000000 0.00000000 0.00000000 0.00000000 0.00000000 0.21298779 0.00000000 0.78701221 0.00000000 
2 1.00000000 0.00000000 0.00000000 0.00000000 0.00000000 0.00000000 0.00000000 0.00000000 0.00000000 
3 0.00000000 0.00000000 0.00000000 0.00000000 0.00000000 1.00000000 0.00000000 0.00000000 0.00000000 
4 0.00000000 0.00000000 0.00000000 1.00000000 0.00000000 0.00000000 0.00000000 0.00000000 0.00000000 
5 0.00000000 1.00000000 0.00000000 0.00000000 0.00000000 0.00000000 0.00000000 0.00000000 0.00000000 
6 0.00000000 1.00000000 0.00000000 0.00000000 0.00000000 0.00000000 0.00000000 0.00000000 0.00000000 
7 0.00000000 1.00000000 0.00000000 0.00000000 0.00000000 0.00000000 0.00000000 0.00000000 0.00000000 
8 0.00000000 1.00000000 0.00000000 0.00000000 0.00000000 0.00000000 0.00000000 0.00000000 0.00000000 
9 0.00000000 0.04815961 0.90884073 0.00000000 0.04299966 0.00000000 0.00000000 0.00000000 0.00000000 
10 0.00000000 0.00000000 0.00000000 0.00000000 0.00000000 0.43849206 0.56150794 0.00000000 0.00000000 
11 1.00000000 0.00000000 0.00000000 0.00000000 0.00000000 0.00000000 0.00000000 0.00000000 0.00000000 
12 0.00000000 0.00000000 0.00000000 1.00000000 0.00000000 0.00000000 0.00000000 0.00000000 0.00000000 
13 0.00000000 0.00000000 0.00000000 0.00000000 0.00000000 0.00000000 0.00000000 0.00000000 1.00000000 
14 0.00000000 1.00000000 0.00000000 0.00000000 0.00000000 0.00000000 0.00000000 0.00000000 0.00000000 
15 0.58373591 0.00000000 0.00000000 0.00000000 0.41626409 0.00000000 0.00000000 0.00000000 0.00000000 
16 1.00000000 0.00000000 0.00000000 0.00000000 0.00000000 0.00000000 0.00000000 0.00000000 0.00000000 
18 0.00000000 0.00000000 0.00000000 0.30244352 0.00000000 0.00000000 0.47856155 0.00000000 0.21899493 
19 0.00000000 0.00000000 0.00000000 0.00000000 1.00000000 0.00000000 0.00000000 0.00000000 0.00000000 
21 0.00000000 0.00000000 0.00000000 0.06225374 0.93774626 0.00000000 0.00000000 0.00000000 0.00000000 
22 0.00000000 0.00000000 0.00000000 0.00000000 0.00000000 1.00000000 0.00000000 0.00000000 0.00000000 

workload distribution if node 7 fails:

1    2    3    4    5    6    8    9    10    
1 0.00000000 0.00000000 0.00000000 0.00000000 0.00000000 0.21298779 0.00000000 0.78701221 0.00000000 
2 1.00000000 0.00000000 0.00000000 0.00000000 0.00000000 0.00000000 0.00000000 0.00000000 0.00000000 
3 0.00000000 0.00000000 0.00000000 0.00000000 0.00000000 0.00000000 1.00000000 0.00000000 0.00000000 
4 0.00000000 0.00000000 0.00000000 1.00000000 0.00000000 0.00000000 0.00000000 0.00000000 0.00000000 
5 0.00000000 1.00000000 0.00000000 0.00000000 0.00000000 0.00000000 0.00000000 0.00000000 0.00000000 
6 0.00000000 0.00000000 0.00000000 0.00000000 0.00000000 0.00000000 1.00000000 0.00000000 0.00000000 
7 0.00000000 1.00000000 0.00000000 0.00000000 0.00000000 0.00000000 0.00000000 0.00000000 0.00000000 
8 0.00000000 1.00000000 0.00000000 0.00000000 0.00000000 0.00000000 0.00000000 0.00000000 0.00000000 
9 0.00000000 0.00000000 0.90884073 0.00000000 0.09115927 0.00000000 0.00000000 0.00000000 0.00000000 
10 0.00000000 0.00000000 0.00000000 0.00000000 0.00000000 0.00000000 1.00000000 0.00000000 0.00000000 
11 1.00000000 0.00000000 0.00000000 0.00000000 0.00000000 0.00000000 0.00000000 0.00000000 0.00000000 
12 0.00000000 0.00000000 0.00000000 0.42316785 0.57683215 0.00000000 0.00000000 0.00000000 0.00000000 
13 0.00000000 0.00000000 0.00000000 0.00000000 0.00000000 0.89184397 0.00000000 0.00000000 0.10815603 
14 0.00000000 1.00000000 0.00000000 0.00000000 0.00000000 0.00000000 0.00000000 0.00000000 0.00000000 
15 0.58373591 0.00000000 0.00000000 0.00000000 0.41626409 0.00000000 0.00000000 0.00000000 0.00000000 
16 1.00000000 0.00000000 0.00000000 0.00000000 0.00000000 0.00000000 0.00000000 0.00000000 0.00000000 
18 0.00000000 0.00000000 0.00000000 0.43314892 0.00000000 0.00000000 0.00000000 0.00000000 0.56685108 
19 0.00000000 0.87283951 0.00000000 0.00000000 0.12716049 0.00000000 0.00000000 0.00000000 0.00000000 
21 0.00000000 0.00000000 0.00000000 0.00000000 1.00000000 0.00000000 0.00000000 0.00000000 0.00000000 
22 0.00000000 0.00000000 0.00000000 0.00000000 0.00000000 0.58790436 0.41209564 0.00000000 0.00000000 

workload distribution if node 8 fails:

1    2    3    4    5    6    7    9    10    
1 0.00000000 0.00000000 0.00000000 0.00000000 0.00000000 0.07119452 0.14179327 0.78701221 0.00000000 
2 1.00000000 0.00000000 0.00000000 0.00000000 0.00000000 0.00000000 0.00000000 0.00000000 0.00000000 
3 0.00000000 0.00000000 0.00000000 0.00000000 0.00000000 0.00000000 1.00000000 0.00000000 0.00000000 
4 0.00000000 0.00000000 0.00000000 1.00000000 0.00000000 0.00000000 0.00000000 0.00000000 0.00000000 
5 0.00000000 1.00000000 0.00000000 0.00000000 0.00000000 0.00000000 0.00000000 0.00000000 0.00000000 
6 0.00000000 1.00000000 0.00000000 0.00000000 0.00000000 0.00000000 0.00000000 0.00000000 0.00000000 
7 0.00000000 1.00000000 0.00000000 0.00000000 0.00000000 0.00000000 0.00000000 0.00000000 0.00000000 
8 0.00000000 1.00000000 0.00000000 0.00000000 0.00000000 0.00000000 0.00000000 0.00000000 0.00000000 
9 0.00000000 0.04815961 0.90884073 0.00000000 0.04299966 0.00000000 0.00000000 0.00000000 0.00000000 
10 0.00000000 0.00000000 0.00000000 0.00000000 0.00000000 0.00000000 1.00000000 0.00000000 0.00000000 
11 1.00000000 0.00000000 0.00000000 0.00000000 0.00000000 0.00000000 0.00000000 0.00000000 0.00000000 
12 0.00000000 0.00000000 0.00000000 1.00000000 0.00000000 0.00000000 0.00000000 0.00000000 0.00000000 
13 0.00000000 0.00000000 0.00000000 0.00000000 0.00000000 1.00000000 0.00000000 0.00000000 0.00000000 
14 0.00000000 1.00000000 0.00000000 0.00000000 0.00000000 0.00000000 0.00000000 0.00000000 0.00000000 
15 0.58373591 0.00000000 0.00000000 0.00000000 0.41626409 0.00000000 0.00000000 0.00000000 0.00000000 
16 1.00000000 0.00000000 0.00000000 0.00000000 0.00000000 0.00000000 0.00000000 0.00000000 0.00000000 
18 0.00000000 0.00000000 0.00000000 0.30244352 0.00000000 0.00000000 0.08852006 0.00000000 0.60903642 
19 0.00000000 0.00000000 0.00000000 0.00000000 1.00000000 0.00000000 0.00000000 0.00000000 0.00000000 
21 0.00000000 0.00000000 0.00000000 0.06225374 0.93774626 0.00000000 0.00000000 0.00000000 0.00000000 
22 0.00000000 0.00000000 0.00000000 0.00000000 0.00000000 1.00000000 0.00000000 0.00000000 0.00000000 

workload distribution if node 9 fails:

1    2    3    4    5    6    7    8    10    
1 0.00000000 0.00000000 0.00000000 0.00000000 0.00000000 0.74381889 0.25618111 0.00000000 0.00000000 
2 1.00000000 0.00000000 0.00000000 0.00000000 0.00000000 0.00000000 0.00000000 0.00000000 0.00000000 
3 0.00000000 0.00000000 0.00000000 0.00000000 0.00000000 0.00000000 1.00000000 0.00000000 0.00000000 
4 0.00000000 0.00000000 0.00000000 1.00000000 0.00000000 0.00000000 0.00000000 0.00000000 0.00000000 
5 0.00000000 1.00000000 0.00000000 0.00000000 0.00000000 0.00000000 0.00000000 0.00000000 0.00000000 
6 0.00000000 1.00000000 0.00000000 0.00000000 0.00000000 0.00000000 0.00000000 0.00000000 0.00000000 
7 0.00000000 1.00000000 0.00000000 0.00000000 0.00000000 0.00000000 0.00000000 0.00000000 0.00000000 
8 0.00000000 1.00000000 0.00000000 0.00000000 0.00000000 0.00000000 0.00000000 0.00000000 0.00000000 
9 0.00000000 0.04815961 0.90884073 0.00000000 0.04299966 0.00000000 0.00000000 0.00000000 0.00000000 
10 0.00000000 0.00000000 0.00000000 0.00000000 0.00000000 0.00000000 1.00000000 0.00000000 0.00000000 
11 1.00000000 0.00000000 0.00000000 0.00000000 0.00000000 0.00000000 0.00000000 0.00000000 0.00000000 
12 0.00000000 0.00000000 0.00000000 1.00000000 0.00000000 0.00000000 0.00000000 0.00000000 0.00000000 
13 0.00000000 0.00000000 0.00000000 0.00000000 0.00000000 0.00000000 0.00000000 0.00000000 1.00000000 
14 0.00000000 1.00000000 0.00000000 0.00000000 0.00000000 0.00000000 0.00000000 0.00000000 0.00000000 
15 0.58373591 0.00000000 0.00000000 0.00000000 0.41626409 0.00000000 0.00000000 0.00000000 0.00000000 
16 1.00000000 0.00000000 0.00000000 0.00000000 0.00000000 0.00000000 0.00000000 0.00000000 0.00000000 
18 0.00000000 0.00000000 0.00000000 0.30244352 0.00000000 0.00000000 0.00000000 0.47856155 0.21899493 
19 0.00000000 0.00000000 0.00000000 0.00000000 1.00000000 0.00000000 0.00000000 0.00000000 0.00000000 
21 0.00000000 0.00000000 0.00000000 0.06225374 0.93774626 0.00000000 0.00000000 0.00000000 0.00000000 
22 0.00000000 0.00000000 0.00000000 0.00000000 0.00000000 0.20393812 0.00000000 0.79606188 0.00000000 

workload distribution if node 10 fails:

1    2    3    4    5    6    7    8    9    
1 0.00000000 0.00000000 0.00000000 0.00000000 0.00000000 0.07119452 0.14179327 0.00000000 0.78701221 
2 1.00000000 0.00000000 0.00000000 0.00000000 0.00000000 0.00000000 0.00000000 0.00000000 0.00000000 
3 0.00000000 0.00000000 0.00000000 0.00000000 0.00000000 0.00000000 1.00000000 0.00000000 0.00000000 
4 0.00000000 0.00000000 0.00000000 1.00000000 0.00000000 0.00000000 0.00000000 0.00000000 0.00000000 
5 0.00000000 1.00000000 0.00000000 0.00000000 0.00000000 0.00000000 0.00000000 0.00000000 0.00000000 
6 0.00000000 1.00000000 0.00000000 0.00000000 0.00000000 0.00000000 0.00000000 0.00000000 0.00000000 
7 0.00000000 0.00000000 0.00000000 0.00000000 1.00000000 0.00000000 0.00000000 0.00000000 0.00000000 
8 0.00000000 1.00000000 0.00000000 0.00000000 0.00000000 0.00000000 0.00000000 0.00000000 0.00000000 
9 0.00000000 0.01410389 0.90884073 0.00000000 0.07705538 0.00000000 0.00000000 0.00000000 0.00000000 
10 0.00000000 0.00000000 0.00000000 0.00000000 0.00000000 0.00000000 0.00000000 1.00000000 0.00000000 
11 1.00000000 0.00000000 0.00000000 0.00000000 0.00000000 0.00000000 0.00000000 0.00000000 0.00000000 
12 0.00000000 0.00000000 0.00000000 1.00000000 0.00000000 0.00000000 0.00000000 0.00000000 0.00000000 
13 0.00000000 0.00000000 0.00000000 0.00000000 0.00000000 1.00000000 0.00000000 0.00000000 0.00000000 
14 0.00000000 1.00000000 0.00000000 0.00000000 0.00000000 0.00000000 0.00000000 0.00000000 0.00000000 
15 0.58373591 0.00000000 0.00000000 0.00000000 0.41626409 0.00000000 0.00000000 0.00000000 0.00000000 
16 1.00000000 0.00000000 0.00000000 0.00000000 0.00000000 0.00000000 0.00000000 0.00000000 0.00000000 
18 0.00000000 0.00000000 0.00000000 0.30244352 0.00000000 0.00000000 0.32088520 0.37667128 0.00000000 
19 0.00000000 1.00000000 0.00000000 0.00000000 0.00000000 0.00000000 0.00000000 0.00000000 0.00000000 
21 0.00000000 0.00000000 0.00000000 0.06225374 0.93774626 0.00000000 0.00000000 0.00000000 0.00000000 
22 0.00000000 0.00000000 0.00000000 0.00000000 0.00000000 1.00000000 0.00000000 0.00000000 0.00000000 



zz_test [*] :=
 1  1
 2  1
 3  1
 4  1
 5  1
 6  1
 7  1
 8  1
 9  1
10  1
11  1
12  1
13  1
14  1
15  1
16  1
18  1
19  1
21  1
22  1
;

K_test [*] :=
 1  0.1
 2  0.1
 3  0.1
 4  0.1
 5  0.1
 6  0.1
 7  0.1
 8  0.1
 9  0.1
10  0.1
;

zz2_test [*,*]
:    1   2   3   4   5   6   7   8   9  10    :=
1    1   1   1   1   1   1   1   1   1   1
2    1   1   1   1   1   1   1   1   1   1
3    1   1   1   1   1   1   1   1   1   1
4    1   1   1   1   1   1   1   1   1   1
5    1   1   1   1   1   1   1   1   1   1
6    1   1   1   1   1   1   1   1   1   1
7    1   1   1   1   1   1   1   1   1   1
8    1   1   1   1   1   1   1   1   1   1
9    1   1   1   1   1   1   1   1   1   1
10   1   1   1   1   1   1   1   1   1   1
11   1   1   1   1   1   1   1   1   1   1
12   1   1   1   1   1   1   1   1   1   1
13   1   1   1   1   1   1   1   1   1   1
14   1   1   1   1   1   1   1   1   1   1
15   1   1   1   1   1   1   1   1   1   1
16   1   1   1   1   1   1   1   1   1   1
18   1   1   1   1   1   1   1   1   1   1
19   1   1   1   1   1   1   1   1   1   1
21   1   1   1   1   1   1   1   1   1   1
22   1   1   1   1   1   1   1   1   1   1
;

K2_test [*,*]
:       1          2          3          4          5          6          7  :=
1     .         0.111111   0.111111   0.111111   0.111111   0.111111   0.111111
2    0.111111    .         0.111111   0.111111   0.111111   0.111111   0.111111
3    0.111111   0.111111    .         0.111111   0.111111   0.111111   0.111111
4    0.111111   0.111111   0.111111    .         0.111111   0.111111   0.111111
5    0.111111   0.111111   0.111111   0.111111    .         0.111111   0.111111
6    0.111111   0.111111   0.111111   0.111111   0.111111    .         0.111111
7    0.111111   0.111111   0.111111   0.111111   0.111111   0.111111    .
8    0.111111   0.111111   0.111111   0.111111   0.111111   0.111111   0.111111
9    0.111111   0.111111   0.111111   0.111111   0.111111   0.111111   0.111111
10   0.111111   0.111111   0.111111   0.111111   0.111111   0.111111   0.111111

:       8          9          10       :=
1    0.111111   0.111111   0.111111
2    0.111111   0.111111   0.111111
3    0.111111   0.111111   0.111111
4    0.111111   0.111111   0.111111
5    0.111111   0.111111   0.111111
6    0.111111   0.111111   0.111111
7    0.111111   0.111111   0.111111
8     .         0.111111   0.111111
9    0.111111    .         0.111111
10   0.111111   0.111111    .
;

zz2 [*,1,*]
:       2          3           4            5           6          7        :=
1    0          0          0           0             0.212988   0
2    1          0          0           0             0          0
3    0          0          0           0             0          1
4    0          0          0.274074    0.725926      0          0
5    0          0          0           0             0          1
6    0          0          0           0             1          0
7    0          0          0           2.77556e-17   0          1
8    0          0          0           1             0          0
9    0.110079   0.828345   0           0.0615755     0          0
10   0          0          0           0             0          0.683532
11   0          1          0           0             0          0
12   0          0          1           0             0          0
13   0          0          0           0             0.38357    0
14   1          0          0           0             0          0
15   0          0          0           1             0          0
16   1          0          0           0             0          0
18   0          0          0.0958967   0             0          0
19   0          0          0           1             0          0
21   0          0          1           0             0          0
22   0          0          0           0             1          0

:       8          9          10       :=
1    0          0.787012   0
2    0          0          0
3    0          0          0
4    0          0          0
5    0          0          0
6    0          0          0
7    0          0          0
8    0          0          0
9    0          0          0
10   0.316468   0          0
11   0          0          0
12   0          0          0
13   0          0          0.61643
14   0          0          0
15   0          0          0
16   0          0          0
18   0.5355     0          0.368603
19   0          0          0
21   0          0          0
22   0          0          0

 [*,2,*]
:       1          3           4           5          6          7        :=
1    0          0          0           0           0.212988   0
2    1          0          0           0           0          0
3    0          0          0           0           0          1
4    0          0          1           0           0          0
5    0          0          0           0           0          1
6    0          0          0           0           0          0
7    0          0          0           0.413502    0          0.586498
8    0          0          0           1           0          0
9    0          0.908841   0           0.0911593   0          0
10   0          0          0           0           0          0.975198
11   1          0          0           0           0          0
12   0          0          1           0           0          0
13   0          0          0           0           0.718676   0
14   0          0          0           1           0          0
15   0.583736   0          0           0.416264    0          0
16   1          0          0           0           0          0
18   0          0          0.0281236   0           0          0
19   0          0          0           1           0          0
21   0          0          1           0           0          0
22   0          0          0           0           1          0

:        8          9          10       :=
1    0           0.787012   0
2    0           0          0
3    0           0          0
4    0           0          0
5    0           0          0
6    1           0          0
7    0           0          0
8    0           0          0
9    0           0          0
10   0.0248016   0          0
11   0           0          0
12   0           0          0
13   0           0          0.281324
14   0           0          0
15   0           0          0
16   0           0          0
18   0.472568    0          0.499308
19   0           0          0
21   0           0          0
22   0           0          0

 [*,3,*]
:       1          2           4           5          6          7        :=
1    0          0          0           0           0.212988   0
2    1          0          0           0           0          0
3    0          0          0           0           0          1
4    0          0          1           0           0          0
5    0          0          0           0           0          1
6    0          0          0           0           0          1
7    0          0          0           0.413502    0          0.586498
8    0          0          0           1           0          0
9    0          0.908841   0           0.0911593   0          0
10   0          0          0           0           0          0.412698
11   1          0          0           0           0          0
12   0          0          1           0           0          0
13   0          0          0           0           0.718676   0
14   0          0          0           1           0          0
15   0.583736   0          0           0.416264    0          0
16   1          0          0           0           0          0
18   0          0          0.0281236   0           0          0
19   0          0          0           1           0          0
21   0          0          1           0           0          0
22   0          0          0           0           1          0

:       8          9          10       :=
1    0          0.787012   0
2    0          0          0
3    0          0          0
4    0          0          0
5    0          0          0
6    0          0          0
7    0          0          0
8    0          0          0
9    0          0          0
10   0.587302   0          0
11   0          0          0
12   0          0          0
13   0          0          0.281324
14   0          0          0
15   0          0          0
16   0          0          0
18   0.472568   0          0.499308
19   0          0          0
21   0          0          0
22   0          0          0

 [*,4,*]
:       1           2          3          5          6           7        :=
1    0          0           0          0          0.212988   0
2    1          0           0          0          0          0
3    0          0           0          0          0          1
4    0          0           0          1          0          0
5    0          0           0          0          0          1
6    0          0           0          0          1          0
7    0          0.585091    0          0          0          0.414909
8    0          1           0          0          0          0
9    0          0.0911593   0.908841   0          0          0
10   0          0           0          0          0          1
11   1          0           0          0          0          0
12   0          0           0          1          0          0
13   0          0           0          0          0.38357    0
14   0          0.809077    0          0.190923   0          0
15   0.583736   0.416264    0          0          0          0
16   1          0           0          0          0          0
18   0          0           0          0          0          0.0223605
19   0          1           0          0          0          0
21   0          0           0          1          0          0
22   0          0           0          0          1          0

:       8          9          10       :=
1    0          0.787012   0
2    0          0          0
3    0          0          0
4    0          0          0
5    0          0          0
6    0          0          0
7    0          0          0
8    0          0          0
9    0          0          0
10   0          0          0
11   0          0          0
12   0          0          0
13   0          0          0.61643
14   0          0          0
15   0          0          0
16   0          0          0
18   0.609036   0          0.368603
19   0          0          0
21   0          0          0
22   0          0          0

 [*,5,*]
:       1           2          3           4          6          7        :=
1    0          0           0          0           0.381889   0
2    1          0           0          0           0          0
3    0          0           0          0           0          1
4    0          0           0          1           0          0
5    0          0           0          0           0          1
6    0          0           0          0           0          0
7    0          0.413502    0          0           0          0.586498
8    0          1           0          0           0          0
9    0          0.0911593   0.908841   0           0          0
10   0          0           0          0           0          0.975198
11   1          0           0          0           0          0
12   0          0           0          1           0          0
13   0          0           0          0           0.38357    0
14   0          1           0          0           0          0
15   0.583736   0.416264    0          0           0          0
16   1          0           0          0           0          0
18   0          0           0          0.0281236   0          0
19   0          1           0          0           0          0
21   0          0           0          1           0          0
22   0          0           0          0           1          0

:        8          9          10       :=
1    0           0.618111   0
2    0           0          0
3    0           0          0
4    0           0          0
5    0           0          0
6    0           1          0
7    0           0          0
8    0           0          0
9    0           0          0
10   0.0248016   0          0
11   0           0          0
12   0           0          0
13   0           0          0.61643
14   0           0          0
15   0           0          0
16   0           0          0
18   0.603273    0          0.368603
19   0           0          0
21   0           0          0
22   0           0          0

 [*,6,*]
:       1           2          3           4           5          7        :=
1    0          0           0          0           0           0.212988
2    1          0           0          0           0           0
3    0          0           0          0           0           1
4    0          0           0          1           0           0
5    0          1           0          0           0           0
6    0          1           0          0           0           0
7    0          1           0          0           0           0
8    0          1           0          0           0           0
9    0          0.0481596   0.908841   0           0.0429997   0
10   0          0           0          0           0           0.438492
11   1          0           0          0           0           0
12   0          0           0          1           0           0
13   0          0           0          0           0           0
14   0          1           0          0           0           0
15   0.583736   0           0          0           0.416264    0
16   1          0           0          0           0           0
18   0          0           0          0.302444    0           0
19   0          0           0          0           1           0
21   0          0           0          0.0622537   0.937746    0
22   0          0           0          0           0           1

:       8          9          10       :=
1    0          0.787012   0
2    0          0          0
3    0          0          0
4    0          0          0
5    0          0          0
6    0          0          0
7    0          0          0
8    0          0          0
9    0          0          0
10   0.561508   0          0
11   0          0          0
12   0          0          0
13   0          0          1
14   0          0          0
15   0          0          0
16   0          0          0
18   0.478562   0          0.218995
19   0          0          0
21   0          0          0
22   0          0          0

 [*,7,*]
:       1          2         3          4           5          6          8  :=
1    0          0         0          0          0           0.212988   0
2    1          0         0          0          0           0          0
3    0          0         0          0          0           0          1
4    0          0         0          1          0           0          0
5    0          1         0          0          0           0          0
6    0          0         0          0          0           0          1
7    0          1         0          0          0           0          0
8    0          1         0          0          0           0          0
9    0          0         0.908841   0          0.0911593   0          0
10   0          0         0          0          0           0          1
11   1          0         0          0          0           0          0
12   0          0         0          0.423168   0.576832    0          0
13   0          0         0          0          0           0.891844   0
14   0          1         0          0          0           0          0
15   0.583736   0         0          0          0.416264    0          0
16   1          0         0          0          0           0          0
18   0          0         0          0.433149   0           0          0
19   0          0.87284   0          0          0.12716     0          0
21   0          0         0          0          1           0          0
22   0          0         0          0          0           0.587904   0.412096

:       9          10       :=
1    0.787012   0
2    0          0
3    0          0
4    0          0
5    0          0
6    0          0
7    0          0
8    0          0
9    0          0
10   0          0
11   0          0
12   0          0
13   0          0.108156
14   0          0
15   0          0
16   0          0
18   0          0.566851
19   0          0
21   0          0
22   0          0

 [*,8,*]
:       1           2          3           4           5           6        :=
1    0          0           0          0           0           0.0711945
2    1          0           0          0           0           0
3    0          0           0          0           0           0
4    0          0           0          1           0           0
5    0          1           0          0           0           0
6    0          1           0          0           0           0
7    0          1           0          0           0           0
8    0          1           0          0           0           0
9    0          0.0481596   0.908841   0           0.0429997   0
10   0          0           0          0           0           0
11   1          0           0          0           0           0
12   0          0           0          1           0           0
13   0          0           0          0           0           1
14   0          1           0          0           0           0
15   0.583736   0           0          0           0.416264    0
16   1          0           0          0           0           0
18   0          0           0          0.302444    0           0
19   0          0           0          0           1           0
21   0          0           0          0.0622537   0.937746    0
22   0          0           0          0           0           1

:        7          9          10       :=
1    0.141793    0.787012   0
2    0           0          0
3    1           0          0
4    0           0          0
5    0           0          0
6    0           0          0
7    0           0          0
8    0           0          0
9    0           0          0
10   1           0          0
11   0           0          0
12   0           0          0
13   0           0          0
14   0           0          0
15   0           0          0
16   0           0          0
18   0.0885201   0          0.609036
19   0           0          0
21   0           0          0
22   0           0          0

 [*,9,*]
:       1           2          3           4           5          6        :=
1    0          0           0          0           0           0.743819
2    1          0           0          0           0           0
3    0          0           0          0           0           0
4    0          0           0          1           0           0
5    0          1           0          0           0           0
6    0          1           0          0           0           0
7    0          1           0          0           0           0
8    0          1           0          0           0           0
9    0          0.0481596   0.908841   0           0.0429997   0
10   0          0           0          0           0           0
11   1          0           0          0           0           0
12   0          0           0          1           0           0
13   0          0           0          0           0           0
14   0          1           0          0           0           0
15   0.583736   0           0          0           0.416264    0
16   1          0           0          0           0           0
18   0          0           0          0.302444    0           0
19   0          0           0          0           1           0
21   0          0           0          0.0622537   0.937746    0
22   0          0           0          0           0           0.203938

:       7          8          10       :=
1    0.256181   0          0
2    0          0          0
3    1          0          0
4    0          0          0
5    0          0          0
6    0          0          0
7    0          0          0
8    0          0          0
9    0          0          0
10   1          0          0
11   0          0          0
12   0          0          0
13   0          0          1
14   0          0          0
15   0          0          0
16   0          0          0
18   0          0.478562   0.218995
19   0          0          0
21   0          0          0
22   0          0.796062   0

 [*,10,*]
:       1           2          3           4           5           6        :=
1    0          0           0          0           0           0.0711945
2    1          0           0          0           0           0
3    0          0           0          0           0           0
4    0          0           0          1           0           0
5    0          1           0          0           0           0
6    0          1           0          0           0           0
7    0          0           0          0           1           0
8    0          1           0          0           0           0
9    0          0.0141039   0.908841   0           0.0770554   0
10   0          0           0          0           0           0
11   1          0           0          0           0           0
12   0          0           0          1           0           0
13   0          0           0          0           0           1
14   0          1           0          0           0           0
15   0.583736   0           0          0           0.416264    0
16   1          0           0          0           0           0
18   0          0           0          0.302444    0           0
19   0          1           0          0           0           0
21   0          0           0          0.0622537   0.937746    0
22   0          0           0          0           0           1

:       7          8          9        :=
1    0.141793   0          0.787012
2    0          0          0
3    1          0          0
4    0          0          0
5    0          0          0
6    0          0          0
7    0          0          0
8    0          0          0
9    0          0          0
10   0          1          0
11   0          0          0
12   0          0          0
13   0          0          0
14   0          0          0
15   0          0          0
16   0          0          0
18   0.320885   0.376671   0
19   0          0          0
21   0          0          0
22   0          0          0
;

