K=8, W/V=3.8675526, K=8, time:0.812

ca [*] :=
1  8
;

fragment allocation x on node k:

1    2    3    4    5    6    7    8    
0 1 1 1 0 0 0 0 0 
1 0 1 1 0 0 0 0 0 
2 1 1 0 0 0 0 0 0 
3 1 1 0 0 0 0 0 0 
4 1 1 1 0 0 0 0 0 
5 1 1 0 0 0 0 0 0 
6 1 1 0 0 0 0 0 0 
7 0 0 0 0 0 0 0 0 
8 0 0 0 0 0 0 0 0 
9 1 1 1 1 0 0 0 0 
10 1 1 1 1 0 0 0 0 
11 0 0 0 0 0 0 0 0 
12 1 1 1 1 1 0 1 0 
13 1 1 1 1 1 0 1 0 
14 1 1 1 1 0 0 0 0 
15 0 0 0 0 0 0 0 0 
16 1 1 1 1 1 0 0 0 
17 1 1 0 1 1 0 0 0 
18 1 1 0 1 1 0 0 0 
19 1 1 1 1 0 0 0 0 
20 1 1 0 1 1 0 0 0 
21 1 1 0 0 0 0 0 0 
22 1 1 0 0 0 0 0 0 
23 0 1 1 1 1 1 1 1 
24 0 1 1 0 1 1 1 0 
25 0 0 0 0 1 0 1 0 
26 0 1 1 1 1 0 1 0 
27 0 0 0 0 1 0 1 1 
28 0 0 0 0 1 0 1 1 
29 0 0 0 0 1 0 1 0 
30 0 0 0 0 1 0 1 0 
31 1 1 1 0 0 0 0 0 
32 1 1 1 0 0 0 0 0 
33 1 0 1 0 0 0 0 0 
34 1 1 1 0 0 0 0 0 
35 0 0 0 0 0 0 0 0 
36 0 1 1 1 1 1 1 0 
37 0 1 1 1 1 1 1 1 
38 0 1 0 1 0 0 0 0 
39 0 1 1 0 1 1 0 0 
40 0 1 1 1 1 1 1 0 
41 0 1 0 1 0 0 0 0 
42 0 0 0 0 0 0 0 0 
43 0 0 0 0 1 0 1 0 
44 0 0 0 0 0 1 1 0 
45 0 1 1 1 1 1 1 0 
46 1 1 1 0 0 0 0 0 
47 1 1 1 1 1 0 0 0 
48 0 0 0 0 0 0 0 0 
49 1 1 1 0 1 1 0 1 
50 1 1 1 1 1 0 1 1 
51 1 1 1 1 1 0 1 1 
52 0 0 0 0 1 0 0 1 
53 0 0 0 0 1 0 1 1 
54 0 0 0 0 1 0 0 1 
55 1 1 0 1 1 0 1 1 
56 0 1 0 1 0 0 0 0 
57 0 1 0 1 0 0 0 0 
58 1 1 0 0 0 0 0 0 
59 1 1 0 1 0 0 0 0 

query feasibility y on node k:

1    2    3    4    5    6    7    8    
1 0 0 0 0 1 0 0 1 
2 1 1 0 0 0 0 0 0 
3 0 0 0 0 1 0 1 0 
4 0 1 0 1 0 0 0 0 
5 0 1 1 1 0 0 0 0 
6 1 1 0 0 1 0 0 1 
7 0 1 0 1 0 0 0 0 
8 0 1 1 0 0 0 0 0 
9 0 1 1 0 0 0 0 0 
10 0 0 0 0 1 0 1 0 
11 1 0 1 0 0 0 0 0 
12 0 1 0 1 0 0 0 0 
13 0 0 0 0 0 1 1 0 
14 1 1 0 0 0 0 0 0 
15 1 1 0 1 1 0 0 0 
16 1 1 0 0 0 0 0 0 
18 0 1 1 0 1 1 0 0 
19 1 1 0 0 0 0 0 0 
21 0 1 0 1 0 0 0 0 
22 0 0 0 0 1 0 1 1 

workload distribution ohne node failure:

1    2    3    4    5    6    7    8    
1 0.00000000 0.00000000 0.00000000 0.00000000 0.11461126 0.00000000 0.00000000 0.88538874 
2 1.00000000 0.00000000 0.00000000 0.00000000 0.00000000 0.00000000 0.00000000 0.00000000 
3 0.00000000 0.00000000 0.00000000 0.00000000 0.64825581 0.00000000 0.35174419 0.00000000 
4 0.00000000 1.00000000 0.00000000 0.00000000 0.00000000 0.00000000 0.00000000 0.00000000 
5 0.00000000 1.00000000 0.00000000 0.00000000 0.00000000 0.00000000 0.00000000 0.00000000 
6 1.00000000 0.00000000 0.00000000 0.00000000 0.00000000 0.00000000 0.00000000 0.00000000 
7 0.00000000 1.00000000 0.00000000 0.00000000 0.00000000 0.00000000 0.00000000 0.00000000 
8 0.00000000 1.00000000 0.00000000 0.00000000 0.00000000 0.00000000 0.00000000 0.00000000 
9 0.00000000 0.00000000 1.00000000 0.00000000 0.00000000 0.00000000 0.00000000 0.00000000 
10 0.00000000 0.00000000 0.00000000 0.00000000 0.00000000 0.00000000 1.00000000 0.00000000 
11 1.00000000 0.00000000 0.00000000 0.00000000 0.00000000 0.00000000 0.00000000 0.00000000 
12 0.00000000 0.00000000 0.00000000 1.00000000 0.00000000 0.00000000 0.00000000 0.00000000 
13 0.00000000 0.00000000 0.00000000 0.00000000 0.00000000 0.00000000 1.00000000 0.00000000 
14 0.76408451 0.23591549 0.00000000 0.00000000 0.00000000 0.00000000 0.00000000 0.00000000 
15 0.00000000 0.00000000 0.00000000 0.94021739 0.05978261 0.00000000 0.00000000 0.00000000 
16 1.00000000 0.00000000 0.00000000 0.00000000 0.00000000 0.00000000 0.00000000 0.00000000 
18 0.00000000 0.00000000 0.01504149 0.00000000 0.29979253 0.68516598 0.00000000 0.00000000 
19 0.00000000 1.00000000 0.00000000 0.00000000 0.00000000 0.00000000 0.00000000 0.00000000 
21 0.00000000 0.24468085 0.00000000 0.75531915 0.00000000 0.00000000 0.00000000 0.00000000 
22 0.00000000 0.00000000 0.00000000 0.00000000 1.00000000 0.00000000 0.00000000 0.00000000 

workload distribution if node 1 fails:

2    3    4    5    6    7    8    
1 0.00000000 0.00000000 0.00000000 0.00000000 0.00000000 0.00000000 1.00000000 
2 1.00000000 0.00000000 0.00000000 0.00000000 0.00000000 0.00000000 0.00000000 
3 0.00000000 0.00000000 0.00000000 0.09966777 0.00000000 0.90033223 0.00000000 
4 0.00000000 0.00000000 1.00000000 0.00000000 0.00000000 0.00000000 0.00000000 
5 0.00000000 0.86263736 0.13736264 0.00000000 0.00000000 0.00000000 0.00000000 
6 0.00000000 0.00000000 0.00000000 1.00000000 0.00000000 0.00000000 0.00000000 
7 0.00000000 0.00000000 1.00000000 0.00000000 0.00000000 0.00000000 0.00000000 
8 1.00000000 0.00000000 0.00000000 0.00000000 0.00000000 0.00000000 0.00000000 
9 0.05086245 0.94913755 0.00000000 0.00000000 0.00000000 0.00000000 0.00000000 
10 0.00000000 0.00000000 0.00000000 0.00000000 0.00000000 1.00000000 0.00000000 
11 0.00000000 1.00000000 0.00000000 0.00000000 0.00000000 0.00000000 0.00000000 
12 0.00000000 0.00000000 1.00000000 0.00000000 0.00000000 0.00000000 0.00000000 
13 0.00000000 0.00000000 0.00000000 0.00000000 0.00000000 1.00000000 0.00000000 
14 1.00000000 0.00000000 0.00000000 0.00000000 0.00000000 0.00000000 0.00000000 
15 0.00000000 0.00000000 0.08178054 0.91821946 0.00000000 0.00000000 0.00000000 
16 1.00000000 0.00000000 0.00000000 0.00000000 0.00000000 0.00000000 0.00000000 
18 0.00000000 0.00000000 0.00000000 0.21695317 0.78304683 0.00000000 0.00000000 
19 1.00000000 0.00000000 0.00000000 0.00000000 0.00000000 0.00000000 0.00000000 
21 0.00000000 0.00000000 1.00000000 0.00000000 0.00000000 0.00000000 0.00000000 
22 0.00000000 0.00000000 0.00000000 0.94394213 0.00000000 0.00000000 0.05605787 

workload distribution if node 2 fails:

1    3    4    5    6    7    8    
1 0.00000000 0.00000000 0.00000000 0.19992340 0.00000000 0.00000000 0.80007660 
2 1.00000000 0.00000000 0.00000000 0.00000000 0.00000000 0.00000000 0.00000000 
3 0.00000000 0.00000000 0.00000000 0.09966777 0.00000000 0.90033223 0.00000000 
4 0.00000000 0.00000000 1.00000000 0.00000000 0.00000000 0.00000000 0.00000000 
5 0.00000000 0.64560440 0.35439560 0.00000000 0.00000000 0.00000000 0.00000000 
6 0.00000000 0.00000000 0.00000000 1.00000000 0.00000000 0.00000000 0.00000000 
7 0.00000000 0.00000000 1.00000000 0.00000000 0.00000000 0.00000000 0.00000000 
8 0.00000000 1.00000000 0.00000000 0.00000000 0.00000000 0.00000000 0.00000000 
9 0.00000000 1.00000000 0.00000000 0.00000000 0.00000000 0.00000000 0.00000000 
10 0.00000000 0.00000000 0.00000000 0.00000000 0.00000000 1.00000000 0.00000000 
11 1.00000000 0.00000000 0.00000000 0.00000000 0.00000000 0.00000000 0.00000000 
12 0.00000000 0.00000000 1.00000000 0.00000000 0.00000000 0.00000000 0.00000000 
13 0.00000000 0.00000000 0.00000000 0.00000000 0.00000000 1.00000000 0.00000000 
14 1.00000000 0.00000000 0.00000000 0.00000000 0.00000000 0.00000000 0.00000000 
15 0.02484472 0.00000000 0.00000000 0.97515528 0.00000000 0.00000000 0.00000000 
16 1.00000000 0.00000000 0.00000000 0.00000000 0.00000000 0.00000000 0.00000000 
18 0.00000000 0.01630113 0.00000000 0.20065205 0.78304683 0.00000000 0.00000000 
19 1.00000000 0.00000000 0.00000000 0.00000000 0.00000000 0.00000000 0.00000000 
21 0.00000000 0.00000000 1.00000000 0.00000000 0.00000000 0.00000000 0.00000000 
22 0.00000000 0.00000000 0.00000000 0.00000000 0.00000000 0.00000000 1.00000000 

workload distribution if node 3 fails:

1    2    4    5    6    7    8    
1 0.00000000 0.00000000 0.00000000 0.15702796 0.00000000 0.00000000 0.84297204 
2 1.00000000 0.00000000 0.00000000 0.00000000 0.00000000 0.00000000 0.00000000 
3 0.00000000 0.00000000 0.00000000 0.00000000 0.00000000 1.00000000 0.00000000 
4 0.00000000 0.92063492 0.07936508 0.00000000 0.00000000 0.00000000 0.00000000 
5 0.00000000 0.00000000 1.00000000 0.00000000 0.00000000 0.00000000 0.00000000 
6 0.00000000 0.00000000 0.00000000 0.00000000 0.00000000 0.00000000 1.00000000 
7 0.00000000 0.00000000 1.00000000 0.00000000 0.00000000 0.00000000 0.00000000 
8 0.00000000 1.00000000 0.00000000 0.00000000 0.00000000 0.00000000 0.00000000 
9 0.00000000 1.00000000 0.00000000 0.00000000 0.00000000 0.00000000 0.00000000 
10 0.00000000 0.00000000 0.00000000 0.00000000 0.00000000 1.00000000 0.00000000 
11 1.00000000 0.00000000 0.00000000 0.00000000 0.00000000 0.00000000 0.00000000 
12 0.00000000 0.00000000 1.00000000 0.00000000 0.00000000 0.00000000 0.00000000 
13 0.00000000 0.00000000 0.00000000 0.00000000 0.04559271 0.95440729 0.00000000 
14 1.00000000 0.00000000 0.00000000 0.00000000 0.00000000 0.00000000 0.00000000 
15 0.02484472 0.00000000 0.05693582 0.91821946 0.00000000 0.00000000 0.00000000 
16 1.00000000 0.00000000 0.00000000 0.00000000 0.00000000 0.00000000 0.00000000 
18 0.00000000 0.00000000 0.00000000 0.23473622 0.76526378 0.00000000 0.00000000 
19 1.00000000 0.00000000 0.00000000 0.00000000 0.00000000 0.00000000 0.00000000 
21 0.00000000 0.00000000 1.00000000 0.00000000 0.00000000 0.00000000 0.00000000 
22 0.00000000 0.00000000 0.00000000 1.00000000 0.00000000 0.00000000 0.00000000 

workload distribution if node 4 fails:

1    2    3    5    6    7    8    
1 0.00000000 0.00000000 0.00000000 0.15702796 0.00000000 0.00000000 0.84297204 
2 1.00000000 0.00000000 0.00000000 0.00000000 0.00000000 0.00000000 0.00000000 
3 0.00000000 0.00000000 0.00000000 0.09966777 0.00000000 0.90033223 0.00000000 
4 0.00000000 1.00000000 0.00000000 0.00000000 0.00000000 0.00000000 0.00000000 
5 0.00000000 0.00000000 1.00000000 0.00000000 0.00000000 0.00000000 0.00000000 
6 0.00000000 0.00000000 0.00000000 0.00000000 0.00000000 0.00000000 1.00000000 
7 0.00000000 1.00000000 0.00000000 0.00000000 0.00000000 0.00000000 0.00000000 
8 0.00000000 1.00000000 0.00000000 0.00000000 0.00000000 0.00000000 0.00000000 
9 0.00000000 0.01680672 0.98319328 0.00000000 0.00000000 0.00000000 0.00000000 
10 0.00000000 0.00000000 0.00000000 0.00000000 0.00000000 1.00000000 0.00000000 
11 0.69780220 0.00000000 0.30219780 0.00000000 0.00000000 0.00000000 0.00000000 
12 0.00000000 1.00000000 0.00000000 0.00000000 0.00000000 0.00000000 0.00000000 
13 0.00000000 0.00000000 0.00000000 0.00000000 0.00000000 1.00000000 0.00000000 
14 1.00000000 0.00000000 0.00000000 0.00000000 0.00000000 0.00000000 0.00000000 
15 0.08178054 0.00000000 0.00000000 0.91821946 0.00000000 0.00000000 0.00000000 
16 1.00000000 0.00000000 0.00000000 0.00000000 0.00000000 0.00000000 0.00000000 
18 0.00000000 0.00000000 0.00000000 0.21695317 0.78304683 0.00000000 0.00000000 
19 1.00000000 0.00000000 0.00000000 0.00000000 0.00000000 0.00000000 0.00000000 
21 0.00000000 1.00000000 0.00000000 0.00000000 0.00000000 0.00000000 0.00000000 
22 0.00000000 0.00000000 0.00000000 1.00000000 0.00000000 0.00000000 0.00000000 

workload distribution if node 5 fails:

1    2    3    4    6    7    8    
1 0.00000000 0.00000000 0.00000000 0.00000000 0.00000000 0.00000000 1.00000000 
2 1.00000000 0.00000000 0.00000000 0.00000000 0.00000000 0.00000000 0.00000000 
3 0.00000000 0.00000000 0.00000000 0.00000000 0.00000000 1.00000000 0.00000000 
4 0.00000000 0.90158730 0.00000000 0.09841270 0.00000000 0.00000000 0.00000000 
5 0.00000000 1.00000000 0.00000000 0.00000000 0.00000000 0.00000000 0.00000000 
6 0.92970522 0.00000000 0.00000000 0.00000000 0.00000000 0.00000000 0.07029478 
7 0.00000000 1.00000000 0.00000000 0.00000000 0.00000000 0.00000000 0.00000000 
8 0.00000000 1.00000000 0.00000000 0.00000000 0.00000000 0.00000000 0.00000000 
9 0.00000000 0.00000000 1.00000000 0.00000000 0.00000000 0.00000000 0.00000000 
10 0.00000000 0.00000000 0.00000000 0.00000000 0.00000000 1.00000000 0.00000000 
11 1.00000000 0.00000000 0.00000000 0.00000000 0.00000000 0.00000000 0.00000000 
12 0.00000000 0.00000000 0.00000000 1.00000000 0.00000000 0.00000000 0.00000000 
13 0.00000000 0.00000000 0.00000000 0.00000000 0.46580547 0.53419453 0.00000000 
14 1.00000000 0.00000000 0.00000000 0.00000000 0.00000000 0.00000000 0.00000000 
15 0.00000000 0.00000000 0.00000000 1.00000000 0.00000000 0.00000000 0.00000000 
16 1.00000000 0.00000000 0.00000000 0.00000000 0.00000000 0.00000000 0.00000000 
18 0.00000000 0.28571429 0.11292235 0.00000000 0.60136337 0.00000000 0.00000000 
19 0.38730159 0.61269841 0.00000000 0.00000000 0.00000000 0.00000000 0.00000000 
21 0.00000000 0.00000000 0.00000000 1.00000000 0.00000000 0.00000000 0.00000000 
22 0.00000000 0.00000000 0.00000000 0.00000000 0.00000000 1.00000000 0.00000000 

workload distribution if node 6 fails:

1    2    3    4    5    7    8    
1 0.00000000 0.00000000 0.00000000 0.00000000 0.00000000 0.00000000 1.00000000 
2 1.00000000 0.00000000 0.00000000 0.00000000 0.00000000 0.00000000 0.00000000 
3 0.00000000 0.00000000 0.00000000 0.00000000 0.00000000 1.00000000 0.00000000 
4 0.00000000 1.00000000 0.00000000 0.00000000 0.00000000 0.00000000 0.00000000 
5 0.00000000 1.00000000 0.00000000 0.00000000 0.00000000 0.00000000 0.00000000 
6 1.00000000 0.00000000 0.00000000 0.00000000 0.00000000 0.00000000 0.00000000 
7 0.00000000 0.94394213 0.00000000 0.05605787 0.00000000 0.00000000 0.00000000 
8 0.00000000 1.00000000 0.00000000 0.00000000 0.00000000 0.00000000 0.00000000 
9 0.00000000 0.00000000 1.00000000 0.00000000 0.00000000 0.00000000 0.00000000 
10 0.00000000 0.00000000 0.00000000 0.00000000 0.07653061 0.92346939 0.00000000 
11 1.00000000 0.00000000 0.00000000 0.00000000 0.00000000 0.00000000 0.00000000 
12 0.00000000 0.00000000 0.00000000 1.00000000 0.00000000 0.00000000 0.00000000 
13 0.00000000 0.00000000 0.00000000 0.00000000 0.00000000 1.00000000 0.00000000 
14 1.00000000 0.00000000 0.00000000 0.00000000 0.00000000 0.00000000 0.00000000 
15 0.00000000 0.00000000 0.00000000 1.00000000 0.00000000 0.00000000 0.00000000 
16 1.00000000 0.00000000 0.00000000 0.00000000 0.00000000 0.00000000 0.00000000 
18 0.00000000 0.27652638 0.11292235 0.00000000 0.61055127 0.00000000 0.00000000 
19 0.33809524 0.66190476 0.00000000 0.00000000 0.00000000 0.00000000 0.00000000 
21 0.00000000 0.00000000 0.00000000 1.00000000 0.00000000 0.00000000 0.00000000 
22 0.00000000 0.00000000 0.00000000 0.00000000 0.94394213 0.00000000 0.05605787 

workload distribution if node 7 fails:

1    2    3    4    5    6    8    
1 0.00000000 0.00000000 0.00000000 0.00000000 0.00000000 0.00000000 1.00000000 
2 1.00000000 0.00000000 0.00000000 0.00000000 0.00000000 0.00000000 0.00000000 
3 0.00000000 0.00000000 0.00000000 0.00000000 1.00000000 0.00000000 0.00000000 
4 0.00000000 1.00000000 0.00000000 0.00000000 0.00000000 0.00000000 0.00000000 
5 0.00000000 1.00000000 0.00000000 0.00000000 0.00000000 0.00000000 0.00000000 
6 1.00000000 0.00000000 0.00000000 0.00000000 0.00000000 0.00000000 0.00000000 
7 0.00000000 0.94394213 0.00000000 0.05605787 0.00000000 0.00000000 0.00000000 
8 0.00000000 1.00000000 0.00000000 0.00000000 0.00000000 0.00000000 0.00000000 
9 0.00000000 0.41264927 0.58735073 0.00000000 0.00000000 0.00000000 0.00000000 
10 0.00000000 0.00000000 0.00000000 0.00000000 1.00000000 0.00000000 0.00000000 
11 1.00000000 0.00000000 0.00000000 0.00000000 0.00000000 0.00000000 0.00000000 
12 0.00000000 0.00000000 0.00000000 1.00000000 0.00000000 0.00000000 0.00000000 
13 0.00000000 0.00000000 0.00000000 0.00000000 0.00000000 1.00000000 0.00000000 
14 1.00000000 0.00000000 0.00000000 0.00000000 0.00000000 0.00000000 0.00000000 
15 0.00000000 0.00000000 0.00000000 1.00000000 0.00000000 0.00000000 0.00000000 
16 1.00000000 0.00000000 0.00000000 0.00000000 0.00000000 0.00000000 0.00000000 
18 0.00000000 0.00000000 0.38944873 0.00000000 0.21754594 0.39300533 0.00000000 
19 0.33809524 0.66190476 0.00000000 0.00000000 0.00000000 0.00000000 0.00000000 
21 0.00000000 0.00000000 0.00000000 1.00000000 0.00000000 0.00000000 0.00000000 
22 0.00000000 0.00000000 0.00000000 0.00000000 0.94394213 0.00000000 0.05605787 

workload distribution if node 8 fails:

1    2    3    4    5    6    7    
1 0.00000000 0.00000000 0.00000000 0.00000000 1.00000000 0.00000000 0.00000000 
2 1.00000000 0.00000000 0.00000000 0.00000000 0.00000000 0.00000000 0.00000000 
3 0.00000000 0.00000000 0.00000000 0.00000000 0.05149502 0.00000000 0.94850498 
4 0.00000000 0.00000000 0.00000000 1.00000000 0.00000000 0.00000000 0.00000000 
5 0.00000000 1.00000000 0.00000000 0.00000000 0.00000000 0.00000000 0.00000000 
6 1.00000000 0.00000000 0.00000000 0.00000000 0.00000000 0.00000000 0.00000000 
7 0.00000000 1.00000000 0.00000000 0.00000000 0.00000000 0.00000000 0.00000000 
8 0.00000000 1.00000000 0.00000000 0.00000000 0.00000000 0.00000000 0.00000000 
9 0.00000000 0.41264927 0.58735073 0.00000000 0.00000000 0.00000000 0.00000000 
10 0.00000000 0.00000000 0.00000000 0.00000000 0.00000000 0.00000000 1.00000000 
11 1.00000000 0.00000000 0.00000000 0.00000000 0.00000000 0.00000000 0.00000000 
12 0.00000000 0.43161094 0.00000000 0.56838906 0.00000000 0.00000000 0.00000000 
13 0.00000000 0.00000000 0.00000000 0.00000000 0.00000000 0.44224924 0.55775076 
14 1.00000000 0.00000000 0.00000000 0.00000000 0.00000000 0.00000000 0.00000000 
15 0.00000000 0.00000000 0.00000000 1.00000000 0.00000000 0.00000000 0.00000000 
16 1.00000000 0.00000000 0.00000000 0.00000000 0.00000000 0.00000000 0.00000000 
18 0.00000000 0.00000000 0.38944873 0.00000000 0.00000000 0.61055127 0.00000000 
19 0.33809524 0.66190476 0.00000000 0.00000000 0.00000000 0.00000000 0.00000000 
21 0.00000000 0.00000000 0.00000000 1.00000000 0.00000000 0.00000000 0.00000000 
22 0.00000000 0.00000000 0.00000000 0.00000000 0.00000000 0.00000000 1.00000000 



zz_test [*] :=
 1  1
 2  1
 3  1
 4  1
 5  1
 6  1
 7  1
 8  1
 9  1
10  1
11  1
12  1
13  1
14  1
15  1
16  1
18  1
19  1
21  1
22  1
;

K_test [*] :=
1  0.125
2  0.125
3  0.125
4  0.125
5  0.125
6  0.125
7  0.125
8  0.125
;

zz2_test [*,*]
:    1   2   3   4   5   6   7   8    :=
1    1   1   1   1   1   1   1   1
2    1   1   1   1   1   1   1   1
3    1   1   1   1   1   1   1   1
4    1   1   1   1   1   1   1   1
5    1   1   1   1   1   1   1   1
6    1   1   1   1   1   1   1   1
7    1   1   1   1   1   1   1   1
8    1   1   1   1   1   1   1   1
9    1   1   1   1   1   1   1   1
10   1   1   1   1   1   1   1   1
11   1   1   1   1   1   1   1   1
12   1   1   1   1   1   1   1   1
13   1   1   1   1   1   1   1   1
14   1   1   1   1   1   1   1   1
15   1   1   1   1   1   1   1   1
16   1   1   1   1   1   1   1   1
18   1   1   1   1   1   1   1   1
19   1   1   1   1   1   1   1   1
21   1   1   1   1   1   1   1   1
22   1   1   1   1   1   1   1   1
;

K2_test [*,*]
:      1          2          3          4          5          6          7   :=
1    .         0.142857   0.142857   0.142857   0.142857   0.142857   0.142857
2   0.142857    .         0.142857   0.142857   0.142857   0.142857   0.142857
3   0.142857   0.142857    .         0.142857   0.142857   0.142857   0.142857
4   0.142857   0.142857   0.142857    .         0.142857   0.142857   0.142857
5   0.142857   0.142857   0.142857   0.142857    .         0.142857   0.142857
6   0.142857   0.142857   0.142857   0.142857   0.142857    .         0.142857
7   0.142857   0.142857   0.142857   0.142857   0.142857   0.142857    .
8   0.142857   0.142857   0.142857   0.142857   0.142857   0.142857   0.142857

:      8        :=
1   0.142857
2   0.142857
3   0.142857
4   0.142857
5   0.142857
6   0.142857
7   0.142857
;

zz2 [*,1,*]
:        2          3           4           5          6          7        :=
1    0           0          0           0           0          0
2    1           0          0           0           0          0
3    0           0          0           0.0996678   0          0.900332
4    0           0          1           0           0          0
5    0           0.862637   0.137363    0           0          0
6    0           0          0           1           0          0
7    0           0          1           0           0          0
8    1           0          0           0           0          0
9    0.0508625   0.949138   0           0           0          0
10   0           0          0           0           0          1
11   0           1          0           0           0          0
12   0           0          1           0           0          0
13   0           0          0           0           0          1
14   1           0          0           0           0          0
15   0           0          0.0817805   0.918219    0          0
16   1           0          0           0           0          0
18   0           0          0           0.216953    0.783047   0
19   1           0          0           0           0          0
21   0           0          1           0           0          0
22   0           0          0           0.943942    0          0

:        8        :=
1    1
2    0
3    0
4    0
5    0
6    0
7    0
8    0
9    0
10   0
11   0
12   0
13   0
14   0
15   0
16   0
18   0
19   0
21   0
22   0.0560579

 [*,2,*]
:        1           3          4           5          6          7        :=
1    0           0           0          0.199923    0          0
2    1           0           0          0           0          0
3    0           0           0          0.0996678   0          0.900332
4    0           0           1          0           0          0
5    0           0.645604    0.354396   0           0          0
6    0           0           0          1           0          0
7    0           0           1          0           0          0
8    0           1           0          0           0          0
9    0           1           0          0           0          0
10   0           0           0          0           0          1
11   1           0           0          0           0          0
12   0           0           1          0           0          0
13   0           0           0          0           0          1
14   1           0           0          0           0          0
15   0.0248447   0           0          0.975155    0          0
16   1           0           0          0           0          0
18   0           0.0163011   0          0.200652    0.783047   0
19   1           0           0          0           0          0
21   0           0           1          0           0          0
22   0           0           0          0           0          0

:       8        :=
1    0.800077
2    0
3    0
4    0
5    0
6    0
7    0
8    0
9    0
10   0
11   0
12   0
13   0
14   0
15   0
16   0
18   0
19   0
21   0
22   1

 [*,3,*]
:        1          2           4          5           6          7        :=
1    0           0          0           0.157028   0           0
2    1           0          0           0          0           0
3    0           0          0           0          0           1
4    0           0.920635   0.0793651   0          0           0
5    0           0          1           0          0           0
6    0           0          0           0          0           0
7    0           0          1           0          0           0
8    0           1          0           0          0           0
9    0           1          0           0          0           0
10   0           0          0           0          0           1
11   1           0          0           0          0           0
12   0           0          1           0          0           0
13   0           0          0           0          0.0455927   0.954407
14   1           0          0           0          0           0
15   0.0248447   0          0.0569358   0.918219   0           0
16   1           0          0           0          0           0
18   0           0          0           0.234736   0.765264    0
19   1           0          0           0          0           0
21   0           0          1           0          0           0
22   0           0          0           1          0           0

:       8        :=
1    0.842972
2    0
3    0
4    0
5    0
6    1
7    0
8    0
9    0
10   0
11   0
12   0
13   0
14   0
15   0
16   0
18   0
19   0
21   0
22   0

 [*,4,*]
:        1           2          3           5          6          7        :=
1    0           0           0          0.157028    0          0
2    1           0           0          0           0          0
3    0           0           0          0.0996678   0          0.900332
4    0           1           0          0           0          0
5    0           0           1          0           0          0
6    0           0           0          0           0          0
7    0           1           0          0           0          0
8    0           1           0          0           0          0
9    0           0.0168067   0.983193   0           0          0
10   0           0           0          0           0          1
11   0.697802    0           0.302198   0           0          0
12   0           1           0          0           0          0
13   0           0           0          0           0          1
14   1           0           0          0           0          0
15   0.0817805   0           0          0.918219    0          0
16   1           0           0          0           0          0
18   0           0           0          0.216953    0.783047   0
19   1           0           0          0           0          0
21   0           1           0          0           0          0
22   0           0           0          1           0          0

:       8        :=
1    0.842972
2    0
3    0
4    0
5    0
6    1
7    0
8    0
9    0
10   0
11   0
12   0
13   0
14   0
15   0
16   0
18   0
19   0
21   0
22   0

 [*,5,*]
:       1          2          3           4          6          7        :=
1    0          0          0          0           0          0
2    1          0          0          0           0          0
3    0          0          0          0           0          1
4    0          0.901587   0          0.0984127   0          0
5    0          1          0          0           0          0
6    0.929705   0          0          0           0          0
7    0          1          0          0           0          0
8    0          1          0          0           0          0
9    0          0          1          0           0          0
10   0          0          0          0           0          1
11   1          0          0          0           0          0
12   0          0          0          1           0          0
13   0          0          0          0           0.465805   0.534195
14   1          0          0          0           0          0
15   0          0          0          1           0          0
16   1          0          0          0           0          0
18   0          0.285714   0.112922   0           0.601363   0
19   0.387302   0.612698   0          0           0          0
21   0          0          0          1           0          0
22   0          0          0          0           0          1

:        8        :=
1    1
2    0
3    0
4    0
5    0
6    0.0702948
7    0
8    0
9    0
10   0
11   0
12   0
13   0
14   0
15   0
16   0
18   0
19   0
21   0
22   0

 [*,6,*]
:       1          2          3           4           5          7        :=
1    0          0          0          0           0           0
2    1          0          0          0           0           0
3    0          0          0          0           0           1
4    0          1          0          0           0           0
5    0          1          0          0           0           0
6    1          0          0          0           0           0
7    0          0.943942   0          0.0560579   0           0
8    0          1          0          0           0           0
9    0          0          1          0           0           0
10   0          0          0          0           0.0765306   0.923469
11   1          0          0          0           0           0
12   0          0          0          1           0           0
13   0          0          0          0           0           1
14   1          0          0          0           0           0
15   0          0          0          1           0           0
16   1          0          0          0           0           0
18   0          0.276526   0.112922   0           0.610551    0
19   0.338095   0.661905   0          0           0           0
21   0          0          0          1           0           0
22   0          0          0          0           0.943942    0

:        8        :=
1    1
2    0
3    0
4    0
5    0
6    0
7    0
8    0
9    0
10   0
11   0
12   0
13   0
14   0
15   0
16   0
18   0
19   0
21   0
22   0.0560579

 [*,7,*]
:       1          2          3           4          5          6        :=
1    0          0          0          0           0          0
2    1          0          0          0           0          0
3    0          0          0          0           1          0
4    0          1          0          0           0          0
5    0          1          0          0           0          0
6    1          0          0          0           0          0
7    0          0.943942   0          0.0560579   0          0
8    0          1          0          0           0          0
9    0          0.412649   0.587351   0           0          0
10   0          0          0          0           1          0
11   1          0          0          0           0          0
12   0          0          0          1           0          0
13   0          0          0          0           0          1
14   1          0          0          0           0          0
15   0          0          0          1           0          0
16   1          0          0          0           0          0
18   0          0          0.389449   0           0.217546   0.393005
19   0.338095   0.661905   0          0           0          0
21   0          0          0          1           0          0
22   0          0          0          0           0.943942   0

:        8        :=
1    1
2    0
3    0
4    0
5    0
6    0
7    0
8    0
9    0
10   0
11   0
12   0
13   0
14   0
15   0
16   0
18   0
19   0
21   0
22   0.0560579

 [*,8,*]
:       1          2          3          4          5          6          7  :=
1    0          0          0          0          1          0          0
2    1          0          0          0          0          0          0
3    0          0          0          0          0.051495   0          0.948505
4    0          0          0          1          0          0          0
5    0          1          0          0          0          0          0
6    1          0          0          0          0          0          0
7    0          1          0          0          0          0          0
8    0          1          0          0          0          0          0
9    0          0.412649   0.587351   0          0          0          0
10   0          0          0          0          0          0          1
11   1          0          0          0          0          0          0
12   0          0.431611   0          0.568389   0          0          0
13   0          0          0          0          0          0.442249   0.557751
14   1          0          0          0          0          0          0
15   0          0          0          1          0          0          0
16   1          0          0          0          0          0          0
18   0          0          0.389449   0          0          0.610551   0
19   0.338095   0.661905   0          0          0          0          0
21   0          0          0          1          0          0          0
22   0          0          0          0          0          0          1
;

