K=6, W/V=3.1353538, B=1, time:76.781

ca [*] :=
1  6
;

fragment allocation x on node k:

1    2    3    4    5    6    
0 1 0 1 0 0 1 
1 1 0 0 0 0 1 
2 1 0 1 0 0 0 
3 1 0 1 0 0 0 
4 1 0 1 0 0 1 
5 1 0 1 0 0 0 
6 1 0 1 0 0 0 
7 0 0 0 0 0 0 
8 0 0 0 0 0 0 
9 1 0 1 1 0 1 
10 1 0 1 1 0 1 
11 0 0 0 0 0 0 
12 1 0 1 1 0 1 
13 1 0 1 1 0 1 
14 1 0 1 1 0 1 
15 0 0 0 0 0 0 
16 1 0 1 1 0 1 
17 1 0 1 1 0 0 
18 1 0 1 1 0 0 
19 1 0 1 1 0 1 
20 1 0 1 1 0 0 
21 1 0 1 0 0 0 
22 1 0 1 0 0 0 
23 1 1 0 1 1 1 
24 1 0 0 0 1 1 
25 1 0 0 0 0 1 
26 1 0 0 1 0 1 
27 1 0 0 0 0 1 
28 1 0 0 0 0 1 
29 1 0 0 1 0 0 
30 1 0 0 0 0 1 
31 1 0 1 0 0 1 
32 1 0 1 0 0 1 
33 0 0 1 0 0 1 
34 1 0 1 0 0 1 
35 0 0 0 0 0 0 
36 1 1 0 1 1 1 
37 1 1 0 1 1 1 
38 1 0 0 1 0 0 
39 0 0 0 0 1 1 
40 1 0 0 1 1 1 
41 1 0 0 1 0 0 
42 0 0 0 0 0 0 
43 1 0 0 1 0 0 
44 0 1 0 0 1 0 
45 1 0 0 1 1 1 
46 1 0 1 0 0 1 
47 1 0 1 1 0 1 
48 0 0 0 0 0 0 
49 1 1 1 0 1 1 
50 1 1 1 1 0 1 
51 1 1 1 1 0 1 
52 1 1 0 0 0 0 
53 1 1 0 0 0 1 
54 1 1 0 0 0 0 
55 1 1 1 1 0 0 
56 1 0 0 1 0 0 
57 1 0 0 1 0 0 
58 1 0 1 0 0 0 
59 1 0 1 1 0 0 

query feasibility y on node k:

1    2    3    4    5    6    
1 1 1 0 0 0 0 
2 1 0 1 0 0 0 
3 1 0 0 1 0 0 
4 1 0 0 1 0 0 
5 1 0 0 1 0 1 
6 1 1 1 0 0 0 
7 1 0 0 1 0 0 
8 1 0 0 0 0 1 
9 1 0 0 0 0 1 
10 1 0 0 0 0 1 
11 0 0 1 0 0 1 
12 1 0 0 1 0 0 
13 0 1 0 0 1 0 
14 1 0 1 0 0 0 
15 1 0 1 1 0 0 
16 1 0 1 0 0 0 
18 0 0 0 0 1 1 
19 1 0 1 0 0 0 
21 1 0 0 1 0 0 
22 1 0 0 0 0 1 

workload distribution ohne node failure:

1    2    3    4    5    6    
1 0.00000000 1.00000000 0.00000000 0.00000000 0.00000000 0.00000000 
2 0.00000000 0.00000000 1.00000000 0.00000000 0.00000000 0.00000000 
3 0.00000000 0.00000000 0.00000000 1.00000000 0.00000000 0.00000000 
4 0.10370370 0.00000000 0.00000000 0.89629630 0.00000000 0.00000000 
5 1.00000000 0.00000000 0.00000000 0.00000000 0.00000000 0.00000000 
6 1.00000000 0.00000000 0.00000000 0.00000000 0.00000000 0.00000000 
7 0.00000000 0.00000000 0.00000000 1.00000000 0.00000000 0.00000000 
8 1.00000000 0.00000000 0.00000000 0.00000000 0.00000000 0.00000000 
9 0.21981424 0.00000000 0.00000000 0.00000000 0.00000000 0.78018576 
10 1.00000000 0.00000000 0.00000000 0.00000000 0.00000000 0.00000000 
11 0.00000000 0.00000000 0.00000000 0.00000000 0.00000000 1.00000000 
12 0.00000000 0.00000000 0.00000000 1.00000000 0.00000000 0.00000000 
13 0.00000000 0.35815603 0.00000000 0.00000000 0.64184397 0.00000000 
14 0.64319249 0.00000000 0.35680751 0.00000000 0.00000000 0.00000000 
15 0.00000000 0.00000000 1.00000000 0.00000000 0.00000000 0.00000000 
16 0.00000000 0.00000000 1.00000000 0.00000000 0.00000000 0.00000000 
18 0.00000000 0.00000000 0.00000000 0.00000000 0.66320885 0.33679115 
19 0.00000000 0.00000000 1.00000000 0.00000000 0.00000000 0.00000000 
21 0.00000000 0.00000000 0.00000000 1.00000000 0.00000000 0.00000000 
22 1.00000000 0.00000000 0.00000000 0.00000000 0.00000000 0.00000000 

workload distribution if node 1 fails:

2    3    4    5    6    
1 1.00000000 0.00000000 0.00000000 0.00000000 0.00000000 
2 0.00000000 1.00000000 0.00000000 0.00000000 0.00000000 
3 0.00000000 0.00000000 1.00000000 0.00000000 0.00000000 
4 0.00000000 0.00000000 1.00000000 0.00000000 0.00000000 
5 0.00000000 0.00000000 1.00000000 0.00000000 0.00000000 
6 0.24126984 0.75873016 0.00000000 0.00000000 0.00000000 
7 0.00000000 0.00000000 1.00000000 0.00000000 0.00000000 
8 0.00000000 0.00000000 0.00000000 0.00000000 1.00000000 
9 0.00000000 0.00000000 0.00000000 0.00000000 1.00000000 
10 0.00000000 0.00000000 0.00000000 0.00000000 1.00000000 
11 0.00000000 1.00000000 0.00000000 0.00000000 0.00000000 
12 0.00000000 0.00000000 1.00000000 0.00000000 0.00000000 
13 0.74574468 0.00000000 0.00000000 0.25425532 0.00000000 
14 0.00000000 1.00000000 0.00000000 0.00000000 0.00000000 
15 0.00000000 0.77246377 0.22753623 0.00000000 0.00000000 
16 0.00000000 1.00000000 0.00000000 0.00000000 0.00000000 
18 0.00000000 0.00000000 0.00000000 0.99709544 0.00290456 
19 0.00000000 1.00000000 0.00000000 0.00000000 0.00000000 
21 0.00000000 0.00000000 1.00000000 0.00000000 0.00000000 
22 0.00000000 0.00000000 0.00000000 0.00000000 1.00000000 

workload distribution if node 2 fails:

1    3    4    5    6    
1 1.00000000 0.00000000 0.00000000 0.00000000 0.00000000 
2 0.00000000 1.00000000 0.00000000 0.00000000 0.00000000 
3 0.00000000 0.00000000 1.00000000 0.00000000 0.00000000 
4 0.00000000 0.00000000 1.00000000 0.00000000 0.00000000 
5 0.29230769 0.00000000 0.70769231 0.00000000 0.00000000 
6 0.00000000 1.00000000 0.00000000 0.00000000 0.00000000 
7 0.00000000 0.00000000 1.00000000 0.00000000 0.00000000 
8 1.00000000 0.00000000 0.00000000 0.00000000 0.00000000 
9 0.00000000 0.00000000 0.00000000 0.00000000 1.00000000 
10 1.00000000 0.00000000 0.00000000 0.00000000 0.00000000 
11 0.00000000 1.00000000 0.00000000 0.00000000 0.00000000 
12 0.00000000 0.00000000 1.00000000 0.00000000 0.00000000 
13 0.00000000 0.00000000 0.00000000 1.00000000 0.00000000 
14 0.00000000 1.00000000 0.00000000 0.00000000 0.00000000 
15 0.00000000 0.66231884 0.33768116 0.00000000 0.00000000 
16 0.00000000 1.00000000 0.00000000 0.00000000 0.00000000 
18 0.00000000 0.00000000 0.00000000 0.70622407 0.29377593 
19 0.00000000 1.00000000 0.00000000 0.00000000 0.00000000 
21 0.00000000 0.00000000 1.00000000 0.00000000 0.00000000 
22 0.19240506 0.00000000 0.00000000 0.00000000 0.80759494 

workload distribution if node 3 fails:

1    2    4    5    6    
1 0.00000000 1.00000000 0.00000000 0.00000000 0.00000000 
2 1.00000000 0.00000000 0.00000000 0.00000000 0.00000000 
3 0.00000000 0.00000000 1.00000000 0.00000000 0.00000000 
4 1.00000000 0.00000000 0.00000000 0.00000000 0.00000000 
5 1.00000000 0.00000000 0.00000000 0.00000000 0.00000000 
6 0.78095238 0.21904762 0.00000000 0.00000000 0.00000000 
7 0.12151899 0.00000000 0.87848101 0.00000000 0.00000000 
8 1.00000000 0.00000000 0.00000000 0.00000000 0.00000000 
9 0.00000000 0.00000000 0.00000000 0.00000000 1.00000000 
10 0.00000000 0.00000000 0.00000000 0.00000000 1.00000000 
11 0.00000000 0.00000000 0.00000000 0.00000000 1.00000000 
12 0.00000000 0.00000000 1.00000000 0.00000000 0.00000000 
13 0.00000000 0.75319149 0.00000000 0.24680851 0.00000000 
14 1.00000000 0.00000000 0.00000000 0.00000000 0.00000000 
15 0.00000000 0.00000000 1.00000000 0.00000000 0.00000000 
16 1.00000000 0.00000000 0.00000000 0.00000000 0.00000000 
18 0.00000000 0.00000000 0.00000000 1.00000000 0.00000000 
19 1.00000000 0.00000000 0.00000000 0.00000000 0.00000000 
21 0.00000000 0.00000000 1.00000000 0.00000000 0.00000000 
22 0.14683544 0.00000000 0.00000000 0.00000000 0.85316456 

workload distribution if node 4 fails:

1    2    3    5    6    
1 0.00000000 1.00000000 0.00000000 0.00000000 0.00000000 
2 0.00000000 0.00000000 1.00000000 0.00000000 0.00000000 
3 1.00000000 0.00000000 0.00000000 0.00000000 0.00000000 
4 1.00000000 0.00000000 0.00000000 0.00000000 0.00000000 
5 0.72307692 0.00000000 0.00000000 0.00000000 0.27692308 
6 0.52063492 0.21904762 0.26031746 0.00000000 0.00000000 
7 1.00000000 0.00000000 0.00000000 0.00000000 0.00000000 
8 1.00000000 0.00000000 0.00000000 0.00000000 0.00000000 
9 0.00000000 0.00000000 0.00000000 0.00000000 1.00000000 
10 0.00000000 0.00000000 0.00000000 0.00000000 1.00000000 
11 0.00000000 0.00000000 1.00000000 0.00000000 0.00000000 
12 1.00000000 0.00000000 0.00000000 0.00000000 0.00000000 
13 0.00000000 0.75319149 0.00000000 0.24680851 0.00000000 
14 0.00000000 0.00000000 1.00000000 0.00000000 0.00000000 
15 0.00000000 0.00000000 1.00000000 0.00000000 0.00000000 
16 0.00000000 0.00000000 1.00000000 0.00000000 0.00000000 
18 0.00000000 0.00000000 0.00000000 1.00000000 0.00000000 
19 0.00000000 0.00000000 1.00000000 0.00000000 0.00000000 
21 1.00000000 0.00000000 0.00000000 0.00000000 0.00000000 
22 0.00000000 0.00000000 0.00000000 0.00000000 1.00000000 

workload distribution if node 5 fails:

1    2    3    4    6    
1 0.08739946 0.91260054 0.00000000 0.00000000 0.00000000 
2 0.00000000 0.00000000 1.00000000 0.00000000 0.00000000 
3 0.00000000 0.00000000 0.00000000 1.00000000 0.00000000 
4 0.00000000 0.00000000 0.00000000 1.00000000 0.00000000 
5 0.29230769 0.00000000 0.00000000 0.70769231 0.00000000 
6 0.00000000 0.00000000 1.00000000 0.00000000 0.00000000 
7 0.00000000 0.00000000 0.00000000 1.00000000 0.00000000 
8 1.00000000 0.00000000 0.00000000 0.00000000 0.00000000 
9 1.00000000 0.00000000 0.00000000 0.00000000 0.00000000 
10 1.00000000 0.00000000 0.00000000 0.00000000 0.00000000 
11 0.00000000 0.00000000 1.00000000 0.00000000 0.00000000 
12 0.00000000 0.00000000 0.00000000 1.00000000 0.00000000 
13 0.00000000 1.00000000 0.00000000 0.00000000 0.00000000 
14 0.00000000 0.00000000 1.00000000 0.00000000 0.00000000 
15 0.00000000 0.00000000 0.66231884 0.33768116 0.00000000 
16 0.00000000 0.00000000 1.00000000 0.00000000 0.00000000 
18 0.00000000 0.00000000 0.00000000 0.00000000 1.00000000 
19 0.00000000 0.00000000 1.00000000 0.00000000 0.00000000 
21 0.00000000 0.00000000 0.00000000 1.00000000 0.00000000 
22 0.41265823 0.00000000 0.00000000 0.00000000 0.58734177 

workload distribution if node 6 fails:

1    2    3    4    5    
1 0.00000000 1.00000000 0.00000000 0.00000000 0.00000000 
2 0.00000000 0.00000000 1.00000000 0.00000000 0.00000000 
3 0.00000000 0.00000000 0.00000000 1.00000000 0.00000000 
4 0.00000000 0.00000000 0.00000000 1.00000000 0.00000000 
5 0.00000000 0.00000000 0.00000000 1.00000000 0.00000000 
6 0.02222222 0.21904762 0.75873016 0.00000000 0.00000000 
7 0.00000000 0.00000000 0.00000000 1.00000000 0.00000000 
8 1.00000000 0.00000000 0.00000000 0.00000000 0.00000000 
9 1.00000000 0.00000000 0.00000000 0.00000000 0.00000000 
10 1.00000000 0.00000000 0.00000000 0.00000000 0.00000000 
11 0.00000000 0.00000000 1.00000000 0.00000000 0.00000000 
12 0.00000000 0.00000000 0.00000000 1.00000000 0.00000000 
13 0.00000000 0.75319149 0.00000000 0.00000000 0.24680851 
14 0.00000000 0.00000000 1.00000000 0.00000000 0.00000000 
15 0.00000000 0.00000000 0.77246377 0.22753623 0.00000000 
16 0.00000000 0.00000000 1.00000000 0.00000000 0.00000000 
18 0.00000000 0.00000000 0.00000000 0.00000000 1.00000000 
19 0.00000000 0.00000000 1.00000000 0.00000000 0.00000000 
21 0.00000000 0.00000000 0.00000000 1.00000000 0.00000000 
22 1.00000000 0.00000000 0.00000000 0.00000000 0.00000000 



zz_test [*] :=
 1  1
 2  1
 3  1
 4  1
 5  1
 6  1
 7  1
 8  1
 9  1
10  1
11  1
12  1
13  1
14  1
15  1
16  1
18  1
19  1
21  1
22  1
;

K_test [*] :=
1  0.166667
2  0.166667
3  0.166667
4  0.166667
5  0.166667
6  0.166667
;

zz2_test [*,*]
:    1   2   3   4   5   6    :=
1    1   1   1   1   1   1
2    1   1   1   1   1   1
3    1   1   1   1   1   1
4    1   1   1   1   1   1
5    1   1   1   1   1   1
6    1   1   1   1   1   1
7    1   1   1   1   1   1
8    1   1   1   1   1   1
9    1   1   1   1   1   1
10   1   1   1   1   1   1
11   1   1   1   1   1   1
12   1   1   1   1   1   1
13   1   1   1   1   1   1
14   1   1   1   1   1   1
15   1   1   1   1   1   1
16   1   1   1   1   1   1
18   1   1   1   1   1   1
19   1   1   1   1   1   1
21   1   1   1   1   1   1
22   1   1   1   1   1   1
;

K2_test [*,*]
:    1     2     3     4     5     6     :=
1    .    0.2   0.2   0.2   0.2   0.2
2   0.2    .    0.2   0.2   0.2   0.2
3   0.2   0.2    .    0.2   0.2   0.2
4   0.2   0.2   0.2    .    0.2   0.2
5   0.2   0.2   0.2   0.2    .    0.2
6   0.2   0.2   0.2   0.2   0.2    .
;

zz2 [*,1,*]
:       2          3          4          5           6         :=
1    1          0          0          0          0
2    0          1          0          0          0
3    0          0          1          0          0
4    0          0          1          0          0
5    0          0          1          0          0
6    0.24127    0.75873    0          0          0
7    0          0          1          0          0
8    0          0          0          0          1
9    0          0          0          0          1
10   0          0          0          0          1
11   0          1          0          0          0
12   0          0          1          0          0
13   0.745745   0          0          0.254255   0
14   0          1          0          0          0
15   0          0.772464   0.227536   0          0
16   0          1          0          0          0
18   0          0          0          0.997095   0.00290456
19   0          1          0          0          0
21   0          0          1          0          0
22   0          0          0          0          1

 [*,2,*]
:       1          3          4          5          6        :=
1    1          0          0          0          0
2    0          1          0          0          0
3    0          0          1          0          0
4    0          0          1          0          0
5    0.292308   0          0.707692   0          0
6    0          1          0          0          0
7    0          0          1          0          0
8    1          0          0          0          0
9    0          0          0          0          1
10   1          0          0          0          0
11   0          1          0          0          0
12   0          0          1          0          0
13   0          0          0          1          0
14   0          1          0          0          0
15   0          0.662319   0.337681   0          0
16   0          1          0          0          0
18   0          0          0          0.706224   0.293776
19   0          1          0          0          0
21   0          0          1          0          0
22   0.192405   0          0          0          0.807595

 [*,3,*]
:       1          2          4          5          6        :=
1    0          1          0          0          0
2    1          0          0          0          0
3    0          0          1          0          0
4    1          0          0          0          0
5    1          0          0          0          0
6    0.780952   0.219048   0          0          0
7    0.121519   0          0.878481   0          0
8    1          0          0          0          0
9    0          0          0          0          1
10   0          0          0          0          1
11   0          0          0          0          1
12   0          0          1          0          0
13   0          0.753191   0          0.246809   0
14   1          0          0          0          0
15   0          0          1          0          0
16   1          0          0          0          0
18   0          0          0          1          0
19   1          0          0          0          0
21   0          0          1          0          0
22   0.146835   0          0          0          0.853165

 [*,4,*]
:       1          2          3          5          6        :=
1    0          1          0          0          0
2    0          0          1          0          0
3    1          0          0          0          0
4    1          0          0          0          0
5    0.723077   0          0          0          0.276923
6    0.520635   0.219048   0.260317   0          0
7    1          0          0          0          0
8    1          0          0          0          0
9    0          0          0          0          1
10   0          0          0          0          1
11   0          0          1          0          0
12   1          0          0          0          0
13   0          0.753191   0          0.246809   0
14   0          0          1          0          0
15   0          0          1          0          0
16   0          0          1          0          0
18   0          0          0          1          0
19   0          0          1          0          0
21   1          0          0          0          0
22   0          0          0          0          1

 [*,5,*]
:        1          2          3          4          6        :=
1    0.0873995   0.912601   0          0          0
2    0           0          1          0          0
3    0           0          0          1          0
4    0           0          0          1          0
5    0.292308    0          0          0.707692   0
6    0           0          1          0          0
7    0           0          0          1          0
8    1           0          0          0          0
9    1           0          0          0          0
10   1           0          0          0          0
11   0           0          1          0          0
12   0           0          0          1          0
13   0           1          0          0          0
14   0           0          1          0          0
15   0           0          0.662319   0.337681   0
16   0           0          1          0          0
18   0           0          0          0          1
19   0           0          1          0          0
21   0           0          0          1          0
22   0.412658    0          0          0          0.587342

 [*,6,*]
:        1          2          3          4          5        :=
1    0           1          0          0          0
2    0           0          1          0          0
3    0           0          0          1          0
4    0           0          0          1          0
5    0           0          0          1          0
6    0.0222222   0.219048   0.75873    0          0
7    0           0          0          1          0
8    1           0          0          0          0
9    1           0          0          0          0
10   1           0          0          0          0
11   0           0          1          0          0
12   0           0          0          1          0
13   0           0.753191   0          0          0.246809
14   0           0          1          0          0
15   0           0          0.772464   0.227536   0
16   0           0          1          0          0
18   0           0          0          0          1
19   0           0          1          0          0
21   0           0          0          1          0
22   1           0          0          0          0
;

