K=9, W/V=3.8664124, B=1, time:9595.390

ca [*] :=
1  9
;

fragment allocation x on node k:

1    2    3    4    5    6    7    8    9    
0 1 0 1 0 1 0 1 0 1 
1 1 0 0 0 1 0 0 0 0 
2 1 0 0 0 0 0 0 0 1 
3 1 0 1 0 0 0 0 0 1 
4 1 0 0 0 0 0 1 0 1 
5 1 0 1 0 0 0 0 0 1 
6 1 0 1 0 0 0 0 0 0 
7 0 0 0 0 0 0 0 0 0 
8 0 0 0 0 0 0 0 0 0 
9 1 0 0 0 0 0 1 0 1 
10 1 0 0 0 0 0 1 0 1 
11 0 0 0 0 0 0 0 0 0 
12 1 0 0 0 1 1 1 1 1 
13 1 0 0 0 1 1 1 1 1 
14 1 0 0 0 0 0 1 0 1 
15 0 0 0 0 0 0 0 0 0 
16 1 0 1 0 1 0 1 1 1 
17 1 0 1 0 0 0 1 1 1 
18 1 0 1 0 0 0 1 0 1 
19 1 0 0 0 1 0 1 1 1 
20 1 0 1 0 0 0 1 0 1 
21 1 0 0 0 0 0 0 0 1 
22 1 0 0 0 0 0 0 0 1 
23 1 1 0 0 0 1 1 1 1 
24 1 1 0 0 0 1 0 0 0 
25 1 0 0 0 0 1 0 0 0 
26 1 0 0 0 0 1 1 0 0 
27 1 0 0 0 0 1 1 1 0 
28 1 0 0 0 0 1 1 1 0 
29 1 0 0 0 0 0 1 0 0 
30 1 0 0 0 0 1 0 0 0 
31 1 0 0 0 1 0 0 0 1 
32 1 0 0 0 1 0 0 0 1 
33 0 0 0 0 1 0 0 0 1 
34 1 0 0 0 1 0 0 0 1 
35 0 0 0 0 0 0 0 0 0 
36 1 1 0 0 1 1 1 1 1 
37 1 1 0 0 0 1 1 1 1 
38 1 0 0 0 0 0 0 1 0 
39 1 1 0 0 0 1 0 0 0 
40 1 1 0 0 1 1 1 1 0 
41 1 0 0 0 0 0 0 1 0 
42 0 0 0 0 0 0 0 0 0 
43 1 0 0 0 0 0 1 0 0 
44 0 0 0 0 0 1 0 0 1 
45 1 1 0 0 1 1 1 1 0 
46 1 0 1 0 1 0 1 0 0 
47 1 0 1 0 1 0 1 1 0 
48 0 0 0 0 0 0 0 0 0 
49 1 1 1 1 1 1 0 0 0 
50 1 0 1 1 1 1 1 0 0 
51 1 0 1 1 1 1 1 0 0 
52 1 0 1 1 0 0 0 0 0 
53 1 0 1 1 0 1 0 0 0 
54 1 0 1 1 0 0 0 0 0 
55 1 0 1 1 0 0 1 1 0 
56 1 0 0 0 0 0 0 1 0 
57 1 0 0 0 0 0 0 1 0 
58 1 0 1 0 0 0 0 0 0 
59 1 0 1 0 0 0 0 1 0 

query feasibility y on node k:

1    2    3    4    5    6    7    8    9    
1 1 0 1 1 0 0 0 0 0 
2 1 0 0 0 0 0 0 0 1 
3 1 0 0 0 0 0 1 0 0 
4 1 0 0 0 0 0 0 1 0 
5 1 0 0 0 0 0 1 0 0 
6 0 0 1 1 0 0 0 0 0 
7 1 0 0 0 0 0 1 0 0 
8 1 0 0 0 0 0 1 0 0 
9 1 0 0 0 1 0 0 0 0 
10 1 0 0 0 0 1 0 0 0 
11 0 0 0 0 1 0 0 0 1 
12 1 0 0 0 0 0 0 1 0 
13 0 0 0 0 0 1 0 0 1 
14 1 0 0 0 0 0 1 0 0 
15 1 0 1 0 0 0 1 0 0 
16 1 0 0 0 0 0 0 0 1 
18 1 1 0 0 0 1 0 0 0 
19 1 0 1 0 0 0 0 0 0 
21 1 0 0 0 0 0 0 1 0 
22 1 0 0 0 0 1 1 1 0 

workload distribution ohne node failure:

1    2    3    4    5    6    7    8    9    
1 0.00000000 0.00000000 0.21298779 0.78701221 0.00000000 0.00000000 0.00000000 0.00000000 0.00000000 
2 0.00000000 0.00000000 0.00000000 0.00000000 0.00000000 0.00000000 0.00000000 0.00000000 1.00000000 
3 0.00000000 0.00000000 0.00000000 0.00000000 0.00000000 0.00000000 1.00000000 0.00000000 0.00000000 
4 1.00000000 0.00000000 0.00000000 0.00000000 0.00000000 0.00000000 0.00000000 0.00000000 0.00000000 
5 0.00000000 0.00000000 0.00000000 0.00000000 0.00000000 0.00000000 1.00000000 0.00000000 0.00000000 
6 0.00000000 0.00000000 1.00000000 0.00000000 0.00000000 0.00000000 0.00000000 0.00000000 0.00000000 
7 0.00000000 0.00000000 0.00000000 0.00000000 0.00000000 0.00000000 1.00000000 0.00000000 0.00000000 
8 0.57264957 0.00000000 0.00000000 0.00000000 0.00000000 0.00000000 0.42735043 0.00000000 0.00000000 
9 0.09115927 0.00000000 0.00000000 0.00000000 0.90884073 0.00000000 0.00000000 0.00000000 0.00000000 
10 0.00000000 0.00000000 0.00000000 0.00000000 0.00000000 1.00000000 0.00000000 0.00000000 0.00000000 
11 0.00000000 0.00000000 0.00000000 0.00000000 0.00000000 0.00000000 0.00000000 0.00000000 1.00000000 
12 0.21749409 0.00000000 0.00000000 0.00000000 0.00000000 0.00000000 0.00000000 0.78250591 0.00000000 
13 0.00000000 0.00000000 0.00000000 0.00000000 0.00000000 0.57151300 0.00000000 0.00000000 0.42848700 
14 0.00000000 0.00000000 0.00000000 0.00000000 0.00000000 0.00000000 1.00000000 0.00000000 0.00000000 
15 0.00000000 0.00000000 1.00000000 0.00000000 0.00000000 0.00000000 0.00000000 0.00000000 0.00000000 
16 0.00000000 0.00000000 0.00000000 0.00000000 0.00000000 0.00000000 0.00000000 0.00000000 1.00000000 
18 0.23720609 0.60903642 0.00000000 0.00000000 0.00000000 0.15375749 0.00000000 0.00000000 0.00000000 
19 0.85432099 0.00000000 0.14567901 0.00000000 0.00000000 0.00000000 0.00000000 0.00000000 0.00000000 
21 0.00000000 0.00000000 0.00000000 0.00000000 0.00000000 0.00000000 0.00000000 1.00000000 0.00000000 
22 0.00000000 0.00000000 0.00000000 0.00000000 0.00000000 0.00000000 0.00000000 1.00000000 0.00000000 

workload distribution if node 1 fails:

2    3    4    5    6    7    8    9    
1 0.00000000 0.11461126 0.88538874 0.00000000 0.00000000 0.00000000 0.00000000 0.00000000 
2 0.00000000 0.00000000 0.00000000 0.00000000 0.00000000 0.00000000 0.00000000 1.00000000 
3 0.00000000 0.00000000 0.00000000 0.00000000 0.00000000 1.00000000 0.00000000 0.00000000 
4 0.00000000 0.00000000 0.00000000 0.00000000 0.00000000 0.00000000 1.00000000 0.00000000 
5 0.00000000 0.00000000 0.00000000 0.00000000 0.00000000 1.00000000 0.00000000 0.00000000 
6 0.00000000 1.00000000 0.00000000 0.00000000 0.00000000 0.00000000 0.00000000 0.00000000 
7 0.00000000 0.00000000 0.00000000 0.00000000 0.00000000 1.00000000 0.00000000 0.00000000 
8 0.00000000 0.00000000 0.00000000 0.00000000 0.00000000 1.00000000 0.00000000 0.00000000 
9 0.00000000 0.00000000 0.00000000 1.00000000 0.00000000 0.00000000 0.00000000 0.00000000 
10 0.00000000 0.00000000 0.00000000 0.00000000 1.00000000 0.00000000 0.00000000 0.00000000 
11 0.00000000 0.00000000 0.00000000 0.27884615 0.00000000 0.00000000 0.00000000 0.72115385 
12 0.00000000 0.00000000 0.00000000 0.00000000 0.00000000 0.00000000 1.00000000 0.00000000 
13 0.00000000 0.00000000 0.00000000 0.00000000 0.33776596 0.00000000 0.00000000 0.66223404 
14 0.00000000 0.00000000 0.00000000 0.00000000 0.00000000 1.00000000 0.00000000 0.00000000 
15 0.00000000 0.97463768 0.00000000 0.00000000 0.00000000 0.02536232 0.00000000 0.00000000 
16 0.00000000 0.00000000 0.00000000 0.00000000 0.00000000 0.00000000 0.00000000 1.00000000 
18 0.68516598 0.00000000 0.00000000 0.00000000 0.31483402 0.00000000 0.00000000 0.00000000 
19 0.00000000 1.00000000 0.00000000 0.00000000 0.00000000 0.00000000 0.00000000 0.00000000 
21 0.00000000 0.00000000 0.00000000 0.00000000 0.00000000 0.00000000 1.00000000 0.00000000 
22 0.00000000 0.00000000 0.00000000 0.00000000 0.03797468 0.32594937 0.63607595 0.00000000 

workload distribution if node 2 fails:

1    3    4    5    6    7    8    9    
1 0.00000000 0.11461126 0.88538874 0.00000000 0.00000000 0.00000000 0.00000000 0.00000000 
2 0.00000000 0.00000000 0.00000000 0.00000000 0.00000000 0.00000000 0.00000000 1.00000000 
3 0.00000000 0.00000000 0.00000000 0.00000000 0.00000000 1.00000000 0.00000000 0.00000000 
4 0.06666667 0.00000000 0.00000000 0.00000000 0.00000000 0.00000000 0.93333333 0.00000000 
5 0.00000000 0.00000000 0.00000000 0.00000000 0.00000000 1.00000000 0.00000000 0.00000000 
6 0.00000000 1.00000000 0.00000000 0.00000000 0.00000000 0.00000000 0.00000000 0.00000000 
7 0.00000000 0.00000000 0.00000000 0.00000000 0.00000000 1.00000000 0.00000000 0.00000000 
8 0.00000000 0.00000000 0.00000000 0.00000000 0.00000000 1.00000000 0.00000000 0.00000000 
9 0.00000000 0.00000000 0.00000000 1.00000000 0.00000000 0.00000000 0.00000000 0.00000000 
10 1.00000000 0.00000000 0.00000000 0.00000000 0.00000000 0.00000000 0.00000000 0.00000000 
11 0.00000000 0.00000000 0.00000000 0.27884615 0.00000000 0.00000000 0.00000000 0.72115385 
12 0.00000000 0.00000000 0.00000000 0.00000000 0.00000000 0.00000000 1.00000000 0.00000000 
13 0.00000000 0.00000000 0.00000000 0.00000000 0.33776596 0.00000000 0.00000000 0.66223404 
14 0.00000000 0.00000000 0.00000000 0.00000000 0.00000000 1.00000000 0.00000000 0.00000000 
15 0.00000000 0.97463768 0.00000000 0.00000000 0.00000000 0.02536232 0.00000000 0.00000000 
16 0.00000000 0.00000000 0.00000000 0.00000000 0.00000000 0.00000000 0.00000000 1.00000000 
18 0.44657676 0.00000000 0.00000000 0.00000000 0.55342324 0.00000000 0.00000000 0.00000000 
19 0.00000000 1.00000000 0.00000000 0.00000000 0.00000000 0.00000000 0.00000000 0.00000000 
21 0.00000000 0.00000000 0.00000000 0.00000000 0.00000000 0.00000000 1.00000000 0.00000000 
22 0.00000000 0.00000000 0.00000000 0.00000000 0.00000000 0.32594937 0.67405063 0.00000000 

workload distribution if node 3 fails:

1    2    4    5    6    7    8    9    
1 0.28351206 0.00000000 0.71648794 0.00000000 0.00000000 0.00000000 0.00000000 0.00000000 
2 0.00000000 0.00000000 0.00000000 0.00000000 0.00000000 0.00000000 0.00000000 1.00000000 
3 1.00000000 0.00000000 0.00000000 0.00000000 0.00000000 0.00000000 0.00000000 0.00000000 
4 0.00000000 0.00000000 0.00000000 0.00000000 0.00000000 0.00000000 1.00000000 0.00000000 
5 0.18750000 0.00000000 0.00000000 0.00000000 0.00000000 0.81250000 0.00000000 0.00000000 
6 0.00000000 0.00000000 1.00000000 0.00000000 0.00000000 0.00000000 0.00000000 0.00000000 
7 0.00000000 0.00000000 0.00000000 0.00000000 0.00000000 1.00000000 0.00000000 0.00000000 
8 1.00000000 0.00000000 0.00000000 0.00000000 0.00000000 0.00000000 0.00000000 0.00000000 
9 0.00000000 0.00000000 0.00000000 1.00000000 0.00000000 0.00000000 0.00000000 0.00000000 
10 0.00000000 0.00000000 0.00000000 0.00000000 1.00000000 0.00000000 0.00000000 0.00000000 
11 0.00000000 0.00000000 0.00000000 0.27884615 0.00000000 0.00000000 0.00000000 0.72115385 
12 0.00000000 0.00000000 0.00000000 0.00000000 0.00000000 0.00000000 1.00000000 0.00000000 
13 0.00000000 0.00000000 0.00000000 0.00000000 0.33776596 0.00000000 0.00000000 0.66223404 
14 0.00000000 0.00000000 0.00000000 0.00000000 0.00000000 1.00000000 0.00000000 0.00000000 
15 0.00000000 0.00000000 0.00000000 0.00000000 0.00000000 1.00000000 0.00000000 0.00000000 
16 0.00000000 0.00000000 0.00000000 0.00000000 0.00000000 0.00000000 0.00000000 1.00000000 
18 0.00000000 0.68516598 0.00000000 0.00000000 0.31483402 0.00000000 0.00000000 0.00000000 
19 1.00000000 0.00000000 0.00000000 0.00000000 0.00000000 0.00000000 0.00000000 0.00000000 
21 0.00000000 0.00000000 0.00000000 0.00000000 0.00000000 0.00000000 1.00000000 0.00000000 
22 0.32594937 0.00000000 0.00000000 0.00000000 0.03797468 0.00000000 0.63607595 0.00000000 

workload distribution if node 4 fails:

1    2    3    5    6    7    8    9    
1 0.28351206 0.00000000 0.71648794 0.00000000 0.00000000 0.00000000 0.00000000 0.00000000 
2 0.00000000 0.00000000 0.00000000 0.00000000 0.00000000 0.00000000 0.00000000 1.00000000 
3 0.00000000 0.00000000 0.00000000 0.00000000 0.00000000 1.00000000 0.00000000 0.00000000 
4 0.00000000 0.00000000 0.00000000 0.00000000 0.00000000 0.00000000 1.00000000 0.00000000 
5 0.00000000 0.00000000 0.00000000 0.00000000 0.00000000 1.00000000 0.00000000 0.00000000 
6 0.00000000 0.00000000 1.00000000 0.00000000 0.00000000 0.00000000 0.00000000 0.00000000 
7 0.00000000 0.00000000 0.00000000 0.00000000 0.00000000 1.00000000 0.00000000 0.00000000 
8 0.00000000 0.00000000 0.00000000 0.00000000 0.00000000 1.00000000 0.00000000 0.00000000 
9 0.00000000 0.00000000 0.00000000 1.00000000 0.00000000 0.00000000 0.00000000 0.00000000 
10 0.00000000 0.00000000 0.00000000 0.00000000 1.00000000 0.00000000 0.00000000 0.00000000 
11 0.00000000 0.00000000 0.00000000 0.27884615 0.00000000 0.00000000 0.00000000 0.72115385 
12 0.00000000 0.00000000 0.00000000 0.00000000 0.00000000 0.00000000 1.00000000 0.00000000 
13 0.00000000 0.00000000 0.00000000 0.00000000 0.33776596 0.00000000 0.00000000 0.66223404 
14 0.00000000 0.00000000 0.00000000 0.00000000 0.00000000 1.00000000 0.00000000 0.00000000 
15 0.97463768 0.00000000 0.00000000 0.00000000 0.00000000 0.02536232 0.00000000 0.00000000 
16 0.00000000 0.00000000 0.00000000 0.00000000 0.00000000 0.00000000 0.00000000 1.00000000 
18 0.00000000 0.68516598 0.00000000 0.00000000 0.31483402 0.00000000 0.00000000 0.00000000 
19 1.00000000 0.00000000 0.00000000 0.00000000 0.00000000 0.00000000 0.00000000 0.00000000 
21 0.00000000 0.00000000 0.00000000 0.00000000 0.00000000 0.00000000 1.00000000 0.00000000 
22 0.00000000 0.00000000 0.00000000 0.00000000 0.03797468 0.32594937 0.63607595 0.00000000 

workload distribution if node 5 fails:

1    2    3    4    6    7    8    9    
1 0.00000000 0.00000000 0.11461126 0.88538874 0.00000000 0.00000000 0.00000000 0.00000000 
2 0.00000000 0.00000000 0.00000000 0.00000000 0.00000000 0.00000000 0.00000000 1.00000000 
3 0.00000000 0.00000000 0.00000000 0.00000000 0.00000000 1.00000000 0.00000000 0.00000000 
4 0.00000000 0.00000000 0.00000000 0.00000000 0.00000000 0.00000000 1.00000000 0.00000000 
5 0.00000000 0.00000000 0.00000000 0.00000000 0.00000000 1.00000000 0.00000000 0.00000000 
6 0.00000000 0.00000000 1.00000000 0.00000000 0.00000000 0.00000000 0.00000000 0.00000000 
7 0.00000000 0.00000000 0.00000000 0.00000000 0.00000000 1.00000000 0.00000000 0.00000000 
8 0.00000000 0.00000000 0.00000000 0.00000000 0.00000000 1.00000000 0.00000000 0.00000000 
9 1.00000000 0.00000000 0.00000000 0.00000000 0.00000000 0.00000000 0.00000000 0.00000000 
10 0.00000000 0.00000000 0.00000000 0.00000000 1.00000000 0.00000000 0.00000000 0.00000000 
11 0.00000000 0.00000000 0.00000000 0.00000000 0.00000000 0.00000000 0.00000000 1.00000000 
12 0.00000000 0.00000000 0.00000000 0.00000000 0.00000000 0.00000000 1.00000000 0.00000000 
13 0.00000000 0.00000000 0.00000000 0.00000000 0.37632979 0.00000000 0.00000000 0.62367021 
14 0.00000000 0.00000000 0.00000000 0.00000000 0.00000000 1.00000000 0.00000000 0.00000000 
15 0.00000000 0.00000000 0.97463768 0.00000000 0.00000000 0.02536232 0.00000000 0.00000000 
16 0.00000000 0.00000000 0.00000000 0.00000000 0.00000000 0.00000000 0.00000000 1.00000000 
18 0.00881743 0.68516598 0.00000000 0.00000000 0.30601660 0.00000000 0.00000000 0.00000000 
19 0.00000000 0.00000000 1.00000000 0.00000000 0.00000000 0.00000000 0.00000000 0.00000000 
21 0.00000000 0.00000000 0.00000000 0.00000000 0.00000000 0.00000000 1.00000000 0.00000000 
22 0.03797468 0.00000000 0.00000000 0.00000000 0.00000000 0.32594937 0.63607595 0.00000000 

workload distribution if node 6 fails:

1    2    3    4    5    7    8    9    
1 0.00804290 0.00000000 0.27546917 0.71648794 0.00000000 0.00000000 0.00000000 0.00000000 
2 0.59666667 0.00000000 0.00000000 0.00000000 0.00000000 0.00000000 0.00000000 0.40333333 
3 0.00000000 0.00000000 0.00000000 0.00000000 0.00000000 1.00000000 0.00000000 0.00000000 
4 0.00000000 0.00000000 0.00000000 0.00000000 0.00000000 0.00000000 1.00000000 0.00000000 
5 0.00000000 0.00000000 0.00000000 0.00000000 0.00000000 1.00000000 0.00000000 0.00000000 
6 0.00000000 0.00000000 0.00000000 1.00000000 0.00000000 0.00000000 0.00000000 0.00000000 
7 0.00000000 0.00000000 0.00000000 0.00000000 0.00000000 1.00000000 0.00000000 0.00000000 
8 0.00000000 0.00000000 0.00000000 0.00000000 0.00000000 1.00000000 0.00000000 0.00000000 
9 0.05804954 0.00000000 0.00000000 0.00000000 0.94195046 0.00000000 0.00000000 0.00000000 
10 1.00000000 0.00000000 0.00000000 0.00000000 0.00000000 0.00000000 0.00000000 0.00000000 
11 0.00000000 0.00000000 0.00000000 0.00000000 1.00000000 0.00000000 0.00000000 0.00000000 
12 0.00000000 0.00000000 0.00000000 0.00000000 0.00000000 0.00000000 1.00000000 0.00000000 
13 0.00000000 0.00000000 0.00000000 0.00000000 0.00000000 0.00000000 0.00000000 1.00000000 
14 0.00000000 0.00000000 0.00000000 0.00000000 0.00000000 1.00000000 0.00000000 0.00000000 
15 0.00000000 0.00000000 0.99637681 0.00000000 0.00000000 0.00362319 0.00000000 0.00000000 
16 0.00000000 0.00000000 0.00000000 0.00000000 0.00000000 0.00000000 0.00000000 1.00000000 
18 0.31483402 0.68516598 0.00000000 0.00000000 0.00000000 0.00000000 0.00000000 0.00000000 
19 0.00000000 0.00000000 1.00000000 0.00000000 0.00000000 0.00000000 0.00000000 0.00000000 
21 0.00000000 0.00000000 0.00000000 0.00000000 0.00000000 0.00000000 1.00000000 0.00000000 
22 0.00000000 0.00000000 0.00000000 0.00000000 0.00000000 0.36392405 0.63607595 0.00000000 

workload distribution if node 7 fails:

1    2    3    4    5    6    8    9    
1 0.00938338 0.00000000 0.27412869 0.71648794 0.00000000 0.00000000 0.00000000 0.00000000 
2 0.00000000 0.00000000 0.00000000 0.00000000 0.00000000 0.00000000 0.00000000 1.00000000 
3 1.00000000 0.00000000 0.00000000 0.00000000 0.00000000 0.00000000 0.00000000 0.00000000 
4 0.00000000 0.00000000 0.00000000 0.00000000 0.00000000 0.00000000 1.00000000 0.00000000 
5 1.00000000 0.00000000 0.00000000 0.00000000 0.00000000 0.00000000 0.00000000 0.00000000 
6 0.00000000 0.00000000 0.00000000 1.00000000 0.00000000 0.00000000 0.00000000 0.00000000 
7 1.00000000 0.00000000 0.00000000 0.00000000 0.00000000 0.00000000 0.00000000 0.00000000 
8 1.00000000 0.00000000 0.00000000 0.00000000 0.00000000 0.00000000 0.00000000 0.00000000 
9 0.00000000 0.00000000 0.00000000 0.00000000 1.00000000 0.00000000 0.00000000 0.00000000 
10 0.00000000 0.00000000 0.00000000 0.00000000 0.00000000 1.00000000 0.00000000 0.00000000 
11 0.00000000 0.00000000 0.00000000 0.00000000 0.27884615 0.00000000 0.00000000 0.72115385 
12 0.00000000 0.00000000 0.00000000 0.00000000 0.00000000 0.00000000 1.00000000 0.00000000 
13 0.00000000 0.00000000 0.00000000 0.00000000 0.00000000 0.33776596 0.00000000 0.66223404 
14 1.00000000 0.00000000 0.00000000 0.00000000 0.00000000 0.00000000 0.00000000 0.00000000 
15 0.00000000 0.00000000 1.00000000 0.00000000 0.00000000 0.00000000 0.00000000 0.00000000 
16 0.00000000 0.00000000 0.00000000 0.00000000 0.00000000 0.00000000 0.00000000 1.00000000 
18 0.00000000 0.68516598 0.00000000 0.00000000 0.00000000 0.31483402 0.00000000 0.00000000 
19 0.00000000 0.00000000 1.00000000 0.00000000 0.00000000 0.00000000 0.00000000 0.00000000 
21 0.00000000 0.00000000 0.00000000 0.00000000 0.00000000 0.00000000 1.00000000 0.00000000 
22 0.32594937 0.00000000 0.00000000 0.00000000 0.00000000 0.03797468 0.63607595 0.00000000 

workload distribution if node 8 fails:

1    2    3    4    5    6    7    9    
1 0.00938338 0.00000000 0.10522788 0.88538874 0.00000000 0.00000000 0.00000000 0.00000000 
2 0.00000000 0.00000000 0.00000000 0.00000000 0.00000000 0.00000000 0.00000000 1.00000000 
3 0.00000000 0.00000000 0.00000000 0.00000000 0.00000000 0.00000000 1.00000000 0.00000000 
4 1.00000000 0.00000000 0.00000000 0.00000000 0.00000000 0.00000000 0.00000000 0.00000000 
5 0.00000000 0.00000000 0.00000000 0.00000000 0.00000000 0.00000000 1.00000000 0.00000000 
6 0.00000000 0.00000000 1.00000000 0.00000000 0.00000000 0.00000000 0.00000000 0.00000000 
7 0.00000000 0.00000000 0.00000000 0.00000000 0.00000000 0.00000000 1.00000000 0.00000000 
8 0.00000000 0.00000000 0.00000000 0.00000000 0.00000000 0.00000000 1.00000000 0.00000000 
9 0.00000000 0.00000000 0.00000000 0.00000000 1.00000000 0.00000000 0.00000000 0.00000000 
10 0.00000000 0.00000000 0.00000000 0.00000000 0.00000000 1.00000000 0.00000000 0.00000000 
11 0.00000000 0.00000000 0.00000000 0.00000000 0.27884615 0.00000000 0.00000000 0.72115385 
12 1.00000000 0.00000000 0.00000000 0.00000000 0.00000000 0.00000000 0.00000000 0.00000000 
13 0.00000000 0.00000000 0.00000000 0.00000000 0.00000000 0.33776596 0.00000000 0.66223404 
14 0.00000000 0.00000000 0.00000000 0.00000000 0.00000000 0.00000000 1.00000000 0.00000000 
15 0.00000000 0.00000000 1.00000000 0.00000000 0.00000000 0.00000000 0.00000000 0.00000000 
16 0.00000000 0.00000000 0.00000000 0.00000000 0.00000000 0.00000000 0.00000000 1.00000000 
18 0.00000000 0.68516598 0.00000000 0.00000000 0.00000000 0.31483402 0.00000000 0.00000000 
19 0.00000000 0.00000000 1.00000000 0.00000000 0.00000000 0.00000000 0.00000000 0.00000000 
21 1.00000000 0.00000000 0.00000000 0.00000000 0.00000000 0.00000000 0.00000000 0.00000000 
22 0.59177215 0.00000000 0.00000000 0.00000000 0.00000000 0.03797468 0.37025316 0.00000000 

workload distribution if node 9 fails:

1    2    3    4    5    6    7    8    
1 0.00000000 0.00000000 0.28351206 0.71648794 0.00000000 0.00000000 0.00000000 0.00000000 
2 1.00000000 0.00000000 0.00000000 0.00000000 0.00000000 0.00000000 0.00000000 0.00000000 
3 0.00000000 0.00000000 0.00000000 0.00000000 0.00000000 0.00000000 1.00000000 0.00000000 
4 0.00000000 0.00000000 0.00000000 0.00000000 0.00000000 0.00000000 0.00000000 1.00000000 
5 0.00000000 0.00000000 0.00000000 0.00000000 0.00000000 0.00000000 1.00000000 0.00000000 
6 0.00000000 0.00000000 0.00000000 1.00000000 0.00000000 0.00000000 0.00000000 0.00000000 
7 0.00000000 0.00000000 0.00000000 0.00000000 0.00000000 0.00000000 1.00000000 0.00000000 
8 0.00000000 0.00000000 0.00000000 0.00000000 0.00000000 0.00000000 1.00000000 0.00000000 
9 0.05804954 0.00000000 0.00000000 0.00000000 0.94195046 0.00000000 0.00000000 0.00000000 
10 0.00000000 0.00000000 0.00000000 0.00000000 0.00000000 1.00000000 0.00000000 0.00000000 
11 0.00000000 0.00000000 0.00000000 0.00000000 1.00000000 0.00000000 0.00000000 0.00000000 
12 0.00000000 0.00000000 0.00000000 0.00000000 0.00000000 0.00000000 0.00000000 1.00000000 
13 0.00000000 0.00000000 0.00000000 0.00000000 0.00000000 1.00000000 0.00000000 0.00000000 
14 0.00000000 0.00000000 0.00000000 0.00000000 0.00000000 0.00000000 1.00000000 0.00000000 
15 0.00000000 0.00000000 0.97463768 0.00000000 0.00000000 0.00000000 0.02536232 0.00000000 
16 1.00000000 0.00000000 0.00000000 0.00000000 0.00000000 0.00000000 0.00000000 0.00000000 
18 0.25207469 0.68516598 0.00000000 0.00000000 0.00000000 0.06275934 0.00000000 0.00000000 
19 0.00000000 0.00000000 1.00000000 0.00000000 0.00000000 0.00000000 0.00000000 0.00000000 
21 0.00000000 0.00000000 0.00000000 0.00000000 0.00000000 0.00000000 0.00000000 1.00000000 
22 0.03797468 0.00000000 0.00000000 0.00000000 0.00000000 0.00000000 0.32594937 0.63607595 



zz_test [*] :=
 1  1
 2  1
 3  1
 4  1
 5  1
 6  1
 7  1
 8  1
 9  1
10  1
11  1
12  1
13  1
14  1
15  1
16  1
18  1
19  1
21  1
22  1
;

K_test [*] :=
1  0.111111
2  0.111111
3  0.111111
4  0.111111
5  0.111111
6  0.111111
7  0.111111
8  0.111111
9  0.111111
;

zz2_test [*,*]
:    1   2   3   4   5   6   7   8   9    :=
1    1   1   1   1   1   1   1   1   1
2    1   1   1   1   1   1   1   1   1
3    1   1   1   1   1   1   1   1   1
4    1   1   1   1   1   1   1   1   1
5    1   1   1   1   1   1   1   1   1
6    1   1   1   1   1   1   1   1   1
7    1   1   1   1   1   1   1   1   1
8    1   1   1   1   1   1   1   1   1
9    1   1   1   1   1   1   1   1   1
10   1   1   1   1   1   1   1   1   1
11   1   1   1   1   1   1   1   1   1
12   1   1   1   1   1   1   1   1   1
13   1   1   1   1   1   1   1   1   1
14   1   1   1   1   1   1   1   1   1
15   1   1   1   1   1   1   1   1   1
16   1   1   1   1   1   1   1   1   1
18   1   1   1   1   1   1   1   1   1
19   1   1   1   1   1   1   1   1   1
21   1   1   1   1   1   1   1   1   1
22   1   1   1   1   1   1   1   1   1
;

K2_test [*,*]
:     1       2       3       4       5       6       7       8       9      :=
1    .      0.125   0.125   0.125   0.125   0.125   0.125   0.125   0.125
2   0.125    .      0.125   0.125   0.125   0.125   0.125   0.125   0.125
3   0.125   0.125    .      0.125   0.125   0.125   0.125   0.125   0.125
4   0.125   0.125   0.125    .      0.125   0.125   0.125   0.125   0.125
5   0.125   0.125   0.125   0.125    .      0.125   0.125   0.125   0.125
6   0.125   0.125   0.125   0.125   0.125    .      0.125   0.125   0.125
7   0.125   0.125   0.125   0.125   0.125   0.125    .      0.125   0.125
8   0.125   0.125   0.125   0.125   0.125   0.125   0.125    .      0.125
9   0.125   0.125   0.125   0.125   0.125   0.125   0.125   0.125    .
;

zz2 [*,1,*]
:       2          3          4          5           6           7        :=
1    0          0.114611   0.885389   0          0           0
2    0          0          0          0          0           0
3    0          0          0          0          0           1
4    0          0          0          0          0           0
5    0          0          0          0          0           1
6    0          1          0          0          0           0
7    0          0          0          0          0           1
8    0          0          0          0          0           1
9    0          0          0          1          0           0
10   0          0          0          0          1           0
11   0          0          0          0.278846   0           0
12   0          0          0          0          0           0
13   0          0          0          0          0.337766    0
14   0          0          0          0          0           1
15   0          0.974638   0          0          0           0.0253623
16   0          0          0          0          0           0
18   0.685166   0          0          0          0.314834    0
19   0          1          0          0          0           0
21   0          0          0          0          0           0
22   0          0          0          0          0.0379747   0.325949

:       8          9        :=
1    0          0
2    0          1
3    0          0
4    1          0
5    0          0
6    0          0
7    0          0
8    0          0
9    0          0
10   0          0
11   0          0.721154
12   1          0
13   0          0.662234
14   0          0
15   0          0
16   0          1
18   0          0
19   0          0
21   1          0
22   0.636076   0

 [*,2,*]
:        1          3          4          5          6           7        :=
1    0           0.114611   0.885389   0          0          0
2    0           0          0          0          0          0
3    0           0          0          0          0          1
4    0.0666667   0          0          0          0          0
5    0           0          0          0          0          1
6    0           1          0          0          0          0
7    0           0          0          0          0          1
8    0           0          0          0          0          1
9    0           0          0          1          0          0
10   1           0          0          0          0          0
11   0           0          0          0.278846   0          0
12   0           0          0          0          0          0
13   0           0          0          0          0.337766   0
14   0           0          0          0          0          1
15   0           0.974638   0          0          0          0.0253623
16   0           0          0          0          0          0
18   0.446577    0          0          0          0.553423   0
19   0           1          0          0          0          0
21   0           0          0          0          0          0
22   0           0          0          0          0          0.325949

:       8          9        :=
1    0          0
2    0          1
3    0          0
4    0.933333   0
5    0          0
6    0          0
7    0          0
8    0          0
9    0          0
10   0          0
11   0          0.721154
12   1          0
13   0          0.662234
14   0          0
15   0          0
16   0          1
18   0          0
19   0          0
21   1          0
22   0.674051   0

 [*,3,*]
:       1          2          4          5           6         7         8   :=
1    0.283512   0          0.716488   0          0           0        0
2    0          0          0          0          0           0        0
3    1          0          0          0          0           0        0
4    0          0          0          0          0           0        1
5    0.1875     0          0          0          0           0.8125   0
6    0          0          1          0          0           0        0
7    0          0          0          0          0           1        0
8    1          0          0          0          0           0        0
9    0          0          0          1          0           0        0
10   0          0          0          0          1           0        0
11   0          0          0          0.278846   0           0        0
12   0          0          0          0          0           0        1
13   0          0          0          0          0.337766    0        0
14   0          0          0          0          0           1        0
15   0          0          0          0          0           1        0
16   0          0          0          0          0           0        0
18   0          0.685166   0          0          0.314834    0        0
19   1          0          0          0          0           0        0
21   0          0          0          0          0           0        1
22   0.325949   0          0          0          0.0379747   0        0.636076

:       9        :=
1    0
2    1
3    0
4    0
5    0
6    0
7    0
8    0
9    0
10   0
11   0.721154
12   0
13   0.662234
14   0
15   0
16   1
18   0
19   0
21   0
22   0

 [*,4,*]
:       1          2          3          5           6           7        :=
1    0.283512   0          0.716488   0          0           0
2    0          0          0          0          0           0
3    0          0          0          0          0           1
4    0          0          0          0          0           0
5    0          0          0          0          0           1
6    0          0          1          0          0           0
7    0          0          0          0          0           1
8    0          0          0          0          0           1
9    0          0          0          1          0           0
10   0          0          0          0          1           0
11   0          0          0          0.278846   0           0
12   0          0          0          0          0           0
13   0          0          0          0          0.337766    0
14   0          0          0          0          0           1
15   0.974638   0          0          0          0           0.0253623
16   0          0          0          0          0           0
18   0          0.685166   0          0          0.314834    0
19   1          0          0          0          0           0
21   0          0          0          0          0           0
22   0          0          0          0          0.0379747   0.325949

:       8          9        :=
1    0          0
2    0          1
3    0          0
4    1          0
5    0          0
6    0          0
7    0          0
8    0          0
9    0          0
10   0          0
11   0          0.721154
12   1          0
13   0          0.662234
14   0          0
15   0          0
16   0          1
18   0          0
19   0          0
21   1          0
22   0.636076   0

 [*,5,*]
:        1           2          3          4          6           7        :=
1    0            0          0.114611   0.885389   0          0
2    0            0          0          0          0          0
3    0            0          0          0          0          1
4    0            0          0          0          0          0
5    0            0          0          0          0          1
6    0            0          1          0          0          0
7    0            0          0          0          0          1
8    0            0          0          0          0          1
9    1            0          0          0          0          0
10   0            0          0          0          1          0
11   0            0          0          0          0          0
12   0            0          0          0          0          0
13   0            0          0          0          0.37633    0
14   0            0          0          0          0          1
15   0            0          0.974638   0          0          0.0253623
16   0            0          0          0          0          0
18   0.00881743   0.685166   0          0          0.306017   0
19   0            0          1          0          0          0
21   0            0          0          0          0          0
22   0.0379747    0          0          0          0          0.325949

:       8          9       :=
1    0          0
2    0          1
3    0          0
4    1          0
5    0          0
6    0          0
7    0          0
8    0          0
9    0          0
10   0          0
11   0          1
12   1          0
13   0          0.62367
14   0          0
15   0          0
16   0          1
18   0          0
19   0          0
21   1          0
22   0.636076   0

 [*,6,*]
:        1          2          3          4          5          7         :=
1    0.0080429   0          0.275469   0.716488   0         0
2    0.596667    0          0          0          0         0
3    0           0          0          0          0         1
4    0           0          0          0          0         0
5    0           0          0          0          0         1
6    0           0          0          1          0         0
7    0           0          0          0          0         1
8    0           0          0          0          0         1
9    0.0580495   0          0          0          0.94195   0
10   1           0          0          0          0         0
11   0           0          0          0          1         0
12   0           0          0          0          0         0
13   0           0          0          0          0         0
14   0           0          0          0          0         1
15   0           0          0.996377   0          0         0.00362319
16   0           0          0          0          0         0
18   0.314834    0.685166   0          0          0         0
19   0           0          1          0          0         0
21   0           0          0          0          0         0
22   0           0          0          0          0         0.363924

:       8          9        :=
1    0          0
2    0          0.403333
3    0          0
4    1          0
5    0          0
6    0          0
7    0          0
8    0          0
9    0          0
10   0          0
11   0          0
12   1          0
13   0          1
14   0          0
15   0          0
16   0          1
18   0          0
19   0          0
21   1          0
22   0.636076   0

 [*,7,*]
:        1           2          3          4          5           6        :=
1    0.00938338   0          0.274129   0.716488   0          0
2    0            0          0          0          0          0
3    1            0          0          0          0          0
4    0            0          0          0          0          0
5    1            0          0          0          0          0
6    0            0          0          1          0          0
7    1            0          0          0          0          0
8    1            0          0          0          0          0
9    0            0          0          0          1          0
10   0            0          0          0          0          1
11   0            0          0          0          0.278846   0
12   0            0          0          0          0          0
13   0            0          0          0          0          0.337766
14   1            0          0          0          0          0
15   0            0          1          0          0          0
16   0            0          0          0          0          0
18   0            0.685166   0          0          0          0.314834
19   0            0          1          0          0          0
21   0            0          0          0          0          0
22   0.325949     0          0          0          0          0.0379747

:       8          9        :=
1    0          0
2    0          1
3    0          0
4    1          0
5    0          0
6    0          0
7    0          0
8    0          0
9    0          0
10   0          0
11   0          0.721154
12   1          0
13   0          0.662234
14   0          0
15   0          0
16   0          1
18   0          0
19   0          0
21   1          0
22   0.636076   0

 [*,8,*]
:        1           2          3          4          5           6        :=
1    0.00938338   0          0.105228   0.885389   0          0
2    0            0          0          0          0          0
3    0            0          0          0          0          0
4    1            0          0          0          0          0
5    0            0          0          0          0          0
6    0            0          1          0          0          0
7    0            0          0          0          0          0
8    0            0          0          0          0          0
9    0            0          0          0          1          0
10   0            0          0          0          0          1
11   0            0          0          0          0.278846   0
12   1            0          0          0          0          0
13   0            0          0          0          0          0.337766
14   0            0          0          0          0          0
15   0            0          1          0          0          0
16   0            0          0          0          0          0
18   0            0.685166   0          0          0          0.314834
19   0            0          1          0          0          0
21   1            0          0          0          0          0
22   0.591772     0          0          0          0          0.0379747

:       7          9        :=
1    0          0
2    0          1
3    1          0
4    0          0
5    1          0
6    0          0
7    1          0
8    1          0
9    0          0
10   0          0
11   0          0.721154
12   0          0
13   0          0.662234
14   1          0
15   0          0
16   0          1
18   0          0
19   0          0
21   0          0
22   0.370253   0

 [*,9,*]
:        1          2          3          4          5          6        :=
1    0           0          0.283512   0.716488   0         0
2    1           0          0          0          0         0
3    0           0          0          0          0         0
4    0           0          0          0          0         0
5    0           0          0          0          0         0
6    0           0          0          1          0         0
7    0           0          0          0          0         0
8    0           0          0          0          0         0
9    0.0580495   0          0          0          0.94195   0
10   0           0          0          0          0         1
11   0           0          0          0          1         0
12   0           0          0          0          0         0
13   0           0          0          0          0         1
14   0           0          0          0          0         0
15   0           0          0.974638   0          0         0
16   1           0          0          0          0         0
18   0.252075    0.685166   0          0          0         0.0627593
19   0           0          1          0          0         0
21   0           0          0          0          0         0
22   0.0379747   0          0          0          0         0

:        7          8        :=
1    0           0
2    0           0
3    1           0
4    0           1
5    1           0
6    0           0
7    1           0
8    1           0
9    0           0
10   0           0
11   0           0
12   0           1
13   0           0
14   1           0
15   0.0253623   0
16   0           0
18   0           0
19   0           0
21   0           1
22   0.325949    0.636076
;

