K=4, W/V=2.6408365, B=1, time:1.499

ca [*] :=
1  4
;

fragment allocation x on node k:

1    2    3    4    
0 1 1 0 1 
1 1 0 0 1 
2 0 1 0 1 
3 0 1 0 1 
4 1 1 0 1 
5 0 1 0 1 
6 0 1 0 1 
7 0 0 0 0 
8 0 0 0 0 
9 1 1 0 1 
10 1 1 0 1 
11 0 0 0 0 
12 1 1 1 1 
13 1 1 1 1 
14 1 1 0 1 
15 0 0 0 0 
16 1 1 1 1 
17 1 1 1 1 
18 1 1 0 1 
19 1 1 1 1 
20 1 1 0 1 
21 0 1 0 1 
22 0 1 0 1 
23 1 1 1 1 
24 1 0 1 1 
25 1 0 0 1 
26 1 0 0 1 
27 1 1 0 1 
28 1 1 0 1 
29 1 0 0 1 
30 1 0 0 1 
31 1 1 0 1 
32 1 1 0 1 
33 1 1 0 0 
34 1 1 0 1 
35 0 0 0 0 
36 1 0 1 1 
37 1 1 1 1 
38 0 0 1 1 
39 1 0 1 0 
40 1 0 1 1 
41 0 0 1 1 
42 0 0 0 0 
43 1 0 0 1 
44 1 0 1 0 
45 1 0 1 1 
46 1 1 0 1 
47 1 0 1 1 
48 0 0 0 0 
49 1 1 1 1 
50 1 1 0 1 
51 1 1 0 1 
52 1 1 0 0 
53 1 1 0 1 
54 1 1 0 0 
55 1 1 1 1 
56 0 0 1 1 
57 0 0 1 1 
58 0 1 0 1 
59 0 1 1 1 

query feasibility y on node k:

1    2    3    4    
1 1 1 0 0 
2 0 1 0 1 
3 1 0 0 1 
4 0 0 1 1 
5 1 0 0 1 
6 1 1 0 0 
7 1 0 0 1 
8 1 0 0 1 
9 1 0 0 1 
10 1 0 0 1 
11 1 1 0 0 
12 0 0 1 1 
13 1 0 1 0 
14 1 1 0 0 
15 1 0 0 1 
16 0 1 0 1 
18 1 0 1 0 
19 0 1 0 1 
21 0 0 1 1 
22 1 1 0 1 

workload distribution ohne node failure:

1    2    3    4    
1 0.25000000 0.75000000 0.00000000 0.00000000 
2 0.00000000 1.00000000 0.00000000 0.00000000 
3 1.00000000 0.00000000 0.00000000 0.00000000 
4 0.00000000 0.00000000 1.00000000 0.00000000 
5 0.00000000 0.00000000 0.00000000 1.00000000 
6 1.00000000 0.00000000 0.00000000 0.00000000 
7 0.00000000 0.00000000 0.00000000 1.00000000 
8 1.00000000 0.00000000 0.00000000 0.00000000 
9 0.28611971 0.00000000 0.00000000 0.71388029 
10 1.00000000 0.00000000 0.00000000 0.00000000 
11 0.00000000 1.00000000 0.00000000 0.00000000 
12 0.00000000 0.00000000 0.00000000 1.00000000 
13 0.00000000 0.00000000 1.00000000 0.00000000 
14 0.00000000 1.00000000 0.00000000 0.00000000 
15 1.00000000 0.00000000 0.00000000 0.00000000 
16 0.00000000 1.00000000 0.00000000 0.00000000 
18 0.11307054 0.00000000 0.88692946 0.00000000 
19 0.00000000 0.28981481 0.00000000 0.71018519 
21 0.00000000 0.00000000 0.00000000 1.00000000 
22 0.10548523 0.89451477 0.00000000 0.00000000 

workload distribution if node 1 fails:

2    3    4    
1 1.00000000 0.00000000 0.00000000 
2 1.00000000 0.00000000 0.00000000 
3 0.00000000 0.00000000 1.00000000 
4 0.00000000 1.00000000 0.00000000 
5 0.00000000 0.00000000 1.00000000 
6 1.00000000 0.00000000 0.00000000 
7 0.00000000 0.00000000 1.00000000 
8 0.00000000 0.00000000 1.00000000 
9 0.00000000 0.00000000 1.00000000 
10 0.00000000 0.00000000 1.00000000 
11 1.00000000 0.00000000 0.00000000 
12 0.00000000 1.00000000 0.00000000 
13 0.00000000 1.00000000 0.00000000 
14 1.00000000 0.00000000 0.00000000 
15 0.00000000 0.00000000 1.00000000 
16 1.00000000 0.00000000 0.00000000 
18 0.00000000 1.00000000 0.00000000 
19 1.00000000 0.00000000 0.00000000 
21 0.00000000 0.50827423 0.49172577 
22 0.89451477 0.00000000 0.10548523 

workload distribution if node 2 fails:

1    3    4    
1 1.00000000 0.00000000 0.00000000 
2 0.00000000 0.00000000 1.00000000 
3 1.00000000 0.00000000 0.00000000 
4 0.00000000 1.00000000 0.00000000 
5 1.00000000 0.00000000 0.00000000 
6 1.00000000 0.00000000 0.00000000 
7 0.00000000 0.00000000 1.00000000 
8 1.00000000 0.00000000 0.00000000 
9 0.00000000 0.00000000 1.00000000 
10 1.00000000 0.00000000 0.00000000 
11 1.00000000 0.00000000 0.00000000 
12 0.00000000 1.00000000 0.00000000 
13 0.00000000 1.00000000 0.00000000 
14 1.00000000 0.00000000 0.00000000 
15 0.00000000 0.00000000 1.00000000 
16 0.00000000 0.00000000 1.00000000 
18 0.01175657 0.98824343 0.00000000 
19 0.00000000 0.00000000 1.00000000 
21 0.00000000 0.54846336 0.45153664 
22 1.00000000 0.00000000 0.00000000 

workload distribution if node 3 fails:

1    2    4    
1 0.00000000 1.00000000 0.00000000 
2 0.00000000 1.00000000 0.00000000 
3 0.00000000 0.00000000 1.00000000 
4 0.00000000 0.00000000 1.00000000 
5 0.00000000 0.00000000 1.00000000 
6 0.00000000 1.00000000 0.00000000 
7 0.00000000 0.00000000 1.00000000 
8 1.00000000 0.00000000 0.00000000 
9 0.58617131 0.00000000 0.41382869 
10 0.00000000 0.00000000 1.00000000 
11 0.00000000 1.00000000 0.00000000 
12 0.00000000 0.00000000 1.00000000 
13 1.00000000 0.00000000 0.00000000 
14 0.00000000 1.00000000 0.00000000 
15 0.00000000 0.00000000 1.00000000 
16 0.00000000 1.00000000 0.00000000 
18 1.00000000 0.00000000 0.00000000 
19 0.00000000 1.00000000 0.00000000 
21 0.00000000 0.00000000 1.00000000 
22 0.10548523 0.89451477 0.00000000 

workload distribution if node 4 fails:

1    2    3    
1 0.00000000 1.00000000 0.00000000 
2 0.00000000 1.00000000 0.00000000 
3 1.00000000 0.00000000 0.00000000 
4 0.00000000 0.00000000 1.00000000 
5 1.00000000 0.00000000 0.00000000 
6 0.00000000 1.00000000 0.00000000 
7 1.00000000 0.00000000 0.00000000 
8 1.00000000 0.00000000 0.00000000 
9 1.00000000 0.00000000 0.00000000 
10 1.00000000 0.00000000 0.00000000 
11 0.00000000 1.00000000 0.00000000 
12 0.00000000 0.00000000 1.00000000 
13 0.00000000 0.00000000 1.00000000 
14 0.00000000 1.00000000 0.00000000 
15 1.00000000 0.00000000 0.00000000 
16 0.00000000 1.00000000 0.00000000 
18 0.14384509 0.00000000 0.85615491 
19 0.00000000 1.00000000 0.00000000 
21 0.00000000 0.00000000 1.00000000 
22 0.10548523 0.89451477 0.00000000 



zz_test [*] :=
 1  1
 2  1
 3  1
 4  1
 5  1
 6  1
 7  1
 8  1
 9  1
10  1
11  1
12  1
13  1
14  1
15  1
16  1
18  1
19  1
21  1
22  1
;

K_test [*] :=
1  0.25
2  0.25
3  0.25
4  0.25
;

zz2_test [*,*]
:    1   2   3   4    :=
1    1   1   1   1
2    1   1   1   1
3    1   1   1   1
4    1   1   1   1
5    1   1   1   1
6    1   1   1   1
7    1   1   1   1
8    1   1   1   1
9    1   1   1   1
10   1   1   1   1
11   1   1   1   1
12   1   1   1   1
13   1   1   1   1
14   1   1   1   1
15   1   1   1   1
16   1   1   1   1
18   1   1   1   1
19   1   1   1   1
21   1   1   1   1
22   1   1   1   1
;

K2_test :=
1 2   0.333333
1 3   0.333333
1 4   0.333333
2 1   0.333333
2 3   0.333333
2 4   0.333333
3 1   0.333333
3 2   0.333333
3 4   0.333333
4 1   0.333333
4 2   0.333333
4 3   0.333333
;

zz2 [*,1,*]
:       2          3          4        :=
1    1          0          0
2    1          0          0
3    0          0          1
4    0          1          0
5    0          0          1
6    1          0          0
7    0          0          1
8    0          0          1
9    0          0          1
10   0          0          1
11   1          0          0
12   0          1          0
13   0          1          0
14   1          0          0
15   0          0          1
16   1          0          0
18   0          1          0
19   1          0          0
21   0          0.508274   0.491726
22   0.894515   0          0.105485

 [*,2,*]
:        1          3          4        :=
1    1           0          0
2    0           0          1
3    1           0          0
4    0           1          0
5    1           0          0
6    1           0          0
7    0           0          1
8    1           0          0
9    0           0          1
10   1           0          0
11   1           0          0
12   0           1          0
13   0           1          0
14   1           0          0
15   0           0          1
16   0           0          1
18   0.0117566   0.988243   0
19   0           0          1
21   0           0.548463   0.451537
22   1           0          0

 [*,3,*]
:       1          2          4        :=
1    0          1          0
2    0          1          0
3    0          0          1
4    0          0          1
5    0          0          1
6    0          1          0
7    0          0          1
8    1          0          0
9    0.586171   0          0.413829
10   0          0          1
11   0          1          0
12   0          0          1
13   1          0          0
14   0          1          0
15   0          0          1
16   0          1          0
18   1          0          0
19   0          1          0
21   0          0          1
22   0.105485   0.894515   0

 [*,4,*]
:       1          2          3        :=
1    0          1          0
2    0          1          0
3    1          0          0
4    0          0          1
5    1          0          0
6    0          1          0
7    1          0          0
8    1          0          0
9    1          0          0
10   1          0          0
11   0          1          0
12   0          0          1
13   0          0          1
14   0          1          0
15   1          0          0
16   0          1          0
18   0.143845   0          0.856155
19   0          1          0
21   0          0          1
22   0.105485   0.894515   0
;

