K=5, W/V=2.8933504, B=1, time:7.312

ca [*] :=
1  5
;

fragment allocation x on node k:

1    2    3    4    5    
0 1 1 0 0 1 
1 0 1 0 0 1 
2 0 1 0 0 1 
3 1 1 0 0 1 
4 1 1 0 0 1 
5 1 1 0 0 1 
6 1 1 0 0 0 
7 0 0 0 0 0 
8 0 0 0 0 0 
9 0 1 0 0 1 
10 0 1 0 0 1 
11 0 0 0 0 0 
12 0 1 1 0 1 
13 0 1 1 0 1 
14 0 1 0 0 1 
15 0 0 0 0 0 
16 0 1 1 0 1 
17 0 1 1 0 1 
18 0 1 1 0 1 
19 0 1 1 0 1 
20 0 1 1 0 1 
21 0 1 0 0 1 
22 0 1 0 0 1 
23 1 1 1 1 1 
24 0 0 1 1 1 
25 0 0 1 0 1 
26 0 1 1 0 1 
27 1 0 1 0 1 
28 1 0 1 0 1 
29 0 1 1 0 0 
30 0 0 1 0 1 
31 0 1 0 0 1 
32 0 1 0 0 1 
33 0 1 0 0 1 
34 0 1 0 0 1 
35 0 0 0 0 0 
36 0 1 1 1 1 
37 1 1 1 1 1 
38 0 1 1 0 0 
39 0 0 0 1 1 
40 0 1 1 1 1 
41 0 1 1 0 0 
42 0 0 0 0 0 
43 0 1 1 0 0 
44 0 0 1 1 0 
45 0 1 1 1 1 
46 1 1 0 0 1 
47 0 1 1 0 1 
48 0 0 0 0 0 
49 1 1 0 1 1 
50 1 1 1 0 1 
51 1 1 1 0 1 
52 1 1 0 0 0 
53 1 1 1 0 1 
54 1 1 0 0 0 
55 1 1 1 0 0 
56 0 1 1 0 0 
57 0 1 1 0 0 
58 1 1 0 0 0 
59 1 1 1 0 0 

query feasibility y on node k:

1    2    3    4    5    
1 1 1 0 0 0 
2 0 1 0 0 1 
3 0 1 1 0 0 
4 0 1 1 0 0 
5 0 1 0 0 1 
6 1 1 0 0 0 
7 0 1 1 0 0 
8 0 1 0 0 1 
9 0 1 0 0 1 
10 0 0 1 0 1 
11 0 1 0 0 1 
12 0 1 1 0 0 
13 0 0 1 1 0 
14 1 1 0 0 0 
15 0 1 1 0 0 
16 0 1 0 0 1 
18 0 0 0 1 1 
19 1 1 0 0 0 
21 0 1 1 0 0 
22 1 0 1 0 1 

workload distribution ohne node failure:

1    2    3    4    5    
1 0.64584450 0.35415550 0.00000000 0.00000000 0.00000000 
2 0.00000000 1.00000000 0.00000000 0.00000000 0.00000000 
3 0.00000000 0.00000000 1.00000000 0.00000000 0.00000000 
4 0.00000000 0.00000000 1.00000000 0.00000000 0.00000000 
5 0.00000000 0.00000000 0.00000000 0.00000000 1.00000000 
6 1.00000000 0.00000000 0.00000000 0.00000000 0.00000000 
7 0.00000000 1.00000000 0.00000000 0.00000000 0.00000000 
8 0.00000000 1.00000000 0.00000000 0.00000000 0.00000000 
9 0.00000000 0.01145511 0.00000000 0.00000000 0.98854489 
10 0.00000000 0.00000000 1.00000000 0.00000000 0.00000000 
11 0.00000000 1.00000000 0.00000000 0.00000000 0.00000000 
12 0.00000000 0.93191489 0.06808511 0.00000000 0.00000000 
13 0.00000000 0.00000000 0.00000000 1.00000000 0.00000000 
14 1.00000000 0.00000000 0.00000000 0.00000000 0.00000000 
15 0.00000000 0.00000000 1.00000000 0.00000000 0.00000000 
16 0.00000000 1.00000000 0.00000000 0.00000000 0.00000000 
18 0.00000000 0.00000000 0.00000000 0.70622407 0.29377593 
19 1.00000000 0.00000000 0.00000000 0.00000000 0.00000000 
21 0.00000000 0.00000000 1.00000000 0.00000000 0.00000000 
22 0.80379747 0.00000000 0.00000000 0.00000000 0.19620253 

workload distribution if node 1 fails:

2    3    4    5    
1 1.00000000 0.00000000 0.00000000 0.00000000 
2 0.00000000 0.00000000 0.00000000 1.00000000 
3 0.00000000 1.00000000 0.00000000 0.00000000 
4 0.00000000 1.00000000 0.00000000 0.00000000 
5 0.00000000 0.00000000 0.00000000 1.00000000 
6 1.00000000 0.00000000 0.00000000 0.00000000 
7 0.00000000 1.00000000 0.00000000 0.00000000 
8 0.00000000 0.00000000 0.00000000 1.00000000 
9 0.00000000 0.00000000 0.00000000 1.00000000 
10 0.00000000 0.55357143 0.00000000 0.44642857 
11 0.00000000 0.00000000 0.00000000 1.00000000 
12 0.00000000 1.00000000 0.00000000 0.00000000 
13 0.00000000 0.00000000 1.00000000 0.00000000 
14 1.00000000 0.00000000 0.00000000 0.00000000 
15 0.46014493 0.53985507 0.00000000 0.00000000 
16 0.00000000 0.00000000 0.00000000 1.00000000 
18 0.00000000 0.00000000 0.98029046 0.01970954 
19 1.00000000 0.00000000 0.00000000 0.00000000 
21 0.00000000 1.00000000 0.00000000 0.00000000 
22 0.00000000 1.00000000 0.00000000 0.00000000 

workload distribution if node 2 fails:

1    3    4    5    
1 1.00000000 0.00000000 0.00000000 0.00000000 
2 0.00000000 0.00000000 0.00000000 1.00000000 
3 0.00000000 1.00000000 0.00000000 0.00000000 
4 0.00000000 1.00000000 0.00000000 0.00000000 
5 0.00000000 0.00000000 0.00000000 1.00000000 
6 1.00000000 0.00000000 0.00000000 0.00000000 
7 0.00000000 1.00000000 0.00000000 0.00000000 
8 0.00000000 0.00000000 0.00000000 1.00000000 
9 0.00000000 0.00000000 0.00000000 1.00000000 
10 0.00000000 0.55357143 0.00000000 0.44642857 
11 0.00000000 0.00000000 0.00000000 1.00000000 
12 0.00000000 1.00000000 0.00000000 0.00000000 
13 0.00000000 0.00000000 1.00000000 0.00000000 
14 1.00000000 0.00000000 0.00000000 0.00000000 
15 0.00000000 1.00000000 0.00000000 0.00000000 
16 0.00000000 0.00000000 0.00000000 1.00000000 
18 0.00000000 0.00000000 0.98029046 0.01970954 
19 1.00000000 0.00000000 0.00000000 0.00000000 
21 0.00000000 1.00000000 0.00000000 0.00000000 
22 0.80379747 0.19620253 0.00000000 0.00000000 

workload distribution if node 3 fails:

1    2    4    5    
1 1.00000000 0.00000000 0.00000000 0.00000000 
2 0.00000000 0.00000000 0.00000000 1.00000000 
3 0.00000000 1.00000000 0.00000000 0.00000000 
4 0.00000000 1.00000000 0.00000000 0.00000000 
5 0.00000000 0.00000000 0.00000000 1.00000000 
6 1.00000000 0.00000000 0.00000000 0.00000000 
7 0.00000000 1.00000000 0.00000000 0.00000000 
8 0.00000000 0.00000000 0.00000000 1.00000000 
9 0.00000000 0.00000000 0.00000000 1.00000000 
10 0.00000000 0.00000000 0.00000000 1.00000000 
11 0.00000000 0.00000000 0.00000000 1.00000000 
12 0.00000000 1.00000000 0.00000000 0.00000000 
13 0.00000000 0.00000000 1.00000000 0.00000000 
14 1.00000000 0.00000000 0.00000000 0.00000000 
15 0.00000000 1.00000000 0.00000000 0.00000000 
16 0.00000000 0.69196429 0.00000000 0.30803571 
18 0.00000000 0.00000000 0.98029046 0.01970954 
19 1.00000000 0.00000000 0.00000000 0.00000000 
21 0.00000000 1.00000000 0.00000000 0.00000000 
22 0.80379747 0.00000000 0.00000000 0.19620253 

workload distribution if node 4 fails:

1    2    3    5    
1 1.00000000 0.00000000 0.00000000 0.00000000 
2 0.00000000 0.00000000 0.00000000 1.00000000 
3 0.00000000 0.00000000 1.00000000 0.00000000 
4 0.00000000 0.00000000 1.00000000 0.00000000 
5 0.00000000 0.00000000 0.00000000 1.00000000 
6 1.00000000 0.00000000 0.00000000 0.00000000 
7 0.00000000 0.00000000 1.00000000 0.00000000 
8 0.00000000 0.00000000 0.00000000 1.00000000 
9 0.00000000 0.96130031 0.00000000 0.03869969 
10 0.00000000 0.00000000 1.00000000 0.00000000 
11 0.00000000 0.00000000 0.00000000 1.00000000 
12 0.00000000 0.00000000 1.00000000 0.00000000 
13 0.00000000 0.00000000 1.00000000 0.00000000 
14 1.00000000 0.00000000 0.00000000 0.00000000 
15 0.00000000 0.70289855 0.29710145 0.00000000 
16 0.00000000 1.00000000 0.00000000 0.00000000 
18 0.00000000 0.00000000 0.00000000 1.00000000 
19 1.00000000 0.00000000 0.00000000 0.00000000 
21 0.00000000 1.00000000 0.00000000 0.00000000 
22 0.80379747 0.00000000 0.19620253 0.00000000 

workload distribution if node 5 fails:

1    2    3    4    
1 1.00000000 0.00000000 0.00000000 0.00000000 
2 0.00000000 1.00000000 0.00000000 0.00000000 
3 0.00000000 0.00000000 1.00000000 0.00000000 
4 0.00000000 0.00000000 1.00000000 0.00000000 
5 0.00000000 1.00000000 0.00000000 0.00000000 
6 1.00000000 0.00000000 0.00000000 0.00000000 
7 0.00000000 0.00000000 1.00000000 0.00000000 
8 0.00000000 1.00000000 0.00000000 0.00000000 
9 0.00000000 1.00000000 0.00000000 0.00000000 
10 0.00000000 0.00000000 1.00000000 0.00000000 
11 0.00000000 1.00000000 0.00000000 0.00000000 
12 0.00000000 0.00000000 1.00000000 0.00000000 
13 0.00000000 0.00000000 0.05053191 0.94946809 
14 1.00000000 0.00000000 0.00000000 0.00000000 
15 0.00000000 0.43115942 0.56884058 0.00000000 
16 0.00000000 1.00000000 0.00000000 0.00000000 
18 0.00000000 0.00000000 0.00000000 1.00000000 
19 1.00000000 0.00000000 0.00000000 0.00000000 
21 0.00000000 0.00000000 1.00000000 0.00000000 
22 0.80379747 0.00000000 0.19620253 0.00000000 



zz_test [*] :=
 1  1
 2  1
 3  1
 4  1
 5  1
 6  1
 7  1
 8  1
 9  1
10  1
11  1
12  1
13  1
14  1
15  1
16  1
18  1
19  1
21  1
22  1
;

K_test [*] :=
1  0.2
2  0.2
3  0.2
4  0.2
5  0.2
;

zz2_test [*,*]
:    1   2   3   4   5    :=
1    1   1   1   1   1
2    1   1   1   1   1
3    1   1   1   1   1
4    1   1   1   1   1
5    1   1   1   1   1
6    1   1   1   1   1
7    1   1   1   1   1
8    1   1   1   1   1
9    1   1   1   1   1
10   1   1   1   1   1
11   1   1   1   1   1
12   1   1   1   1   1
13   1   1   1   1   1
14   1   1   1   1   1
15   1   1   1   1   1
16   1   1   1   1   1
18   1   1   1   1   1
19   1   1   1   1   1
21   1   1   1   1   1
22   1   1   1   1   1
;

K2_test :=
1 2   0.25
1 3   0.25
1 4   0.25
1 5   0.25
2 1   0.25
2 3   0.25
2 4   0.25
2 5   0.25
3 1   0.25
3 2   0.25
3 4   0.25
3 5   0.25
4 1   0.25
4 2   0.25
4 3   0.25
4 5   0.25
5 1   0.25
5 2   0.25
5 3   0.25
5 4   0.25
;

zz2 [*,1,*]
:       2          3          4          5        :=
1    1          0          0         0
2    0          0          0         1
3    0          1          0         0
4    0          1          0         0
5    0          0          0         1
6    1          0          0         0
7    0          1          0         0
8    0          0          0         1
9    0          0          0         1
10   0          0.553571   0         0.446429
11   0          0          0         1
12   0          1          0         0
13   0          0          1         0
14   1          0          0         0
15   0.460145   0.539855   0         0
16   0          0          0         1
18   0          0          0.98029   0.0197095
19   1          0          0         0
21   0          1          0         0
22   0          1          0         0

 [*,2,*]
:       1          3          4          5        :=
1    1          0          0         0
2    0          0          0         1
3    0          1          0         0
4    0          1          0         0
5    0          0          0         1
6    1          0          0         0
7    0          1          0         0
8    0          0          0         1
9    0          0          0         1
10   0          0.553571   0         0.446429
11   0          0          0         1
12   0          1          0         0
13   0          0          1         0
14   1          0          0         0
15   0          1          0         0
16   0          0          0         1
18   0          0          0.98029   0.0197095
19   1          0          0         0
21   0          1          0         0
22   0.803797   0.196203   0         0

 [*,3,*]
:       1          2          4          5        :=
1    1          0          0         0
2    0          0          0         1
3    0          1          0         0
4    0          1          0         0
5    0          0          0         1
6    1          0          0         0
7    0          1          0         0
8    0          0          0         1
9    0          0          0         1
10   0          0          0         1
11   0          0          0         1
12   0          1          0         0
13   0          0          1         0
14   1          0          0         0
15   0          1          0         0
16   0          0.691964   0         0.308036
18   0          0          0.98029   0.0197095
19   1          0          0         0
21   0          1          0         0
22   0.803797   0          0         0.196203

 [*,4,*]
:       1          2          3           5        :=
1    1          0          0          0
2    0          0          0          1
3    0          0          1          0
4    0          0          1          0
5    0          0          0          1
6    1          0          0          0
7    0          0          1          0
8    0          0          0          1
9    0          0.9613     0          0.0386997
10   0          0          1          0
11   0          0          0          1
12   0          0          1          0
13   0          0          1          0
14   1          0          0          0
15   0          0.702899   0.297101   0
16   0          1          0          0
18   0          0          0          1
19   1          0          0          0
21   0          1          0          0
22   0.803797   0          0.196203   0

 [*,5,*]
:       1          2           3          4        :=
1    1          0          0           0
2    0          1          0           0
3    0          0          1           0
4    0          0          1           0
5    0          1          0           0
6    1          0          0           0
7    0          0          1           0
8    0          1          0           0
9    0          1          0           0
10   0          0          1           0
11   0          1          0           0
12   0          0          1           0
13   0          0          0.0505319   0.949468
14   1          0          0           0
15   0          0.431159   0.568841    0
16   0          1          0           0
18   0          0          0           1
19   1          0          0           0
21   0          0          1           0
22   0.803797   0          0.196203    0
;

