K=8, W/V=3.4940748, B=1, time:32.688

ca [*] :=
1  8
;

fragment allocation x on node k:

1    2    3    4    5    6    7    8    
0 1 0 0 1 0 0 1 1 
1 1 0 0 1 0 0 0 0 
2 0 0 0 1 0 0 0 1 
3 0 0 0 1 0 0 1 1 
4 1 0 0 1 0 0 1 1 
5 0 0 0 1 0 0 1 1 
6 0 0 0 1 0 0 1 0 
7 0 0 0 0 0 0 0 0 
8 0 0 0 0 0 0 0 0 
9 1 0 0 1 0 1 0 1 
10 1 0 0 1 0 1 0 1 
11 0 0 0 0 0 0 0 0 
12 1 0 0 1 1 1 0 1 
13 1 0 0 1 1 1 0 1 
14 1 0 0 1 0 1 0 1 
15 0 0 0 0 0 0 0 0 
16 1 0 0 1 1 1 1 1 
17 0 0 0 1 1 0 1 1 
18 0 0 0 1 0 0 1 1 
19 1 0 0 1 1 1 0 1 
20 0 0 0 1 0 0 1 1 
21 0 0 0 1 0 0 0 1 
22 0 0 0 1 0 0 0 1 
23 1 0 1 1 1 1 1 1 
24 1 0 1 1 1 1 0 0 
25 0 0 0 1 0 1 0 0 
26 1 0 0 1 0 1 0 0 
27 0 0 0 1 0 1 1 0 
28 0 0 0 1 0 1 1 0 
29 0 0 0 1 0 1 0 0 
30 0 0 0 1 0 1 0 0 
31 1 0 0 1 0 0 0 1 
32 1 0 0 1 0 0 0 1 
33 1 0 0 0 0 0 0 1 
34 1 0 0 1 0 0 0 1 
35 0 0 0 0 0 0 0 0 
36 1 0 1 1 1 1 0 1 
37 1 0 1 1 1 1 1 1 
38 0 0 0 1 1 0 0 0 
39 1 0 1 0 1 0 0 0 
40 1 0 1 1 1 1 0 0 
41 0 0 0 1 1 0 0 0 
42 0 0 0 0 0 0 0 0 
43 0 0 0 1 0 1 0 0 
44 1 0 0 0 0 0 0 1 
45 1 0 1 1 1 1 0 0 
46 1 0 0 1 0 0 1 0 
47 1 0 0 1 1 1 1 0 
48 0 0 0 0 0 0 0 0 
49 1 1 1 1 1 0 1 0 
50 1 1 0 1 0 1 1 0 
51 1 1 0 1 0 1 1 0 
52 0 1 0 1 0 0 0 0 
53 0 1 0 1 0 1 0 0 
54 0 1 0 1 0 0 0 0 
55 0 1 0 1 1 1 1 0 
56 0 0 0 1 1 0 0 0 
57 0 0 0 1 1 0 0 0 
58 0 0 0 1 0 0 1 0 
59 0 0 0 1 1 0 1 0 

query feasibility y on node k:

1    2    3    4    5    6    7    8    
1 0 1 0 1 0 0 0 0 
2 0 0 0 1 0 0 0 1 
3 0 0 0 1 0 1 0 0 
4 0 0 0 1 1 0 0 0 
5 1 0 0 1 0 1 0 0 
6 0 1 0 1 0 0 1 0 
7 0 0 0 1 0 1 0 0 
8 1 0 0 1 0 0 0 0 
9 1 0 0 1 0 0 0 0 
10 0 0 0 1 0 1 0 0 
11 1 0 0 0 0 0 0 1 
12 0 0 0 1 1 0 0 0 
13 1 0 0 0 0 0 0 1 
14 0 0 0 1 0 0 1 0 
15 0 0 0 1 0 0 1 0 
16 0 0 0 1 0 0 0 1 
18 1 0 1 0 1 0 0 0 
19 0 0 0 1 0 0 1 0 
21 0 0 0 1 1 0 0 0 
22 0 0 0 1 0 1 1 0 

workload distribution ohne node failure:

1    2    3    4    5    6    7    8    
1 0.00000000 0.88538874 0.00000000 0.11461126 0.00000000 0.00000000 0.00000000 0.00000000 
2 0.00000000 0.00000000 0.00000000 0.00000000 0.00000000 0.00000000 0.00000000 1.00000000 
3 0.00000000 0.00000000 0.00000000 0.00000000 0.00000000 1.00000000 0.00000000 0.00000000 
4 0.00000000 0.00000000 0.00000000 0.00000000 1.00000000 0.00000000 0.00000000 0.00000000 
5 0.00000000 0.00000000 0.00000000 0.20604396 0.00000000 0.79395604 0.00000000 0.00000000 
6 0.00000000 0.00000000 0.00000000 0.00000000 0.00000000 0.00000000 1.00000000 0.00000000 
7 0.00000000 0.00000000 0.00000000 0.84855335 0.00000000 0.15144665 0.00000000 0.00000000 
8 1.00000000 0.00000000 0.00000000 0.00000000 0.00000000 0.00000000 0.00000000 0.00000000 
9 0.73993808 0.00000000 0.00000000 0.26006192 0.00000000 0.00000000 0.00000000 0.00000000 
10 0.00000000 0.00000000 0.00000000 0.00000000 0.00000000 1.00000000 0.00000000 0.00000000 
11 1.00000000 0.00000000 0.00000000 0.00000000 0.00000000 0.00000000 0.00000000 0.00000000 
12 0.00000000 0.00000000 0.00000000 1.00000000 0.00000000 0.00000000 0.00000000 0.00000000 
13 0.23803191 0.00000000 0.00000000 0.00000000 0.00000000 0.00000000 0.00000000 0.76196809 
14 0.00000000 0.00000000 0.00000000 0.00000000 0.00000000 0.00000000 1.00000000 0.00000000 
15 0.00000000 0.00000000 0.00000000 0.23007246 0.00000000 0.00000000 0.76992754 0.00000000 
16 0.00000000 0.00000000 0.00000000 0.00000000 0.00000000 0.00000000 0.00000000 1.00000000 
18 0.01556017 0.00000000 0.68516598 0.00000000 0.29927386 0.00000000 0.00000000 0.00000000 
19 0.00000000 0.00000000 0.00000000 0.00000000 0.00000000 0.00000000 1.00000000 0.00000000 
21 0.00000000 0.00000000 0.00000000 0.00000000 1.00000000 0.00000000 0.00000000 0.00000000 
22 0.00000000 0.00000000 0.00000000 0.00000000 0.00000000 1.00000000 0.00000000 0.00000000 

workload distribution if node 1 fails:

2    3    4    5    6    7    8    
1 1.00000000 0.00000000 0.00000000 0.00000000 0.00000000 0.00000000 0.00000000 
2 0.00000000 0.00000000 0.31428571 0.00000000 0.00000000 0.00000000 0.68571429 
3 0.00000000 0.00000000 0.00000000 0.00000000 1.00000000 0.00000000 0.00000000 
4 0.00000000 0.00000000 0.00000000 1.00000000 0.00000000 0.00000000 0.00000000 
5 0.00000000 0.00000000 0.20604396 0.00000000 0.79395604 0.00000000 0.00000000 
6 0.07029478 0.00000000 0.00000000 0.00000000 0.00000000 0.92970522 0.00000000 
7 0.00000000 0.00000000 0.00000000 0.00000000 1.00000000 0.00000000 0.00000000 
8 0.00000000 0.00000000 1.00000000 0.00000000 0.00000000 0.00000000 0.00000000 
9 0.00000000 0.00000000 1.00000000 0.00000000 0.00000000 0.00000000 0.00000000 
10 0.00000000 0.00000000 0.00000000 0.00000000 1.00000000 0.00000000 0.00000000 
11 0.00000000 0.00000000 0.00000000 0.00000000 0.00000000 0.00000000 1.00000000 
12 0.00000000 0.00000000 0.07598784 0.92401216 0.00000000 0.00000000 0.00000000 
13 0.00000000 0.00000000 0.00000000 0.00000000 0.00000000 0.00000000 1.00000000 
14 0.00000000 0.00000000 0.00000000 0.00000000 0.00000000 1.00000000 0.00000000 
15 0.00000000 0.00000000 0.00000000 0.00000000 0.00000000 1.00000000 0.00000000 
16 0.00000000 0.00000000 0.00000000 0.00000000 0.00000000 0.00000000 1.00000000 
18 0.00000000 0.78304683 0.00000000 0.21695317 0.00000000 0.00000000 0.00000000 
19 0.00000000 0.00000000 0.00000000 0.00000000 0.00000000 1.00000000 0.00000000 
21 0.00000000 0.00000000 0.00000000 1.00000000 0.00000000 0.00000000 0.00000000 
22 0.00000000 0.00000000 0.00000000 0.00000000 0.74864376 0.25135624 0.00000000 

workload distribution if node 2 fails:

1    3    4    5    6    7    8    
1 0.00000000 0.00000000 1.00000000 0.00000000 0.00000000 0.00000000 0.00000000 
2 0.00000000 0.00000000 0.00000000 0.00000000 0.00000000 0.00000000 1.00000000 
3 0.00000000 0.00000000 0.00000000 0.00000000 1.00000000 0.00000000 0.00000000 
4 0.00000000 0.00000000 0.00000000 1.00000000 0.00000000 0.00000000 0.00000000 
5 0.20604396 0.00000000 0.00000000 0.00000000 0.79395604 0.00000000 0.00000000 
6 0.00000000 0.00000000 0.00000000 0.00000000 0.00000000 1.00000000 0.00000000 
7 0.00000000 0.00000000 0.00000000 0.00000000 1.00000000 0.00000000 0.00000000 
8 1.00000000 0.00000000 0.00000000 0.00000000 0.00000000 0.00000000 0.00000000 
9 1.00000000 0.00000000 0.00000000 0.00000000 0.00000000 0.00000000 0.00000000 
10 0.00000000 0.00000000 0.00000000 0.00000000 1.00000000 0.00000000 0.00000000 
11 0.00000000 0.00000000 0.00000000 0.00000000 0.00000000 0.00000000 1.00000000 
12 0.00000000 0.00000000 0.00000000 1.00000000 0.00000000 0.00000000 0.00000000 
13 0.12537994 0.00000000 0.00000000 0.00000000 0.00000000 0.00000000 0.87462006 
14 0.00000000 0.00000000 0.06237425 0.00000000 0.00000000 0.93762575 0.00000000 
15 0.00000000 0.00000000 0.00000000 0.00000000 0.00000000 1.00000000 0.00000000 
16 0.00000000 0.00000000 0.00000000 0.00000000 0.00000000 0.00000000 1.00000000 
18 0.01481921 0.78304683 0.00000000 0.20213397 0.00000000 0.00000000 0.00000000 
19 0.00000000 0.00000000 0.00000000 0.00000000 0.00000000 1.00000000 0.00000000 
21 0.00000000 0.00000000 0.00000000 1.00000000 0.00000000 0.00000000 0.00000000 
22 0.00000000 0.00000000 0.00000000 0.00000000 0.74864376 0.25135624 0.00000000 

workload distribution if node 3 fails:

1    2    4    5    6    7    8    
1 0.00000000 1.00000000 0.00000000 0.00000000 0.00000000 0.00000000 0.00000000 
2 0.00000000 0.00000000 0.00000000 0.00000000 0.00000000 0.00000000 1.00000000 
3 0.00000000 0.00000000 0.00000000 0.00000000 1.00000000 0.00000000 0.00000000 
4 0.00000000 0.00000000 1.00000000 0.00000000 0.00000000 0.00000000 0.00000000 
5 0.00000000 0.00000000 0.20604396 0.00000000 0.79395604 0.00000000 0.00000000 
6 0.00000000 0.07029478 0.00000000 0.00000000 0.00000000 0.92970522 0.00000000 
7 0.00000000 0.00000000 0.00000000 0.00000000 1.00000000 0.00000000 0.00000000 
8 0.00000000 0.00000000 1.00000000 0.00000000 0.00000000 0.00000000 0.00000000 
9 0.33524989 0.00000000 0.66475011 0.00000000 0.00000000 0.00000000 0.00000000 
10 0.00000000 0.00000000 0.00000000 0.00000000 1.00000000 0.00000000 0.00000000 
11 0.00000000 0.00000000 0.00000000 0.00000000 0.00000000 0.00000000 1.00000000 
12 0.00000000 0.00000000 1.00000000 0.00000000 0.00000000 0.00000000 0.00000000 
13 0.12537994 0.00000000 0.00000000 0.00000000 0.00000000 0.00000000 0.87462006 
14 0.00000000 0.00000000 0.00000000 0.00000000 0.00000000 1.00000000 0.00000000 
15 0.00000000 0.00000000 0.00000000 0.00000000 0.00000000 1.00000000 0.00000000 
16 0.00000000 0.00000000 0.00000000 0.00000000 0.00000000 0.00000000 1.00000000 
18 0.50948429 0.00000000 0.00000000 0.49051571 0.00000000 0.00000000 0.00000000 
19 0.00000000 0.00000000 0.00000000 0.00000000 0.00000000 1.00000000 0.00000000 
21 0.00000000 0.00000000 0.00000000 1.00000000 0.00000000 0.00000000 0.00000000 
22 0.00000000 0.00000000 0.00000000 0.00000000 0.74864376 0.25135624 0.00000000 

workload distribution if node 4 fails:

1    2    3    5    6    7    8    
1 0.00000000 1.00000000 0.00000000 0.00000000 0.00000000 0.00000000 0.00000000 
2 0.00000000 0.00000000 0.00000000 0.00000000 0.00000000 0.00000000 1.00000000 
3 0.00000000 0.00000000 0.00000000 0.00000000 1.00000000 0.00000000 0.00000000 
4 0.00000000 0.00000000 0.00000000 1.00000000 0.00000000 0.00000000 0.00000000 
5 0.20604396 0.00000000 0.00000000 0.00000000 0.79395604 0.00000000 0.00000000 
6 0.00000000 0.07029478 0.00000000 0.00000000 0.00000000 0.92970522 0.00000000 
7 0.00000000 0.00000000 0.00000000 0.00000000 1.00000000 0.00000000 0.00000000 
8 1.00000000 0.00000000 0.00000000 0.00000000 0.00000000 0.00000000 0.00000000 
9 1.00000000 0.00000000 0.00000000 0.00000000 0.00000000 0.00000000 0.00000000 
10 0.00000000 0.00000000 0.00000000 0.00000000 1.00000000 0.00000000 0.00000000 
11 0.00000000 0.00000000 0.00000000 0.00000000 0.00000000 0.00000000 1.00000000 
12 0.00000000 0.00000000 0.00000000 1.00000000 0.00000000 0.00000000 0.00000000 
13 0.12537994 0.00000000 0.00000000 0.00000000 0.00000000 0.00000000 0.87462006 
14 0.00000000 0.00000000 0.00000000 0.00000000 0.00000000 1.00000000 0.00000000 
15 0.00000000 0.00000000 0.00000000 0.00000000 0.00000000 1.00000000 0.00000000 
16 0.00000000 0.00000000 0.00000000 0.00000000 0.00000000 0.00000000 1.00000000 
18 0.01481921 0.00000000 0.78304683 0.20213397 0.00000000 0.00000000 0.00000000 
19 0.00000000 0.00000000 0.00000000 0.00000000 0.00000000 1.00000000 0.00000000 
21 0.00000000 0.00000000 0.00000000 1.00000000 0.00000000 0.00000000 0.00000000 
22 0.00000000 0.00000000 0.00000000 0.00000000 0.74864376 0.25135624 0.00000000 

workload distribution if node 5 fails:

1    2    3    4    6    7    8    
1 0.00000000 1.00000000 0.00000000 0.00000000 0.00000000 0.00000000 0.00000000 
2 0.00000000 0.00000000 0.00000000 0.00000000 0.00000000 0.00000000 1.00000000 
3 0.00000000 0.00000000 0.00000000 0.00000000 1.00000000 0.00000000 0.00000000 
4 0.00000000 0.00000000 0.00000000 1.00000000 0.00000000 0.00000000 0.00000000 
5 0.00000000 0.00000000 0.00000000 0.20604396 0.79395604 0.00000000 0.00000000 
6 0.00000000 0.07029478 0.00000000 0.00000000 0.00000000 0.92970522 0.00000000 
7 0.00000000 0.00000000 0.00000000 0.00000000 1.00000000 0.00000000 0.00000000 
8 0.00000000 0.00000000 0.00000000 1.00000000 0.00000000 0.00000000 0.00000000 
9 0.77178240 0.00000000 0.00000000 0.22821760 0.00000000 0.00000000 0.00000000 
10 0.00000000 0.00000000 0.00000000 0.00000000 1.00000000 0.00000000 0.00000000 
11 0.00000000 0.00000000 0.00000000 0.00000000 0.00000000 0.00000000 1.00000000 
12 0.00000000 0.00000000 0.00000000 1.00000000 0.00000000 0.00000000 0.00000000 
13 0.12537994 0.00000000 0.00000000 0.00000000 0.00000000 0.00000000 0.87462006 
14 0.00000000 0.00000000 0.00000000 0.00000000 0.00000000 1.00000000 0.00000000 
15 0.00000000 0.00000000 0.00000000 0.00000000 0.00000000 1.00000000 0.00000000 
16 0.00000000 0.00000000 0.00000000 0.00000000 0.00000000 0.00000000 1.00000000 
18 0.21695317 0.00000000 0.78304683 0.00000000 0.00000000 0.00000000 0.00000000 
19 0.00000000 0.00000000 0.00000000 0.00000000 0.00000000 1.00000000 0.00000000 
21 0.00000000 0.00000000 0.00000000 1.00000000 0.00000000 0.00000000 0.00000000 
22 0.00000000 0.00000000 0.00000000 0.00000000 0.74864376 0.25135624 0.00000000 

workload distribution if node 6 fails:

1    2    3    4    5    7    8    
1 0.00000000 1.00000000 0.00000000 0.00000000 0.00000000 0.00000000 0.00000000 
2 0.00000000 0.00000000 0.00000000 0.00000000 0.00000000 0.00000000 1.00000000 
3 0.00000000 0.00000000 0.00000000 1.00000000 0.00000000 0.00000000 0.00000000 
4 0.00000000 0.00000000 0.00000000 0.00000000 1.00000000 0.00000000 0.00000000 
5 0.20604396 0.00000000 0.00000000 0.79395604 0.00000000 0.00000000 0.00000000 
6 0.00000000 0.07029478 0.00000000 0.00000000 0.00000000 0.92970522 0.00000000 
7 0.00000000 0.00000000 0.00000000 1.00000000 0.00000000 0.00000000 0.00000000 
8 1.00000000 0.00000000 0.00000000 0.00000000 0.00000000 0.00000000 0.00000000 
9 1.00000000 0.00000000 0.00000000 0.00000000 0.00000000 0.00000000 0.00000000 
10 0.00000000 0.00000000 0.00000000 1.00000000 0.00000000 0.00000000 0.00000000 
11 0.00000000 0.00000000 0.00000000 0.00000000 0.00000000 0.00000000 1.00000000 
12 0.00000000 0.00000000 0.00000000 0.00000000 1.00000000 0.00000000 0.00000000 
13 0.12537994 0.00000000 0.00000000 0.00000000 0.00000000 0.00000000 0.87462006 
14 0.00000000 0.00000000 0.00000000 0.00000000 0.00000000 1.00000000 0.00000000 
15 0.00000000 0.00000000 0.00000000 0.00000000 0.00000000 1.00000000 0.00000000 
16 0.00000000 0.00000000 0.00000000 0.00000000 0.00000000 0.00000000 1.00000000 
18 0.01481921 0.00000000 0.78304683 0.00000000 0.20213397 0.00000000 0.00000000 
19 0.00000000 0.00000000 0.00000000 0.00000000 0.00000000 1.00000000 0.00000000 
21 0.00000000 0.00000000 0.00000000 0.00000000 1.00000000 0.00000000 0.00000000 
22 0.00000000 0.00000000 0.00000000 0.74864376 0.00000000 0.25135624 0.00000000 

workload distribution if node 7 fails:

1    2    3    4    5    6    8    
1 0.00000000 0.84297204 0.00000000 0.15702796 0.00000000 0.00000000 0.00000000 
2 0.00000000 0.00000000 0.00000000 0.00000000 0.00000000 0.00000000 1.00000000 
3 0.00000000 0.00000000 0.00000000 0.00000000 0.00000000 1.00000000 0.00000000 
4 0.00000000 0.00000000 0.00000000 0.00000000 1.00000000 0.00000000 0.00000000 
5 0.58791209 0.00000000 0.00000000 0.00000000 0.00000000 0.41208791 0.00000000 
6 0.00000000 1.00000000 0.00000000 0.00000000 0.00000000 0.00000000 0.00000000 
7 0.00000000 0.00000000 0.00000000 0.00000000 0.00000000 1.00000000 0.00000000 
8 1.00000000 0.00000000 0.00000000 0.00000000 0.00000000 0.00000000 0.00000000 
9 1.00000000 0.00000000 0.00000000 0.00000000 0.00000000 0.00000000 0.00000000 
10 0.00000000 0.00000000 0.00000000 0.00000000 0.00000000 1.00000000 0.00000000 
11 0.14285714 0.00000000 0.00000000 0.00000000 0.00000000 0.00000000 0.85714286 
12 0.00000000 0.00000000 0.00000000 0.00000000 1.00000000 0.00000000 0.00000000 
13 0.00000000 0.00000000 0.00000000 0.00000000 0.00000000 0.00000000 1.00000000 
14 0.00000000 0.00000000 0.00000000 1.00000000 0.00000000 0.00000000 0.00000000 
15 0.00000000 0.00000000 0.00000000 1.00000000 0.00000000 0.00000000 0.00000000 
16 0.00000000 0.00000000 0.00000000 0.17729592 0.00000000 0.00000000 0.82270408 
18 0.01481921 0.00000000 0.78304683 0.00000000 0.20213397 0.00000000 0.00000000 
19 0.00000000 0.00000000 0.00000000 1.00000000 0.00000000 0.00000000 0.00000000 
21 0.00000000 0.00000000 0.00000000 0.00000000 1.00000000 0.00000000 0.00000000 
22 0.00000000 0.00000000 0.00000000 0.00000000 0.00000000 1.00000000 0.00000000 

workload distribution if node 8 fails:

1    2    3    4    5    6    7    
1 0.00000000 1.00000000 0.00000000 0.00000000 0.00000000 0.00000000 0.00000000 
2 0.00000000 0.00000000 0.00000000 1.00000000 0.00000000 0.00000000 0.00000000 
3 0.00000000 0.00000000 0.00000000 0.00000000 0.00000000 1.00000000 0.00000000 
4 0.00000000 0.00000000 0.00000000 0.00000000 1.00000000 0.00000000 0.00000000 
5 0.20604396 0.00000000 0.00000000 0.00000000 0.00000000 0.79395604 0.00000000 
6 0.00000000 0.07029478 0.00000000 0.00000000 0.00000000 0.00000000 0.92970522 
7 0.00000000 0.00000000 0.00000000 0.00000000 0.00000000 1.00000000 0.00000000 
8 0.00000000 0.00000000 0.00000000 1.00000000 0.00000000 0.00000000 0.00000000 
9 0.45068554 0.00000000 0.00000000 0.54931446 0.00000000 0.00000000 0.00000000 
10 0.00000000 0.00000000 0.00000000 0.00000000 0.00000000 1.00000000 0.00000000 
11 1.00000000 0.00000000 0.00000000 0.00000000 0.00000000 0.00000000 0.00000000 
12 0.00000000 0.00000000 0.00000000 0.00000000 1.00000000 0.00000000 0.00000000 
13 1.00000000 0.00000000 0.00000000 0.00000000 0.00000000 0.00000000 0.00000000 
14 0.00000000 0.00000000 0.00000000 0.00000000 0.00000000 0.00000000 1.00000000 
15 0.00000000 0.00000000 0.00000000 0.00000000 0.00000000 0.00000000 1.00000000 
16 0.00000000 0.00000000 0.00000000 1.00000000 0.00000000 0.00000000 0.00000000 
18 0.01481921 0.00000000 0.78304683 0.00000000 0.20213397 0.00000000 0.00000000 
19 0.00000000 0.00000000 0.00000000 0.00000000 0.00000000 0.00000000 1.00000000 
21 0.00000000 0.00000000 0.00000000 0.00000000 1.00000000 0.00000000 0.00000000 
22 0.00000000 0.00000000 0.00000000 0.00000000 0.00000000 0.74864376 0.25135624 



zz_test [*] :=
 1  1
 2  1
 3  1
 4  1
 5  1
 6  1
 7  1
 8  1
 9  1
10  1
11  1
12  1
13  1
14  1
15  1
16  1
18  1
19  1
21  1
22  1
;

K_test [*] :=
1  0.125
2  0.125
3  0.125
4  0.125
5  0.125
6  0.125
7  0.125
8  0.125
;

zz2_test [*,*]
:    1   2   3   4   5   6   7   8    :=
1    1   1   1   1   1   1   1   1
2    1   1   1   1   1   1   1   1
3    1   1   1   1   1   1   1   1
4    1   1   1   1   1   1   1   1
5    1   1   1   1   1   1   1   1
6    1   1   1   1   1   1   1   1
7    1   1   1   1   1   1   1   1
8    1   1   1   1   1   1   1   1
9    1   1   1   1   1   1   1   1
10   1   1   1   1   1   1   1   1
11   1   1   1   1   1   1   1   1
12   1   1   1   1   1   1   1   1
13   1   1   1   1   1   1   1   1
14   1   1   1   1   1   1   1   1
15   1   1   1   1   1   1   1   1
16   1   1   1   1   1   1   1   1
18   1   1   1   1   1   1   1   1
19   1   1   1   1   1   1   1   1
21   1   1   1   1   1   1   1   1
22   1   1   1   1   1   1   1   1
;

K2_test [*,*]
:      1          2          3          4          5          6          7   :=
1    .         0.142857   0.142857   0.142857   0.142857   0.142857   0.142857
2   0.142857    .         0.142857   0.142857   0.142857   0.142857   0.142857
3   0.142857   0.142857    .         0.142857   0.142857   0.142857   0.142857
4   0.142857   0.142857   0.142857    .         0.142857   0.142857   0.142857
5   0.142857   0.142857   0.142857   0.142857    .         0.142857   0.142857
6   0.142857   0.142857   0.142857   0.142857   0.142857    .         0.142857
7   0.142857   0.142857   0.142857   0.142857   0.142857   0.142857    .
8   0.142857   0.142857   0.142857   0.142857   0.142857   0.142857   0.142857

:      8        :=
1   0.142857
2   0.142857
3   0.142857
4   0.142857
5   0.142857
6   0.142857
7   0.142857
;

zz2 [*,1,*]
:        2          3           4          5          6          7        :=
1    1           0          0           0          0          0
2    0           0          0.314286    0          0          0
3    0           0          0           0          1          0
4    0           0          0           1          0          0
5    0           0          0.206044    0          0.793956   0
6    0.0702948   0          0           0          0          0.929705
7    0           0          0           0          1          0
8    0           0          1           0          0          0
9    0           0          1           0          0          0
10   0           0          0           0          1          0
11   0           0          0           0          0          0
12   0           0          0.0759878   0.924012   0          0
13   0           0          0           0          0          0
14   0           0          0           0          0          1
15   0           0          0           0          0          1
16   0           0          0           0          0          0
18   0           0.783047   0           0.216953   0          0
19   0           0          0           0          0          1
21   0           0          0           1          0          0
22   0           0          0           0          0.748644   0.251356

:       8        :=
1    0
2    0.685714
3    0
4    0
5    0
6    0
7    0
8    0
9    0
10   0
11   1
12   0
13   1
14   0
15   0
16   1
18   0
19   0
21   0
22   0

 [*,2,*]
:        1          3           4          5          6          7        :=
1    0           0          1           0          0          0
2    0           0          0           0          0          0
3    0           0          0           0          1          0
4    0           0          0           1          0          0
5    0.206044    0          0           0          0.793956   0
6    0           0          0           0          0          1
7    0           0          0           0          1          0
8    1           0          0           0          0          0
9    1           0          0           0          0          0
10   0           0          0           0          1          0
11   0           0          0           0          0          0
12   0           0          0           1          0          0
13   0.12538     0          0           0          0          0
14   0           0          0.0623742   0          0          0.937626
15   0           0          0           0          0          1
16   0           0          0           0          0          0
18   0.0148192   0.783047   0           0.202134   0          0
19   0           0          0           0          0          1
21   0           0          0           1          0          0
22   0           0          0           0          0.748644   0.251356

:       8       :=
1    0
2    1
3    0
4    0
5    0
6    0
7    0
8    0
9    0
10   0
11   1
12   0
13   0.87462
14   0
15   0
16   1
18   0
19   0
21   0
22   0

 [*,3,*]
:       1           2          4          5          6          7          8 :=
1    0          1           0          0          0          0          0
2    0          0           0          0          0          0          1
3    0          0           0          0          1          0          0
4    0          0           1          0          0          0          0
5    0          0           0.206044   0          0.793956   0          0
6    0          0.0702948   0          0          0          0.929705   0
7    0          0           0          0          1          0          0
8    0          0           1          0          0          0          0
9    0.33525    0           0.66475    0          0          0          0
10   0          0           0          0          1          0          0
11   0          0           0          0          0          0          1
12   0          0           1          0          0          0          0
13   0.12538    0           0          0          0          0          0.87462
14   0          0           0          0          0          1          0
15   0          0           0          0          0          1          0
16   0          0           0          0          0          0          1
18   0.509484   0           0          0.490516   0          0          0
19   0          0           0          0          0          1          0
21   0          0           0          1          0          0          0
22   0          0           0          0          0.748644   0.251356   0

 [*,4,*]
:        1           2          3          5          6          7        :=
1    0           1           0          0          0          0
2    0           0           0          0          0          0
3    0           0           0          0          1          0
4    0           0           0          1          0          0
5    0.206044    0           0          0          0.793956   0
6    0           0.0702948   0          0          0          0.929705
7    0           0           0          0          1          0
8    1           0           0          0          0          0
9    1           0           0          0          0          0
10   0           0           0          0          1          0
11   0           0           0          0          0          0
12   0           0           0          1          0          0
13   0.12538     0           0          0          0          0
14   0           0           0          0          0          1
15   0           0           0          0          0          1
16   0           0           0          0          0          0
18   0.0148192   0           0.783047   0.202134   0          0
19   0           0           0          0          0          1
21   0           0           0          1          0          0
22   0           0           0          0          0.748644   0.251356

:       8       :=
1    0
2    1
3    0
4    0
5    0
6    0
7    0
8    0
9    0
10   0
11   1
12   0
13   0.87462
14   0
15   0
16   1
18   0
19   0
21   0
22   0

 [*,5,*]
:       1           2          3          4          6          7          8 :=
1    0          1           0          0          0          0          0
2    0          0           0          0          0          0          1
3    0          0           0          0          1          0          0
4    0          0           0          1          0          0          0
5    0          0           0          0.206044   0.793956   0          0
6    0          0.0702948   0          0          0          0.929705   0
7    0          0           0          0          1          0          0
8    0          0           0          1          0          0          0
9    0.771782   0           0          0.228218   0          0          0
10   0          0           0          0          1          0          0
11   0          0           0          0          0          0          1
12   0          0           0          1          0          0          0
13   0.12538    0           0          0          0          0          0.87462
14   0          0           0          0          0          1          0
15   0          0           0          0          0          1          0
16   0          0           0          0          0          0          1
18   0.216953   0           0.783047   0          0          0          0
19   0          0           0          0          0          1          0
21   0          0           0          1          0          0          0
22   0          0           0          0          0.748644   0.251356   0

 [*,6,*]
:        1           2          3          4          5          7        :=
1    0           1           0          0          0          0
2    0           0           0          0          0          0
3    0           0           0          1          0          0
4    0           0           0          0          1          0
5    0.206044    0           0          0.793956   0          0
6    0           0.0702948   0          0          0          0.929705
7    0           0           0          1          0          0
8    1           0           0          0          0          0
9    1           0           0          0          0          0
10   0           0           0          1          0          0
11   0           0           0          0          0          0
12   0           0           0          0          1          0
13   0.12538     0           0          0          0          0
14   0           0           0          0          0          1
15   0           0           0          0          0          1
16   0           0           0          0          0          0
18   0.0148192   0           0.783047   0          0.202134   0
19   0           0           0          0          0          1
21   0           0           0          0          1          0
22   0           0           0          0.748644   0          0.251356

:       8       :=
1    0
2    1
3    0
4    0
5    0
6    0
7    0
8    0
9    0
10   0
11   1
12   0
13   0.87462
14   0
15   0
16   1
18   0
19   0
21   0
22   0

 [*,7,*]
:        1          2          3          4          5          6        :=
1    0           0.842972   0          0.157028   0          0
2    0           0          0          0          0          0
3    0           0          0          0          0          1
4    0           0          0          0          1          0
5    0.587912    0          0          0          0          0.412088
6    0           1          0          0          0          0
7    0           0          0          0          0          1
8    1           0          0          0          0          0
9    1           0          0          0          0          0
10   0           0          0          0          0          1
11   0.142857    0          0          0          0          0
12   0           0          0          0          1          0
13   0           0          0          0          0          0
14   0           0          0          1          0          0
15   0           0          0          1          0          0
16   0           0          0          0.177296   0          0
18   0.0148192   0          0.783047   0          0.202134   0
19   0           0          0          1          0          0
21   0           0          0          0          1          0
22   0           0          0          0          0          1

:       8        :=
1    0
2    1
3    0
4    0
5    0
6    0
7    0
8    0
9    0
10   0
11   0.857143
12   0
13   1
14   0
15   0
16   0.822704
18   0
19   0
21   0
22   0

 [*,8,*]
:        1           2          3          4          5          6        :=
1    0           1           0          0          0          0
2    0           0           0          1          0          0
3    0           0           0          0          0          1
4    0           0           0          0          1          0
5    0.206044    0           0          0          0          0.793956
6    0           0.0702948   0          0          0          0
7    0           0           0          0          0          1
8    0           0           0          1          0          0
9    0.450686    0           0          0.549314   0          0
10   0           0           0          0          0          1
11   1           0           0          0          0          0
12   0           0           0          0          1          0
13   1           0           0          0          0          0
14   0           0           0          0          0          0
15   0           0           0          0          0          0
16   0           0           0          1          0          0
18   0.0148192   0           0.783047   0          0.202134   0
19   0           0           0          0          0          0
21   0           0           0          0          1          0
22   0           0           0          0          0          0.748644

:       7        :=
1    0
2    0
3    0
4    0
5    0
6    0.929705
7    0
8    0
9    0
10   0
11   0
12   0
13   0
14   1
15   1
16   0
18   0
19   1
21   0
22   0.251356
;

