K=7, W/V=3.3526391, B=1, time:35.077

ca [*] :=
1  7
;

fragment allocation x on node k:

1    2    3    4    5    6    7    
0 0 1 1 1 1 1 0 
1 0 1 0 0 1 0 0 
2 0 1 1 0 0 0 0 
3 0 1 1 0 0 1 0 
4 0 1 1 1 1 1 0 
5 0 1 1 0 0 1 0 
6 0 1 0 0 0 1 0 
7 0 0 0 0 0 0 0 
8 0 0 0 0 0 0 0 
9 0 1 1 0 1 1 0 
10 0 1 1 0 1 1 0 
11 0 0 0 0 0 0 0 
12 1 1 1 0 1 1 0 
13 1 1 1 0 1 1 0 
14 0 1 1 0 1 1 0 
15 0 0 0 0 0 0 0 
16 1 1 1 0 1 1 0 
17 1 1 1 0 0 1 0 
18 1 1 1 0 0 0 0 
19 1 1 1 0 1 1 0 
20 1 1 1 0 0 0 0 
21 0 1 1 0 0 0 0 
22 0 1 1 0 0 0 0 
23 1 0 1 0 1 1 1 
24 1 0 0 0 1 1 1 
25 1 0 0 0 0 1 0 
26 1 0 0 0 1 1 0 
27 1 0 1 0 0 1 0 
28 1 0 1 0 0 1 0 
29 1 0 0 0 0 1 0 
30 1 0 0 0 0 1 0 
31 0 1 1 0 1 0 0 
32 0 1 1 0 1 0 0 
33 0 0 1 0 1 0 0 
34 0 1 1 0 1 0 0 
35 0 0 0 0 0 0 0 
36 1 1 1 0 1 1 1 
37 1 0 1 0 1 1 1 
38 0 1 0 0 0 1 0 
39 0 0 0 0 1 1 1 
40 1 1 0 0 1 1 1 
41 0 1 0 0 0 1 0 
42 0 0 0 0 0 0 0 
43 1 0 0 0 0 1 0 
44 0 0 1 0 0 1 0 
45 1 1 0 0 1 1 1 
46 0 1 0 1 1 1 0 
47 1 1 0 0 1 1 0 
48 0 0 0 0 0 0 0 
49 0 1 0 1 1 1 1 
50 1 1 0 1 1 1 0 
51 1 1 0 1 1 1 0 
52 0 0 0 1 0 1 0 
53 1 0 0 1 0 1 0 
54 0 0 0 1 0 1 0 
55 1 1 0 1 0 1 0 
56 0 1 0 0 0 1 0 
57 0 1 0 0 0 1 0 
58 0 1 0 0 0 1 0 
59 0 1 0 0 0 1 0 

query feasibility y on node k:

1    2    3    4    5    6    7    
1 0 0 0 1 0 1 0 
2 0 1 1 0 0 0 0 
3 1 0 0 0 0 1 0 
4 0 1 0 0 0 1 0 
5 0 0 0 0 1 1 0 
6 0 1 0 1 0 1 0 
7 1 0 0 0 0 1 0 
8 0 0 0 0 1 1 0 
9 0 1 0 0 1 0 0 
10 1 0 0 0 0 1 0 
11 0 0 1 0 1 0 0 
12 0 1 0 0 0 1 0 
13 0 0 1 0 0 1 0 
14 0 1 0 1 0 1 0 
15 1 1 0 0 0 0 0 
16 0 1 1 0 0 0 0 
18 0 0 0 0 1 1 1 
19 0 1 0 0 0 1 0 
21 0 1 0 0 0 1 0 
22 1 0 1 0 0 1 0 

workload distribution ohne node failure:

1    2    3    4    5    6    7    
1 0.00000000 0.00000000 0.00000000 0.84297204 0.00000000 0.15702796 0.00000000 
2 0.00000000 0.00000000 1.00000000 0.00000000 0.00000000 0.00000000 0.00000000 
3 1.00000000 0.00000000 0.00000000 0.00000000 0.00000000 0.00000000 0.00000000 
4 0.00000000 1.00000000 0.00000000 0.00000000 0.00000000 0.00000000 0.00000000 
5 0.00000000 0.00000000 0.00000000 0.00000000 1.00000000 0.00000000 0.00000000 
6 0.00000000 0.00000000 0.00000000 1.00000000 0.00000000 0.00000000 0.00000000 
7 0.52441230 0.00000000 0.00000000 0.00000000 0.00000000 0.47558770 0.00000000 
8 0.00000000 0.00000000 0.00000000 0.00000000 1.00000000 0.00000000 0.00000000 
9 0.00000000 0.25239570 0.00000000 0.00000000 0.74760430 0.00000000 0.00000000 
10 1.00000000 0.00000000 0.00000000 0.00000000 0.00000000 0.00000000 0.00000000 
11 0.00000000 0.00000000 1.00000000 0.00000000 0.00000000 0.00000000 0.00000000 
12 0.00000000 0.00000000 0.00000000 0.00000000 0.00000000 1.00000000 0.00000000 
13 0.00000000 0.00000000 1.00000000 0.00000000 0.00000000 0.00000000 0.00000000 
14 0.00000000 0.10328638 0.00000000 0.00000000 0.00000000 0.89671362 0.00000000 
15 1.00000000 0.00000000 0.00000000 0.00000000 0.00000000 0.00000000 0.00000000 
16 0.00000000 0.91581633 0.08418367 0.00000000 0.00000000 0.00000000 0.00000000 
18 0.00000000 0.00000000 0.00000000 0.00000000 0.14720411 0.06974906 0.78304683 
19 0.00000000 0.00000000 0.00000000 0.00000000 0.00000000 1.00000000 0.00000000 
21 0.00000000 1.00000000 0.00000000 0.00000000 0.00000000 0.00000000 0.00000000 
22 0.00000000 0.00000000 1.00000000 0.00000000 0.00000000 0.00000000 0.00000000 

workload distribution if node 1 fails:

2    3    4    5    6    7    
1 0.00000000 0.00000000 1.00000000 0.00000000 0.00000000 0.00000000 
2 0.00000000 1.00000000 0.00000000 0.00000000 0.00000000 0.00000000 
3 0.00000000 0.00000000 0.00000000 0.00000000 1.00000000 0.00000000 
4 0.00000000 0.00000000 0.00000000 0.00000000 1.00000000 0.00000000 
5 0.00000000 0.00000000 0.00000000 1.00000000 0.00000000 0.00000000 
6 0.00000000 0.00000000 1.00000000 0.00000000 0.00000000 0.00000000 
7 0.00000000 0.00000000 0.00000000 0.00000000 1.00000000 0.00000000 
8 0.00000000 0.00000000 0.00000000 1.00000000 0.00000000 0.00000000 
9 0.04747162 0.00000000 0.00000000 0.95252838 0.00000000 0.00000000 
10 0.00000000 0.00000000 0.00000000 0.00000000 1.00000000 0.00000000 
11 0.00000000 0.00000000 0.00000000 1.00000000 0.00000000 0.00000000 
12 1.00000000 0.00000000 0.00000000 0.00000000 0.00000000 0.00000000 
13 0.00000000 1.00000000 0.00000000 0.00000000 0.00000000 0.00000000 
14 0.00000000 0.00000000 0.06103286 0.00000000 0.93896714 0.00000000 
15 1.00000000 0.00000000 0.00000000 0.00000000 0.00000000 0.00000000 
16 0.00000000 1.00000000 0.00000000 0.00000000 0.00000000 0.00000000 
18 0.00000000 0.00000000 0.00000000 0.08644537 0.00000000 0.91355463 
19 1.00000000 0.00000000 0.00000000 0.00000000 0.00000000 0.00000000 
21 0.73049645 0.00000000 0.00000000 0.00000000 0.26950355 0.00000000 
22 0.00000000 0.82700422 0.00000000 0.00000000 0.17299578 0.00000000 

workload distribution if node 2 fails:

1    3    4    5    6    7    
1 0.00000000 0.00000000 1.00000000 0.00000000 0.00000000 0.00000000 
2 0.00000000 1.00000000 0.00000000 0.00000000 0.00000000 0.00000000 
3 1.00000000 0.00000000 0.00000000 0.00000000 0.00000000 0.00000000 
4 0.00000000 0.00000000 0.00000000 0.00000000 1.00000000 0.00000000 
5 0.00000000 0.00000000 0.00000000 1.00000000 0.00000000 0.00000000 
6 0.00000000 0.00000000 1.00000000 0.00000000 0.00000000 0.00000000 
7 0.95358650 0.00000000 0.00000000 0.00000000 0.04641350 0.00000000 
8 0.00000000 0.00000000 0.00000000 1.00000000 0.00000000 0.00000000 
9 0.00000000 0.00000000 0.00000000 1.00000000 0.00000000 0.00000000 
10 1.00000000 0.00000000 0.00000000 0.00000000 0.00000000 0.00000000 
11 0.00000000 0.58974359 0.00000000 0.41025641 0.00000000 0.00000000 
12 0.00000000 0.00000000 0.00000000 0.00000000 1.00000000 0.00000000 
13 0.00000000 1.00000000 0.00000000 0.00000000 0.00000000 0.00000000 
14 0.00000000 0.00000000 0.06103286 0.00000000 0.93896714 0.00000000 
15 1.00000000 0.00000000 0.00000000 0.00000000 0.00000000 0.00000000 
16 0.00000000 1.00000000 0.00000000 0.00000000 0.00000000 0.00000000 
18 0.00000000 0.00000000 0.00000000 0.08644537 0.00000000 0.91355463 
19 0.00000000 0.00000000 0.00000000 0.00000000 1.00000000 0.00000000 
21 0.00000000 0.00000000 0.00000000 0.00000000 1.00000000 0.00000000 
22 0.36708861 0.63291139 0.00000000 0.00000000 0.00000000 0.00000000 

workload distribution if node 3 fails:

1    2    4    5    6    7    
1 0.00000000 0.00000000 0.84092940 0.00000000 0.15907060 0.00000000 
2 0.00000000 1.00000000 0.00000000 0.00000000 0.00000000 0.00000000 
3 1.00000000 0.00000000 0.00000000 0.00000000 0.00000000 0.00000000 
4 0.00000000 0.00000000 0.00000000 0.00000000 1.00000000 0.00000000 
5 0.00000000 0.00000000 0.00000000 1.00000000 0.00000000 0.00000000 
6 0.00000000 0.00000000 1.00000000 0.00000000 0.00000000 0.00000000 
7 1.00000000 0.00000000 0.00000000 0.00000000 0.00000000 0.00000000 
8 0.00000000 0.00000000 0.00000000 1.00000000 0.00000000 0.00000000 
9 0.00000000 0.04747162 0.00000000 0.95252838 0.00000000 0.00000000 
10 1.00000000 0.00000000 0.00000000 0.00000000 0.00000000 0.00000000 
11 0.00000000 0.00000000 0.00000000 1.00000000 0.00000000 0.00000000 
12 0.00000000 0.38297872 0.00000000 0.00000000 0.61702128 0.00000000 
13 0.00000000 0.00000000 0.00000000 0.00000000 1.00000000 0.00000000 
14 0.00000000 0.10328638 0.89671362 0.00000000 0.00000000 0.00000000 
15 0.61111111 0.38888889 0.00000000 0.00000000 0.00000000 0.00000000 
16 0.00000000 1.00000000 0.00000000 0.00000000 0.00000000 0.00000000 
18 0.00000000 0.00000000 0.00000000 0.08644537 0.00000000 0.91355463 
19 0.00000000 0.00000000 0.00000000 0.00000000 1.00000000 0.00000000 
21 0.00000000 1.00000000 0.00000000 0.00000000 0.00000000 0.00000000 
22 1.00000000 0.00000000 0.00000000 0.00000000 0.00000000 0.00000000 

workload distribution if node 4 fails:

1    2    3    5    6    7    
1 0.00000000 0.00000000 0.00000000 0.00000000 1.00000000 0.00000000 
2 0.00000000 0.00000000 1.00000000 0.00000000 0.00000000 0.00000000 
3 1.00000000 0.00000000 0.00000000 0.00000000 0.00000000 0.00000000 
4 0.00000000 1.00000000 0.00000000 0.00000000 0.00000000 0.00000000 
5 0.00000000 0.00000000 0.00000000 1.00000000 0.00000000 0.00000000 
6 0.00000000 1.00000000 0.00000000 0.00000000 0.00000000 0.00000000 
7 0.95358650 0.00000000 0.00000000 0.00000000 0.04641350 0.00000000 
8 0.00000000 0.00000000 0.00000000 1.00000000 0.00000000 0.00000000 
9 0.00000000 0.00000000 0.00000000 1.00000000 0.00000000 0.00000000 
10 1.00000000 0.00000000 0.00000000 0.00000000 0.00000000 0.00000000 
11 0.00000000 0.00000000 0.58974359 0.41025641 0.00000000 0.00000000 
12 0.00000000 1.00000000 0.00000000 0.00000000 0.00000000 0.00000000 
13 0.00000000 0.00000000 1.00000000 0.00000000 0.00000000 0.00000000 
14 0.00000000 0.10328638 0.00000000 0.00000000 0.89671362 0.00000000 
15 1.00000000 0.00000000 0.00000000 0.00000000 0.00000000 0.00000000 
16 0.00000000 0.00000000 1.00000000 0.00000000 0.00000000 0.00000000 
18 0.00000000 0.00000000 0.00000000 0.08644537 0.00000000 0.91355463 
19 0.00000000 1.00000000 0.00000000 0.00000000 0.00000000 0.00000000 
21 0.00000000 1.00000000 0.00000000 0.00000000 0.00000000 0.00000000 
22 0.36708861 0.00000000 0.63291139 0.00000000 0.00000000 0.00000000 

workload distribution if node 5 fails:

1    2    3    4    6    7    
1 0.00000000 0.00000000 0.00000000 0.84092940 0.15907060 0.00000000 
2 0.00000000 0.00000000 1.00000000 0.00000000 0.00000000 0.00000000 
3 1.00000000 0.00000000 0.00000000 0.00000000 0.00000000 0.00000000 
4 0.00000000 0.00000000 0.00000000 0.00000000 1.00000000 0.00000000 
5 0.00000000 0.00000000 0.00000000 0.00000000 1.00000000 0.00000000 
6 0.00000000 0.00000000 0.00000000 1.00000000 0.00000000 0.00000000 
7 1.00000000 0.00000000 0.00000000 0.00000000 0.00000000 0.00000000 
8 0.00000000 0.00000000 0.00000000 0.00000000 1.00000000 0.00000000 
9 0.00000000 1.00000000 0.00000000 0.00000000 0.00000000 0.00000000 
10 1.00000000 0.00000000 0.00000000 0.00000000 0.00000000 0.00000000 
11 0.00000000 0.00000000 1.00000000 0.00000000 0.00000000 0.00000000 
12 0.00000000 0.00000000 0.00000000 0.00000000 1.00000000 0.00000000 
13 0.00000000 0.00000000 1.00000000 0.00000000 0.00000000 0.00000000 
14 0.00000000 0.10328638 0.00000000 0.89671362 0.00000000 0.00000000 
15 0.89613527 0.10386473 0.00000000 0.00000000 0.00000000 0.00000000 
16 0.00000000 0.00000000 1.00000000 0.00000000 0.00000000 0.00000000 
18 0.00000000 0.00000000 0.00000000 0.00000000 0.08644537 0.91355463 
19 0.00000000 0.00000000 0.00000000 0.00000000 1.00000000 0.00000000 
21 0.00000000 0.67848700 0.00000000 0.00000000 0.32151300 0.00000000 
22 0.50210970 0.00000000 0.49789030 0.00000000 0.00000000 0.00000000 

workload distribution if node 6 fails:

1    2    3    4    5    7    
1 0.00000000 0.00000000 0.00000000 1.00000000 0.00000000 0.00000000 
2 0.00000000 0.00000000 1.00000000 0.00000000 0.00000000 0.00000000 
3 1.00000000 0.00000000 0.00000000 0.00000000 0.00000000 0.00000000 
4 0.00000000 1.00000000 0.00000000 0.00000000 0.00000000 0.00000000 
5 0.00000000 0.00000000 0.00000000 0.00000000 1.00000000 0.00000000 
6 0.00000000 0.94179894 0.00000000 0.05820106 0.00000000 0.00000000 
7 1.00000000 0.00000000 0.00000000 0.00000000 0.00000000 0.00000000 
8 0.00000000 0.00000000 0.00000000 0.00000000 1.00000000 0.00000000 
9 0.00000000 0.00000000 0.00000000 0.00000000 1.00000000 0.00000000 
10 1.00000000 0.00000000 0.00000000 0.00000000 0.00000000 0.00000000 
11 0.00000000 0.00000000 0.58974359 0.00000000 0.41025641 0.00000000 
12 0.00000000 1.00000000 0.00000000 0.00000000 0.00000000 0.00000000 
13 0.00000000 0.00000000 1.00000000 0.00000000 0.00000000 0.00000000 
14 0.00000000 0.10328638 0.00000000 0.89671362 0.00000000 0.00000000 
15 0.97342995 0.02657005 0.00000000 0.00000000 0.00000000 0.00000000 
16 0.00000000 0.00000000 1.00000000 0.00000000 0.00000000 0.00000000 
18 0.00000000 0.00000000 0.00000000 0.00000000 0.08644537 0.91355463 
19 0.00000000 1.00000000 0.00000000 0.00000000 0.00000000 0.00000000 
21 0.00000000 1.00000000 0.00000000 0.00000000 0.00000000 0.00000000 
22 0.36708861 0.00000000 0.63291139 0.00000000 0.00000000 0.00000000 

workload distribution if node 7 fails:

1    2    3    4    5    6    
1 0.00000000 0.00000000 0.00000000 0.84092940 0.00000000 0.15907060 
2 0.00000000 0.00000000 1.00000000 0.00000000 0.00000000 0.00000000 
3 1.00000000 0.00000000 0.00000000 0.00000000 0.00000000 0.00000000 
4 0.00000000 1.00000000 0.00000000 0.00000000 0.00000000 0.00000000 
5 0.00000000 0.00000000 0.00000000 0.00000000 0.00000000 1.00000000 
6 0.00000000 0.00000000 0.00000000 1.00000000 0.00000000 0.00000000 
7 1.00000000 0.00000000 0.00000000 0.00000000 0.00000000 0.00000000 
8 0.00000000 0.00000000 0.00000000 0.00000000 0.00000000 1.00000000 
9 0.00000000 1.00000000 0.00000000 0.00000000 0.00000000 0.00000000 
10 0.87202381 0.00000000 0.00000000 0.00000000 0.00000000 0.12797619 
11 0.00000000 0.00000000 1.00000000 0.00000000 0.00000000 0.00000000 
12 0.00000000 0.00000000 0.00000000 0.00000000 0.00000000 1.00000000 
13 0.00000000 0.00000000 1.00000000 0.00000000 0.00000000 0.00000000 
14 0.00000000 0.10328638 0.00000000 0.89671362 0.00000000 0.00000000 
15 1.00000000 0.00000000 0.00000000 0.00000000 0.00000000 0.00000000 
16 0.00000000 0.00000000 1.00000000 0.00000000 0.00000000 0.00000000 
18 0.00000000 0.00000000 0.00000000 0.00000000 0.91355463 0.08644537 
19 0.00000000 0.00000000 0.00000000 0.00000000 0.00000000 1.00000000 
21 0.00000000 0.46099291 0.00000000 0.00000000 0.00000000 0.53900709 
22 0.50210970 0.00000000 0.49789030 0.00000000 0.00000000 0.00000000 



zz_test [*] :=
 1  1
 2  1
 3  1
 4  1
 5  1
 6  1
 7  1
 8  1
 9  1
10  1
11  1
12  1
13  1
14  1
15  1
16  1
18  1
19  1
21  1
22  1
;

K_test [*] :=
1  0.142857
2  0.142857
3  0.142857
4  0.142857
5  0.142857
6  0.142857
7  0.142857
;

zz2_test [*,*]
:    1   2   3   4   5   6   7    :=
1    1   1   1   1   1   1   1
2    1   1   1   1   1   1   1
3    1   1   1   1   1   1   1
4    1   1   1   1   1   1   1
5    1   1   1   1   1   1   1
6    1   1   1   1   1   1   1
7    1   1   1   1   1   1   1
8    1   1   1   1   1   1   1
9    1   1   1   1   1   1   1
10   1   1   1   1   1   1   1
11   1   1   1   1   1   1   1
12   1   1   1   1   1   1   1
13   1   1   1   1   1   1   1
14   1   1   1   1   1   1   1
15   1   1   1   1   1   1   1
16   1   1   1   1   1   1   1
18   1   1   1   1   1   1   1
19   1   1   1   1   1   1   1
21   1   1   1   1   1   1   1
22   1   1   1   1   1   1   1
;

K2_test [*,*]
:      1          2          3          4          5          6          7   :=
1    .         0.166667   0.166667   0.166667   0.166667   0.166667   0.166667
2   0.166667    .         0.166667   0.166667   0.166667   0.166667   0.166667
3   0.166667   0.166667    .         0.166667   0.166667   0.166667   0.166667
4   0.166667   0.166667   0.166667    .         0.166667   0.166667   0.166667
5   0.166667   0.166667   0.166667   0.166667    .         0.166667   0.166667
6   0.166667   0.166667   0.166667   0.166667   0.166667    .         0.166667
7   0.166667   0.166667   0.166667   0.166667   0.166667   0.166667    .
;

zz2 [*,1,*]
:        2          3           4           5          6          7        :=
1    0           0          1           0           0          0
2    0           1          0           0           0          0
3    0           0          0           0           1          0
4    0           0          0           0           1          0
5    0           0          0           1           0          0
6    0           0          1           0           0          0
7    0           0          0           0           1          0
8    0           0          0           1           0          0
9    0.0474716   0          0           0.952528    0          0
10   0           0          0           0           1          0
11   0           0          0           1           0          0
12   1           0          0           0           0          0
13   0           1          0           0           0          0
14   0           0          0.0610329   0           0.938967   0
15   1           0          0           0           0          0
16   0           1          0           0           0          0
18   0           0          0           0.0864454   0          0.913555
19   1           0          0           0           0          0
21   0.730496    0          0           0           0.269504   0
22   0           0.827004   0           0           0.172996   0

 [*,2,*]
:       1          3           4           5           6          7        :=
1    0          0          1           0           0           0
2    0          1          0           0           0           0
3    1          0          0           0           0           0
4    0          0          0           0           1           0
5    0          0          0           1           0           0
6    0          0          1           0           0           0
7    0.953586   0          0           0           0.0464135   0
8    0          0          0           1           0           0
9    0          0          0           1           0           0
10   1          0          0           0           0           0
11   0          0.589744   0           0.410256    0           0
12   0          0          0           0           1           0
13   0          1          0           0           0           0
14   0          0          0.0610329   0           0.938967    0
15   1          0          0           0           0           0
16   0          1          0           0           0           0
18   0          0          0           0.0864454   0           0.913555
19   0          0          0           0           1           0
21   0          0          0           0           1           0
22   0.367089   0.632911   0           0           0           0

 [*,3,*]
:       1           2          4           5          6          7        :=
1    0          0           0.840929   0           0.159071   0
2    0          1           0          0           0          0
3    1          0           0          0           0          0
4    0          0           0          0           1          0
5    0          0           0          1           0          0
6    0          0           1          0           0          0
7    1          0           0          0           0          0
8    0          0           0          1           0          0
9    0          0.0474716   0          0.952528    0          0
10   1          0           0          0           0          0
11   0          0           0          1           0          0
12   0          0.382979    0          0           0.617021   0
13   0          0           0          0           1          0
14   0          0.103286    0.896714   0           0          0
15   0.611111   0.388889    0          0           0          0
16   0          1           0          0           0          0
18   0          0           0          0.0864454   0          0.913555
19   0          0           0          0           1          0
21   0          1           0          0           0          0
22   1          0           0          0           0          0

 [*,4,*]
:       1          2          3           5           6          7        :=
1    0          0          0          0           1           0
2    0          0          1          0           0           0
3    1          0          0          0           0           0
4    0          1          0          0           0           0
5    0          0          0          1           0           0
6    0          1          0          0           0           0
7    0.953586   0          0          0           0.0464135   0
8    0          0          0          1           0           0
9    0          0          0          1           0           0
10   1          0          0          0           0           0
11   0          0          0.589744   0.410256    0           0
12   0          1          0          0           0           0
13   0          0          1          0           0           0
14   0          0.103286   0          0           0.896714    0
15   1          0          0          0           0           0
16   0          0          1          0           0           0
18   0          0          0          0.0864454   0           0.913555
19   0          1          0          0           0           0
21   0          1          0          0           0           0
22   0.367089   0          0.632911   0           0           0

 [*,5,*]
:       1          2          3         4           6          7        :=
1    0          0          0         0.840929   0.159071    0
2    0          0          1         0          0           0
3    1          0          0         0          0           0
4    0          0          0         0          1           0
5    0          0          0         0          1           0
6    0          0          0         1          0           0
7    1          0          0         0          0           0
8    0          0          0         0          1           0
9    0          1          0         0          0           0
10   1          0          0         0          0           0
11   0          0          1         0          0           0
12   0          0          0         0          1           0
13   0          0          1         0          0           0
14   0          0.103286   0         0.896714   0           0
15   0.896135   0.103865   0         0          0           0
16   0          0          1         0          0           0
18   0          0          0         0          0.0864454   0.913555
19   0          0          0         0          1           0
21   0          0.678487   0         0          0.321513    0
22   0.50211    0          0.49789   0          0           0

 [*,6,*]
:       1          2          3           4           5          7        :=
1    0          0          0          1           0           0
2    0          0          1          0           0           0
3    1          0          0          0           0           0
4    0          1          0          0           0           0
5    0          0          0          0           1           0
6    0          0.941799   0          0.0582011   0           0
7    1          0          0          0           0           0
8    0          0          0          0           1           0
9    0          0          0          0           1           0
10   1          0          0          0           0           0
11   0          0          0.589744   0           0.410256    0
12   0          1          0          0           0           0
13   0          0          1          0           0           0
14   0          0.103286   0          0.896714    0           0
15   0.97343    0.02657    0          0           0           0
16   0          0          1          0           0           0
18   0          0          0          0           0.0864454   0.913555
19   0          1          0          0           0           0
21   0          1          0          0           0           0
22   0.367089   0          0.632911   0           0           0

 [*,7,*]
:       1          2          3         4          5           6        :=
1    0          0          0         0.840929   0          0.159071
2    0          0          1         0          0          0
3    1          0          0         0          0          0
4    0          1          0         0          0          0
5    0          0          0         0          0          1
6    0          0          0         1          0          0
7    1          0          0         0          0          0
8    0          0          0         0          0          1
9    0          1          0         0          0          0
10   0.872024   0          0         0          0          0.127976
11   0          0          1         0          0          0
12   0          0          0         0          0          1
13   0          0          1         0          0          0
14   0          0.103286   0         0.896714   0          0
15   1          0          0         0          0          0
16   0          0          1         0          0          0
18   0          0          0         0          0.913555   0.0864454
19   0          0          0         0          0          1
21   0          0.460993   0         0          0          0.539007
22   0.50211    0          0.49789   0          0          0
;

