17370610068
0
5820516789
5072645880
0
3500476136
2174783510
0
1720457712
1310537097
0
1221979380
1185680360
0
892732908
819994595
0
652437279
630720112
0
478324020
463652522
0
391545285
359440416
0
336612154
321873393
0
284323338
273082611
0
264163179
248031954
0
229395068
227268116
0
222395502
200772772
0
171695867
170461307
0
148313388
145786200
0
137264463
119430608
0
114226437
114208680
0
107539309
105475268
0
93407324
91676904
0
88056003
75274840
0
69455781
69110410
0
66397968
64291611
0
61637238
57166639
0
56362881
56039544
0
53644875
51115776
0
49407408
49379750
0
48820203
48153456
0
45555822
45374979
0
44602506
44233530
0
39886623
39816243
0
37415160
37306196
0
37006776
36960048
0
35711260
34920075
0
33577960
33142980
0
32575110
32572382
0
31725142
31042260
0
28845218
28782324
0
26523750
25496355
0
24584680
24482422
0
22543762
22371504
0
22217520
22183720
0
21131014
19530680
0
19321900
18950272
0
18698400
18558800
0
18057441
17702841
0
17146322
16798539
0
16158350
15695955
0
15492600
14875510
0
14242955
14064750
0
13341684
13296948
0
13234455
13109084
0
12825912
12721335
0
12678168
12572112
0
12401262
11621383
0
11160122
10971203
0
10696875
10673856
0
10401635
10179992
0
9623996
9431448
0
9355662
9332112
0
9234180
9212036
0
9005500
9003450
0
8789445
8403750
0
8241200
8117352
0
7855885
7785221
0
7674281
7661392
0
7448572
7422030
0
7181050
7174720
0
7028628
6894590
0
6663540
6632780
0
6570830
6293900
0
5960736
5913484
0
5680521
5634246
0
5455140
5437981
0
5201397
5181096
0
5094540
5078178
0
4940030
4839078
0
4752007
4738120
0
4689516
4689282
0
4595576
4578552
0
4530844
4524228
0
4437104
4405696
0
4384896
4307149
0
4232228
4167975
0
4094950
4087032
0
3991125
3975648
0
3967404
3959160
0
3927391
3905250
0
3864264
3859785
0
3853379
3833406
0
3665788
3652382
0
3578726
3576196
0
3502593
3499384
0
3365655
3296416
0
3254316
3253544
0
3247660
3245422
0
3229122
3209868
0
3179676
3160316
0
3135278
3091540
0
3058746
3050682
0
2969808
2938256
0
2877810
2852640
0
2821224
2814368
0
2793126
2775981
0
2768059
2710900
0
2697420
2666889
0
2638215
2638020
0
2562112
2543760
0
2525536
2518061
0
2500672
2490231
0
2487744
2456920
0
2396134
2394100
0
2374360
2372796
0
2353912
2334728
0
2314600
2304175
0
2274753
2241300
0
2210480
2192476
0
2187831
2178750
0
2136046
2127636
0
2102529
2100829
0
2070712
2057125
0
2037471
2028075
0
1998282
1992334
0
1968930
1944852
0
1943730
1937207
0
1918840
1917227
0
1887872
1874145
0
1859970
1848140
0
1825320
1818354
0
1801374
1766205
0
1758162
1745456
0
1736750
1726876
0
1715980
1710348
0
1698528
1683744
0
1681750
1674420
0
1667328
1666688
0
1635784
1634418
0
1620185
1619200
0
1605613
1600599
0
1590178
1589499
0
1578780
1578360
0
1575801
1572512
0
1565112
1548672
0
1530180
1527012
0
1518820
1512708
0
1479096
1471569
0
1458798
1452220
0
1438740
1438167
0
1419472
1419392
0
1410468
1406190
0
1399776
1398870
0
1383088
1375420
0
1372396
1370371
0
1357888
1352494
0
1324245
1316358
0
1300572
1297692
0
1285392
1282491
0
1275868
1271557
0
1269072
1267354
0
1255098
1249832
0
1244800
1239018
0
1219813
1215270
0
1175510
1174734
0
1166942
1163358
0
1152197
1152024
0
1141136
1136944
0
1127154
1125252
0
1121840
1118235
0
1117260
1109876
0
1098118
1096278
0
1094472
1092576
0
1089530
1086033
0
1083240
1082970
0
1074336
1068935
0
1045903
1042776
0
1038403
1033872
0
1026648
1021740
0
1020162
1020151
0
1013295
1003259
0
982679
981368
0
979711
979540
0
977604
977448
0
976067
974560
0
971479
960460
0
948534
942417
0
940235
922116
0
905330
894914
0
887752
880480
0
868416
866754
0
856660
854952
0
844672
841636
0
834858
833364
0
832320
830205
0
826049
814380
0
813903
813434
0
813064
809592
0
808320
802948
0
796775
794310
0
791151
785952
0
784980
781536
0
775965
769392
0
755430
755190
0
753430
749774
0
747798
745195
0
742634
739117
0
729325
726676
0
720012
719280
0
715395
707517
0
700563
699055
0
694236
692982
0
690105
680226
0
679135
678774
0
674928
673836
0
665784
664923
0
663368
658703
0
653664
653301
0
649824
649770
0
647316
647262
0
643292
643155
0
640217
639569
0
637902
636879
0
626848
625772
0
619234
614852
0
612176
610850
0
600672
600418
0
599072
597261
0
594317
593787
0
590337
583956
0
582959
582250
0
575580
573560
0
570349
569610
0
568562
568227
0
566973
566946
0
563451
561906
0
555681
555174
0
553005
550692
0
548040
543344
0
539720
538658
0
536784
536295
0
535432
531760
0
530128
522678
0
512925
508476
0
505546
502364
0
497892
496616
0
492500
492228
0
488784
487656
0
483302
480768
0
477854
476448
0
470309
468020
0
467824
463925
0
459540
458210
0
453796
451656
0
450542
448695
0
445481
445326
0
444169
442164
0
439822
438176
0
436094
434957
0
434632
429936
0
428264
427824
0
425445
425189
0
424704
423712
0
421686
418182
0
416126
414672
0
413220
412629
0
411659
411567
0
407069
404850
0
403110
401730
0
400316
398728
0
391675
389478
0
385424
384076
0
382760
382464
0
380255
379380
0
377739
377476
0
374790
374090
0
373486
373236
0
370209
368352
0
367125
365728
0
363438
362450
0
361471
360620
0
358773
358605
0
357058
356451
0
355298
353464
0
352352
351639
0
349944
349290
0
347790
344540
0
342186
340520
0
339792
338352
0
337796
336000
0
334272
333862
0
333519
332962
0
331161
330633
0
329868
328878
0
326699
326436
0
325335
322791
0
321718
321240
0
319124
319104
0
318843
316662
0
316539
316280
0
315710
315477
0
313376
313324
0
311277
311275
0
310687
310580
0
308596
308508
0
305122
304995
0
302934
302351
0
301146
300998
0
299676
299660
0
298805
298792
0
297032
296766
0
295198
294475
0
291795
291699
0
291137
290948
0
289925
289165
0
288949
288561
0
287916
287166
0
286430
285910
0
285180
284970
0
282922
282906
0
280304
280236
0
279189
277494
0
276480
276111
0
275100
272920
0
272220
270125
0
268812
268707
0
268096
268088
0
267440
267340
0
265678
265597
0
265318
263496
0
261376
261080
0
255318
253770
0
251294
250674
0
250400
249588
0
248890
247972
0
244409
243989
0
243136
242709
0
241924
241715
0
240604
240573
0
239655
239377
0
238987
236967
0
236530
236080
0
235125
234800
0
233673
232626
0
231111
230920
0
230020
229484
0
228892
228412
0
226850
226300
0
225789
224945
0
223507
223446
0
222558
221985
0
221212
221112
0
220403
219741
0
218762
218227
0
218020
216986
0
216436
215710
0
215451
215216
0
213809
213744
0
213053
212542
0
211611
211455
0
211202
211080
0
210258
210094
0
209754
209664
0
209496
209454
0
209250
209130
0
207498
206382
0
205484
205068
0
204435
204380
0
201992
201811
0
201012
200745
0
200448
199610
0
198677
198088
0
197983
197478
0
196538
196192
0
193438
193321
0
192854
191696
0
190636
190452
0
187355
186897
0
186460
185926
0
184239
184206
0
183180
183110
0
182552
182347
0
181768
181600
0
179518
179448
0
179024
178416
0
177562
176940
0
175944
175656
0
175007
174969
0
174209
174156
0
173688
173535
0
172610
172220
0
171812
171540
0
171423
170940
0
170730
170460
0
169157
168176
0
167821
167820
0
167670
167616
0
166877
166855
0
166578
165820
0
164991
164400
0
163916
163827
0
163565
163554
0
163300
163256
0
162916
162744
0
162097
162080
0
161924
161756
0
160260
159868
0
159268
158580
0
158090
157350
0
156915
156329
0
155824
155304
0
154946
154431
0
153605
153341
0
152966
152912
0
152562
152397
0
152124
152082
0
151311
151281
0
150774
149436
0
148828
148347
0
147972
147747
0
147598
147294
0
146660
146106
0
145455
144060
0
143493
143466
0
143237
142784
0
142232
142032
0
141429
141178
0
140800
140724
0
140075
139544
0
138712
138491
0
138114
137949
0
137814
137687
0
137104
137033
0
136741
136634
0
135930
135850
0
135478
135254
0
134832
134757
0
133711
133686
0
132972
132800
0
132438
132405
0
132356
132324
0
132069
132024
0
131976
131943
0
131518
131332
0
131043
130860
0
130501
130471
0
130248
129810
0
129283
128802
0
128009
127804
0
127200
127179
0
126328
126145
0
125000
124155
0
124011
123774
0
123575
123464
0
123156
123036
0
122717
122630
0
122328
122026
0
121564
121558
0
121295
120984
0
120715
120662
0
120116
120079
0
119804
119675
0
119285
119225
0
119015
118917
0
118480
118377
0
117040
116526
0
116312
115842
0
115384
114981
0
114543
114288
0
113990
113949
0
113848
113769
0
113062
112972
0
112465
111878
0
111126
111108
0
110860
110172
0
109868
109688
0
109538
109192
0
107230
106982
0
106828
106190
0
105784
105694
0
105448
105400
0
105323
105183
0
105130
105121
0
104749
104725
0
104302
104200
0
103454
103376
0
103136
103048
0
102815
102611
0
102420
102320
0
101703
101312
0
100936
100912
0
100398
100058
0
99840
99780
0
99280
98906
0
98675
98585
0
98292
98242
0
97862
97440
0
97098
97045
0
96899
96741
0
96296
96266
0
96151
96108
0
95592
95395
0
95204
95192
0
95054
94842
0
93994
93954
0
93894
93849
0
93679
93654
0
93582
93525
0
93338
93240
0
93077
92987
0
92104
91598
0
91176
91077
0
90409
90408
0
90288
90282
0
90098
90015
0
89789
89712
0
89407
89253
0
88892
88692
0
88123
88104
0
87975
87822
0
87546
87348
0
87042
87003
0
86923
86878
0
86426
86423
0
86184
86182
0
85813
85780
0
85552
85549
0
84756
84628
0
84500
84224
0
84123
84102
0
83980
83866
0
83613
83478
0
83439
83430
0
83406
83385
0
83195
83144
0
82688
82224
0
82038
81976
0
81810
81706
0
81447
81164
0
80936
80676
0
80572
80516
0
80488
80400
0
80316
80315
0
80198
80092
0
79962
79800
0
79688
79486
0
79310
79104
0
78990
78976
0
78837
78706
0
78446
78312
0
77920
77868
0
77764
77703
0
77643
77464
0
77264
77245
0
77134
77004
0
76800
76743
0
76590
76566
0
76464
76412
0
76352
76343
0
76316
76296
0
76230
76172
0
76006
75934
0
75734
75662
0
75471
75242
0
75103
75033
0
75003
74945
0
74715
74532
0
74440
74218
0
73784
73782
0
73614
73560
0
73032
73026
0
72882
72878
0
72813
72772
0
72564
72380
0
72298
72282
0
72262
72261
0
72170
72065
0
71962
71940
0
71720
71694
0
71502
71446
0
71355
71313
0
71254
71224
0
71180
71132
0
71114
71108
0
71034
71002
0
70784
70782
0
70680
70670
0
70506
70504
0
70438
70424
0
70292
70242
0
70197
70176
0
70140
70086
0
70000
69874
0
69830
69816
0
69759
69736
0
69694
69648
0
69561
69540
0
69515
69414
0
69320
69313
0
69186
69000
0
68983
68890
0
68852
68845
0
68805
68782
0
68755
68754
0
68701
68578
0
68565
68512
0
68382
68370
0
68258
68148
0
68066
68022
0
67914
67806
0
67742
67682
0
67600
67590
0
67480
67474
0
67448
67428
0
67314
67260
0
67182
67132
0
67100
67094
0
67071
67014
0
66987
66912
0
66879
66874
0
66759
66690
0
66685
66676
0
66624
66606
0
66509
66444
0
66244
66180
0
65834
65658
0
65632
65609
0
65528
65495
0
65348
65332
0
65288
65250
0
65097
65064
0
64952
64890
0
64846
64738
0
64699
64694
0
64629
64574
0
64534
64468
0
64422
64422
0
64374
64362
0
64243
64204
0
64180
64167
0
64123
64088
0
63984
63970
0
63891
63864
0
63836
63834
0
63754
63731
0
63676
63672
0
63560
63557
0
63515
63513
0
63432
63418
0
63378
63330
0
63305
63300
0
63048
63032
0
62962
62926
0
62835
62834
0
62816
62808
0
62709
62624
0
62590
62578
0
62464
62448
0
62422
62410
0
62340
62335
0
62304
62239
0
62200
62182
0
62122
62106
0
62092
62014
0
61930
61922
0
61791
61776
0
61707
61688
0
61660
61634
0
61431
61407
0
61283
61272
0
61254
61227
0
61208
61201
0
61178
61131
0
61046
60923
0
60908
60896
0
60720
60702
0
60627
60613
0
60486
60396
0
60364
60356
0
60299
60286
0
60268
60258
0
60225
60215
0
60176
60143
0
60109
60072
0
60018
59973
0
59893
59884
0
59850
59839
0
59822
59784
0
59759
59757
0
59739
59701
0
59644
59593
0
59570
59559
0
59496
59484
0
59414
59391
0
59357
59355
0
59232
59226
0
59191
59168
0
59148
59145
0
59108
59072
0
59035
58971
0
58924
58894
0
58784
58776
0
58760
58721
0
58694
58692
0
58629
58619
0
58460
58441
0
58347
58282
0
58247
58242
0
58233
58194
0
58144
58102
0
57999
57930
0
57921
57906
0
57896
57824
0
57806
57787
0
57735
57714
0
57696
57662
0
57637
57632
0
57596
57581
0
57516
57510
0
57504
57498
0
57488
57485
0
57435
57382
0
57352
57342
0
57324
57294
0
57263
57255
0
57152
57146
0
57052
57051
0
57038
57022
0
57006
56988
0
56918
56912
0
56854
56843
0
56798
56778
0
56748
56748
0
56731
56691
0
56644
56631
0
56621
56620
0
56606
56568
0
56517
56500
0
56472
56470
0
56430
56424
0
56402
56340
0
56285
56243
0
56119
56097
0
56065
56064
0
56022
56021
0
56011
55984
0
55919
55904
0
55894
55861
0
55819
55814
0
55742
55737
0
55715
55680
0
55675
55670
0
55632
55618
0
55563
55535
0
55510
55492
0
55472
55460
0
55426
55419
0
55394
55389
0
55372
55368
0
55334
55320
0
55247
55208
0
55174
55166
0
55138
55136
0
55119
55108
0
55092
55085
0
55061
55051
0
55022
55000
0
54986
54983
0
54905
54876
0
54836
54816
0
54766
54735
0
54724
54667
0
54620
54601
0
54574
54559
0
54521
54474
0
54414
54401
0
54357
54349
0
54270
54261
0
54174
54162
0
54120
54110
0
54107
54078
0
54051
54033
0
54000
53974
0
53950
53940
0
53926
53905
0
53871
53868
0
53853
53845
0
53800
53800
0
53774
53763
0
53722
53717
0
53678
53661
0
53622
53619
0
53612
53612
0
53604
53594
0
53561
53536
0
53495
53464
0
53444
53441
0
53423
53422
0
53362
53360
0
53350
53348
0
53328
53322
0
53312
53306
0
53202
53199
0
53114
53112
0
53099
53092
0
53088
53058
0
53045
53043
0
53032
53029
0
53011
53006
0
53002
52998
0
52989
52985
0
52953
52952
0
52938
52919
0
52869
52863
0
52818
52777
0
52680
52675
0
52673
52660
0
52652
52646
0
52620
52614
0
52603
52578
0
52571
52561
0
52547
52544
0
52532
52524
0
52516
52511
0
52492
52465
0
52447
52428
0
52410
52406
0
52375
52364
0
52347
52346
0
52335
52334
0
52315
52305
0
52280
52266
0
52219
52198
0
52188
52185
0
52180
52166
0
52153
52148
0
52119
52109
0
52069
52069
0
52058
52053
0
52052
52043
0
52028
51997
0
51989
51974
0
51966
51964
0
51960
51958
0
51954
51937
0
51925
51909
0
51906
51899
0
51862
51840
0
51810
51795
0
51774
51733
0
51683
51675
0
51663
51628
0
51597
51592
0
51565
51516
0
51515
51514
0
51499
51477
0
51450
51442
0
51390
51386
0
51282
51282
0
51243
51237
0
51219
51209
0
51186
51184
0
51184
51181
0
51169
51149
0
51138
51117
0
51092
51085
0
51057
51055
0
51046
51033
0
51027
51022
0
51010
51001
0
50982
50914
0
50911
50908
0
50901
50896
0
50890
50866
0
50835
50810
0
50775
50769
0
50739
50728
0
50692
50675
0
50637
50634
0
50596
50529
0
50525
50522
0
50459
50443
0
50427
50417
0
50363
50362
0
50337
50322
0
50302
50292
0
50268
50268
0
50256
50244
0
50175
50132
0
50130
50105
0
50067
50064
0
50055
50051
0
50047
50040
0
50033
50032
0
50006
50001
0
49995
49989
0
49966
49963
0
49953
49938
0
49905
49903
0
49895
49860
0
49810
49809
0
49801
49777
0
49772
49735
0
49721
49710
0
49692
49692
0
49660
49648
0
49606
49580
0
49566
49540
0
49502
49502
0
49490
49478
0
49452
49442
0
49427
49419
0
49411
49406
0
49396
49371
0
49359
49356
0
49346
49306
0
49295
49266
0
49229
49199
0
49176
49175
0
49152
49149
0
49126
49121
0
49108
49083
0
49058
49041
0
49033
49032
0
49000
48985
0
48945
48923
0
48905
48903
0
48870
48868
0
48865
48858
0
48845
48833
0
48805
48779
0
48755
48754
0
48720
48690
0
48668
48665
0
48662
48655
0
48634
48593
0
48571
48560
0
48550
48549
0
48522
48513
0
48459
48453
0
48429
48419
0
48404
48393
0
48387
48382
0
48346
48342
0
48321
48318
0
48295
48288
0
48280
48268
0
48224
48208
0
48200
48191
0
48178
48175
0
48162
48149
0
48131
48123
0
48112
48093
0
48089
48085
0
48058
48055
0
48033
48032
0
48023
48023
0
48003
48002
0
47962
47956
0
47936
47902
0
47889
47886
0
47879
47866
0
47863
47853
0
47837
47836
0
47790
47778
0
47756
47752
0
47742
47736
0
47729
47703
0
47697
47670
0
47645
47640
0
47601
47587
0
47555
47543
0
47531
47511
0
47500
47499
0
47477
47458
0
47428
47426
0
47426
47411
0
47388
47387
0
47373
47373
0
47358
47354
0
47324
47297
0
47276
47272
0
47257
47246
0
47205
47204
0
47188
47178
0
47147
47140
0
47125
47106
0
47074
47055
0
47042
47040
0
47013
47012
0
47003
46995
0
46977
46964
0
46948
46939
0
46928
46928
0
46894
46860
0
46856
46848
0
46845
46838
0
46832
46828
0
46771
46768
0
46749
46737
0
46726
46720
0
46713
46713
0
46703
46701
0
46693
46686
0
46654
46645
0
46638
46631
0
46598
46594
0
46587
46579
0
46575
46572
0
46551
46543
0
46531
46526
0
46480
46475
0
46465
46453
0
46445
46414
0
46405
46394
0
46370
46324
0
46311
46305
0
46244
46242
0
46203
46191
0
46173
46173
0
46163
46161
0
46147
46089
0
46060
46047
0
46025
46007
0
45979
45971
0
45951
45944
0
45926
45896
0
45867
45852
0
45840
45828
0
45826
45822
0
45793
45763
0
45744
45721
0
45700
45696
0
45678
45673
0
45669
45664
0
45635
45631
0
45624
45621
0
45605
45599
0
45586
45577
0
45560
45550
0
45489
45487
0
45477
45459
0
45451
45428
0
45410
45368
0
45316
45309
0
45275
45272
0
45268
45258
0
45215
45204
0
45199
45197
0
45196
45185
0
45178
45176
0
45136
45125
0
45116
45108
0
45096
45075
0
45061
45048
0
45021
44994
0
44975
44975
0
44946
44921
0
44909
44904
0
44898
44830
0
44812
44812
0
44798
44794
0
44754
44754
0
44736
44698
0
44693
44692
0
44657
44653
0
44650
44646
0
44636
44608
0
44560
44554
0
44546
44511
0
44487
44477
0
44449
44449
0
44447
44446
0
44422
44422
0
44419
44416
0
44402
44397
0
44374
44354
0
44324
44311
0
44300
44260
0
44203
44198
0
44176
44175
0
44155
44134
0
44101
44078
0
44054
44045
0
43986
43976
0
43969
43963
0
43946
43932
0
43911
43889
0
43855
43820
0
43765
43762
0
43726
43724
0
43682
43669
0
43650
43626
0
43609
43599
0
43562
43499
0
43494
43484
0
43466
43434
0
43423
43359
0
43334
43326
0
43317
43292
0
43253
43244
0
43221
43197
0
43166
43166
0
43156
43152
0
43110
43106
0
43098
43095
0
43081
43067
0
43045
43011
0
43008
42966
0
42942
42933
0
42923
42920
0
42908
42907
0
42843
42828
0
42821
42813
0
42795
42786
0
42771
42764
0
42744
42736
0
42707
42690
0
42675
42649
0
42610
42594
0
42582
42575
0
42528
42443
0
42431
42423
0
42396
42392
0
42365
42323
0
42317
42299
0
42284
42284
0
42262
42244
0
42180
42176
0
42138
42124
0
42115
42115
0
42074
42050
0
42007
42000
0
41980
41959
0
41910
41886
0
41878
41869
0
41858
41841
0
41790
41788
0
41775
41748
0
41688
41681
0
41659
41654
0
41635
41606
0
41581
41569
0
41509
41479
0
41441
41434
0
41413
41412
0
41406
41400
0
41377
41367
0
41363
41354
0
41340
41335
0
41333
41318
0
41285
41254
0
41243
41243
0
41208
41181
0
41115
41099
0
41080
41063
0
41029
41017
0
41004
40999
0
40977
40947
0
40938
40934
0
40887
40867
0
40809
40800
0
40737
40720
0
40690
40689
0
40665
40665
0
40644
40638
0
40620
40618
0
40584
40581
0
40571
40552
0
40492
40491
0
40447
40437
0
40420
40400
0
40393
40385
0
40329
40320
0
40306
40260
0
40230
40223
0
40201
40200
0
40145
40145
0
40143
40132
0
40081
40079
0
40059
40057
0
40046
40025
0
40009
39987
0
39957
39951
0
39924
39909
0
39874
39844
0
39823
39809
0
39784
39769
0
39750
39733
0
39680
39671
0
39639
39634
0
39628
39625
0
39621
39619
0
39613
39597
0
39561
39506
0
39498
39478
0
39451
39441
0
39425
39418
0
39410
39407
0
39379
39359
0
39358
39352
0
39272
39263
0
39261
39249
0
39230
39196
0
39146
39134
0
39109
39103
0
39064
39063
0
39048
39047
0
39022
39006
0
38997
38985
0
38969
38966
0
38949
38946
0
38902
38890
0
38872
38868
0
38835
38833
0
38804
38792
0
38771
38742
0
38710
38699
0
38685
38670
0
38621
38598
0
38588
38588
0
38571
38560
0
38559
38517
0
38486
38466
0
38446
38444
0
38417
38415
0
38400
38397
0
38374
38373
0
38371
38356
0
38319
38310
0
38301
38297
0
38247
38240
0
38234
38213
0
38195
38187
0
38164
38164
0
38149
38149
0
38127
38102
0
38061
38061
0
38049
38048
0
38046
38027
0
38020
38020
0
38010
38006
0
37983
37980
0
37966
37963
0
37944
37937
0
37908
37888
0
37843
37840
0
37809
37799
0
37783
37770
0
37739
37729
0
37715
37704
0
37697
37656
0
37640
37634
0
37623
37591
0
37556
37534
0
37502
37475
0
37452
37448
0
37446
37432
0
37400
37396
0
37371
37359
0
37344
37340
0
37307
37296
0
37231
37204
0
37202
37195
0
37173
37152
0
37133
37127
0
37120
37107
0
37102
37066
0
37049
37034
0
37027
37021
0
37004
37001
0
36960
36956
0
36935
36925
0
36918
36913
0
36908
36904
0
36884
36883
0
36868
36867
0
36844
36837
0
36803
36782
0
36775
36766
0
36746
36729
0
36717
36701
0
36671
36663
0
36642
36642
0
36592
36588
0
36577
36576
0
36554
36535
0
36524
36519
0
36504
36500
0
36491
36484
0
36450
36449
0
36428
36423
0
36405
36388
0
36369
36357
0
36337
36335
0
36315
36303
0
36281
36270
0
36260
36258
0
36258
36250
0
36245
36229
0
36204
36198
0
36164
36142
0
36087
36087
0
36074
36068
0
36048
36044
0
36041
36026
0
35991
35988
0
35962
35949
0
35918
35890
0
35881
35865
0
35850
35838
0
35801
35797
0
35788
35785
0
35768
35756
0
35748
35730
0
35721
35720
0
35718
35713
0
35693
35684
0
35658
35652
0
35626
35598
0
35568
35563
0
35529
35521
0
35503
35474
0
35469
35450
0
35418
35415
0
35402
35370
0
35356
35337
0
35315
35315
0
35289
35285
0
35256
35254
0
35235
35223
0
35210
35184
0
35151
35135
0
35106
35046
0
35026
35012
0
35003
35002
0
34983
34966
0
34953
34944
0
34924
34912
0
34904
34891
0
34868
34868
0
34820
34814
0
34800
34796
0
34783
34776
0
34757
34752
0
34737
34724
0
34682
34660
0
34647
34627
0
34549
34542
0
34526
34485
0
34448
34430
0
34412
34404
0
34397
34397
0
34387
34377
0
34336
34283
0
34280
34247
0
34211
34182
0
34161
34117
0
34105
34093
0
34090
34088
0
34053
34038
0
33999
33984
0
33965
33962
0
33883
33880
0
33834
33778
0
33755
33745
0
33725
33720
0
33680
33672
0
33640
33615
0
33579
33544
0
33477
33467
0
33433
33424
0
33392
33341
0
33248
33181
0
33108
33107
0
33084
33084
0
33032
33022
0
33021
33019
0
32934
32922
0
32889
32823
0
32697
32696
0
32648
32631
0
32525
32517
0
32489
32465
0
32421
32415
0
32363
32346
0
32310
32298
0
32148
32116
0
32050
32002
0
31976
31901
0
31893
31880
0
31786
31785
0
31554
31508
0
31454
31393
0
31220
31216
0
30999
30978
0
30952
30908
0
30769
30757
0
30512
30508
0
30394
30379
0
30274
30248
0
30181
30135
0
29916
29832
0
29392
29354
0
29166
29050
0
28910
28701
0
28547
28236
0
28014
27880
0
27739
27630
0
26709
26668
0
26291
26067
0
25957
25912
0
25605
24888
0
24698
24586
0
24437
24396
0
24046
23978
0
23649
23178
0
22609
22462
0
21891
21730
0
21192
21170
0
20848
20842
0
20304
20288
0
19413
19030
0
18600
18040
0
17926
17616
0
17218
17132
0
16836
16244
0
15838
15825
0
15505
15425
0
15332
15270
0
15120
15022
0
14951
14808
0
14628
14582
0
14283
14059
0
13801
13609
0
13354
13160
0
12697
12697
0
12433
12407
0
12338
12262
0
11832
11716
0
11682
11663
0
11418
11324
0
11046
10987
0
10794
10794
0
10727
10488
0
9978
9966
0
9432
9414
0
9314
9024
0
7592
7506
0
7282
7210
0
6336
6303
0
5890
5742
0
5010
4965
0
4842
4829
0
4789
4764
0
4592
4501
0
4103
4056
0
3904
3848
0
3737
3708
0
3652
3436
0
3414
3376
0
3293
3235
0
3195
3074
0
2820
2754
0
2699
2684
0
2662
2565
0
2499
2462
0
2395
2366
0
2260
2250
0
2180
1988
0
1968
1950
0
1928
1901
0
1853
1848
0
1829
1776
0
1662
1629
0
1544
1505
0
1441
1441
0
1393
1275
0
1249
1236
0
1222
1212
0
1195
1176
0
1144
1122
0
1050
1040
0
1032
952
0
878
867
0
818
810
0
752
674
0
385
273
0
182
178
0
93