136482
158
54323
1293
107694
66964
19190
4332772
20851
10719
128523
37060
10
16536
4098
15845
4096
31153
19556
4030
6910
4727
2
4551
14544
26546
8978
659
89878
4098
22287
626
164793
16414
4197
16268
310052
203
7
1
9723
3156
2
55332
16266
13480
1
2289
473
33
3
1
4195
8461
1327
195286
1286
1704
223713
3
1060
2
2103
2
30650
624
4161
138
1
173
173
173
692
629
75
608
28126
6
725
12
2
624
74
1
1209
6315
3198
3421
1
161
75267
401
1720
76
560
11884
381
4
76
827
260
260
260
342
310
31
8979
1
222
1912
13
531
2
250
3
236
4
2
623
106
12
1
624
11530
1
199
184
175
334
172
12
175
1720
2375
1371
199
334
2033
1
3352
130
165
137
135
10
5005
71
2375
3352
113
236
119
351
373
75
456
165
2375
456
102
102
102
3352
5
1
978
4
175
87
201
23
86
82
1
74
159
81
632
15
90
76
15
140
75
4866
15
625
184
200
72
622
599
71
21
66
184
157
4
66
413
25
112
471
447
2
10
52
118
58
370
10
54
108
46
17
1171
6
49
138
1
207
309
122
46
45
82
44
17
2
77
13
10
76
92
79
2
17
82
73
278
326
599
229
184
63
320
77
82
13
17
599
50
6
184
87
8
30
219
8
8
221
246
69
236
45
63
60
81
15
413
71
56
82
52
413
3
56
138
56
248
46
78
56
59
130
1
5
1
27
66
58
158
13
519
20
52
58
6
4
48
9
50
471
45
471
56
8
25
6
689
55
49
25
45
4
9
17
15
28
2
448
36
798
52
49
2
41
309
48
144
40
309
26
25
32
10
38
2
184
4
32
10
25
121
663
186
2
40
1
663
1
35
28
1
12
42
13
1
111
103
35
5
3
5
1
663
5
37
1
12
4
23
12
374
22
139
26
32
35
35
17
140
28
168
55
25
6
135
3578
246
16
31
125
4
34
170
12
246
156
35
111
155
177
9
128
29
12
8
1
2
119
110
114
29
123
9
134
9
119
3580
56
22
101
2
107
12
32
29
18
81
191
10
12
46
2
62
22
33
20
110
12
3
13
4
52
1
12
114
20
28
27
24
28
20
16
116
1
89
32
26
8
13
23
73
6
33
10
12
21
21
2
373
1
9
1
23
2
2
14
160
22
12
1
6
258
1
9
18
19
21
42
373
23
4
73
16
5
3
27
16
20
3
12
18
2
90
7
6
2
4
19
80
5
13
7
20
9
7
96
49
1
1
84
20
61
48
17
7
6
24
33
11
8
1
5
9
6
61
11
1
10
1
82
6
19
9
160
87
1
10
19
3
63
9
47
3
31
10
17
59
8
160
18
6
14
7
7
56
6
16
1
17
9
14
7
17
57
8
5
7
8
1
5
6
1
8
4
15
2
5
7
3
1
47
2
14
7
48
15
5
8
2
15
54
13
5
13
1
6
1
4
19
1
6
5
4
12
6
48
48
3
3
6
3
7
3
12
6
1
13
2
1
1
2
4
8
4
15
12
2
5
8
48
2
6
11
8
48
55
8
3
3
2
2
5
34
6
1
5
2
10
22
1
2
6
22
4
84
2
2
1
48
13
8
2
7
5
1
1
4
3
12
2
13
17
1
2
26
48
73
10
16
1
1
9
33
9
73
1
31
3
21
3
2
9
9
8
12
1
9
40
2
1
16
3
2
8
10
12
4
78
14
1
6
1
2
4
8
3
8
1
2
3
3
16
72
4
1
12
2
2
6
3
7
2
7
2
5
38
12
5
4
7
6
8
47
4
3
1
3
4
11
3
2
2
4
2
1
2
5
8
13
24
47
4
3
5
1
38
3
1
1
6
6
1
17
7
13
5
3
2
1
3
3
1
3
6
6
2
2
1
2
5
5
3
1
8
2
8
2
2
1
2
2
6
9
2
2
6
5
1
2
6
79
3
3
4
3
1
22
6
1
5
17
20
3
1
3
1
2
3
3
2
17
2
4
3
9
14
5
4
6
3
12
3
20
2
6
21
2
2
80
2
3
2
2
4
2
1
1
17
1
9
2
4
1
6
1
2
1
1
1
24
3
19
18
1
3
3
12
1
1
7
1
1
1
3
1
1
19
1
7
13
5
2
1
3
1
2
3
1
3
7
13
2
1
7
3
20
3
1
8
3
2
2
1
1
25
1
3
3
6
1
1
5
1
1
3
1
21
3
2
2
2
5
5
3
2
7
2
2
13
13
4
12
1
3
3
2
5
3
2
6
5
1
12
5
1
12
3
3
16
2
2
2
5
1
2
1
1
1
1
141
2
20
13
3
10
88
1
1
1
2
18
2
1
2
2
10
1
1
8
3
3
1
5
3
1
3
4
5
1
2
1
2
4
10
1
1
9
2
2
1
1
1
9
10
5
1
1
2
1
1
2
1
2
2
1
1
2
1
2
1
6
1
11
2
12
1
1
1
2
2
1
12
2
14
1
1
2
2
3
2
9
1
1
14
2
1
1
1
9
1
2
3
7
3
2
1
2
3
2
8
3
33
5
3
8
2
2
2
2
4
3
3
22
1
1
1
2
1
1
2
2
2
3
1
22
3
1
3
8
1
2
2
2
97
2
1
2
3
1
1
3
1
1
1
1
1
6
3
2
2
2
2
2
8
1
1
1
4
1
2
24
2
4
1
1
1
2
1
4
2
1
1
1
14
7
3
1
4
5
7
2
4
1
1
9
21
3
1
1
3
9
3
1
2
1
1
12
1
3
2
6
1
1
23
1
20
3
1
2
4
4
1
24
1
2
1
4
1
1
1
1
15
1
8
4
4
1
3
1
2
1
2
4
3
2
3
16
15
1
1
2
4
20
2
1
1
5
1
5
2
8
1
3
3
2
1
1
15
1
9
1
1
14
2
2
9
1
4
3
5
2
6
1
1
1
1
1
15
7
1
1
4
1
1
1
1
6
8
1
2
2
1
1
1
1
1
1
4
1
4
1
1
15
3
1
10
8
1
66
1
1
1
2
1
1
1
1
2
8
3
1
1
2
6
1
1
1
3
1
4
1
1
1
3
2
2
8
1
5
1
4
2
1
10
1
1
1
1
486
6
2
1
3
1
2
4
1
1
9
2
4
1
3
8
1
2
9
1
12
1
4
7
3
1
15
1
2
5
1
1
4
1
2
8
1
4
1
1
1
1
4
1
3
4
1
1
1
1
9
1
3
3
8
7
2
8
6
1
2
1
4
1
1
2
9
1
9
2
1
2
1
9
4
2
2
1
2
2
3
1
4
1
10
2
2
3
1
1
2
2
3
1
1
2
4
1
1
7
1
4
2
5
5
2
3
5
10
1
3
1
1
5
1
8
7
2
1
4
4
2
1
5
1
7
6
2
8
1
2
5
4
1
4
2
7
1
3
4
9
2
1
2
2
1
3
3
1
4
1
2
5
6
5
1
1
9
3
1
2
1
11
1
1
7
1
1
2
2
2
2
6
3
1
6
5
2
1
2
1
6
1
3
3
4
1
4
2
1
2
2
2
1
2
3
3
2
2
2
1
3
2
2
3
1
4
7
9
3
1
3
2
1
4
3
2
1
4
5
3
3
3
4
2
2
3
4
1
11
6
2
1
1
3
1
51
1
5
1
1
1
2
2
1
8
2
2
1
3
3
2
1
2
2
1
3
2
1
1
2
1
5
1
1
2
2
2
3
2
3
8
2
3
2
10
1
5
1
4
2
1
2
2
2
2
3
1
2
5
3
1
2
4
3
4
2
1
2
2
2
1
2
2
1
2
2
1
2
1
1
3
2
2
1
2
3
2
3
1
2
2
5
1
2
2
2
5
3
1
2
2
2
2
2
1
2
1
1
2
2
2
2
2
3
2
2
2
2
2
2
33
2
2
1
3
1
3
1
3
1
2
3
2
2
4
2
1
2
2
2
3
2
1
2
2
2
1
1
2
1
3
2
1
2
3
2
2
3
1
2
5
2
2
2
5
5
1
2
2
2
2
5
3
4
2
1
2
5
1
3
2
2
2
2
1
4
2
2
2
1
2
2
2
4
1
2
8
4
1
2
2
3
2
2
4
1
2
2
2
2
1
6
1
1
1
6
2
2
2
3
2
2
5
2
1
5
1
3
2
2
1
1
1
2
2
5
2
3
2
1
5
2
2
1
2
8
1
2
3
2
2
2
2
2
2
2
2
2
2
1
5
2
2
2
2
2
2
2
2
2
2
2
1
3
3
1
2
2
1
2
1
1
3
1
3
3
2
2
1
2
2
1
6
2
1
2
3
3
3
2
1
2
2
1
2
2
2
2
2
2
1
1
2
1
1
2
4
1
2
1
1
3
3
1
2
2
1
2
2
2
1
1
1
1
2
2
2
2
2
3
2
4
1
1
1
1
2
1
1
1
2
1
2
1
3
2
1
3
3
4
2
2
2
1
1
3
2
2
1
2
1
3
1
2
1
1
1
3
2
2
1
1
1
1
1
1
2
2
1
1
3
2
1
1
1
1
1
2
1
2
1
2
2
2
2
1
5
1
4
1
2
2
1
1
1
1
2
1
1
1
1
1
1
1
2
1
1
2
2
1
3
2
2
1
2
1
4
1
1
1
2
2
3
2
2
1
2
1
3
2
2
1
3
2
1
5
1
1
1
1
1
2
1
2
1
1
4
1
1
2
1
2
2
2
1
1
1
4
1
1
1
3
1
1
1
1
1
1
1
1
1
3
2
1
1
1
1
1
1
1
3
4
1
1
2
1
2
2
1
1
2
1
2
1
3
1
1
1
1
1
2
2
3
1
1
2
2
1
1
1
1
1
1
1
2
3
2
1
1
2
1
2
2
1
1
1
1
1
1
1
1
1
1
2
1
1
2
1
1
2
1
1
3
1
3
1
1
4
1
1
1
1
1
1
1
1
2
2
1
1
2
1
4
2
1
2
1
1
1
2
1
2
1
1
1
2
1
1
2
1
1
1
1
1
3
1
2
2
1
2
1
1
1
1
2
2
1
1
1
1
3
1
1
1
2
1
1
1
1
1
1
3
1
1
1
1
1
1
1
2
1
1
1
1
1
1
5
1
2
3
3
1
1
1
1
1
1
1
1
1
1
2
2
1
1
1
1
2
1
1
1
1
1
2
1
1
2
1
2
1
1
6
1
1
1
1
2
2
2
2
1
1
1
1
2
1
1
1
1
1
2
1
1
1
3
1
2
4
2
2
2
1
2
1
1
1
1
1
1
1
1
2
1
1
1
1
1
1
1
1
1
2
1
1
2
1
3
1
1
3
1
1
1
1
1
1
2
2
1
1
1
1
2
1
3
1
2
1
1
1
1
1
1
1
5
3
1
1
41
1
1
1
2
1
1
1
1
1
1
1
1
3
1
1
1
1
1
2
2
1
1
1
1
1
4
1
3
1
1
1
2
1
1
2
2
1
1
1
1
1
1
1
1
1
1
1
1
1
1
1
1
1
1
1
2
2
2
1
1
1
1
1
1
1
1
1
1
2
1
1
1
2
3
1
1
1
1
2
1
1
2
1
2
1
2
1
1
1
1
1
1
1
1
1
1
2
1
1
1
1
1
1
1
2
1
1
1
1
1
1
1
1
2
3
1
1
2
1
1
1
1
2
1
1
1
1
1
1
1
1
1
1
1
1
1
1
1
2
1
1
1
1
1
2
2
1
2
2
1
2
1
1
1
1
1
3
2
1
1
1
4
1
2
1
1
1
1
2
1
1
1
2
1
1
1
2
1
1
1
1
1
2
1
1
1
1
1
1
1
1
1
2
1
1
1
1
1
1
1
1
1
1
1
3
1
2
1
1
1
1
1
1
1
1
1
2
1
1
1
1
1
2
1
1
1
1
1
1
3
2
1
1
1
1
1
1
1
1
1
1
1
1
1
1
2
1
2
2
1
1
1
1
1
1
2
1
1
1
1
1
1
1
1
1
1
1
1
1
1
1
1
1
2
1
1
1
1
1
1
1
2
1
1
1
1
1
3
1
1
1
2
1
1
1
1
1
1
1
1
1
1
1
1
1
1
1
1
3
1
1
1
2
1
3
1
1
2
1
1
3
2
1
2
1
1
1
1
1
3
1
1
1
1
1
1
1
1
1
1
2
1
1
1
2
1
1
3
1
1
2
1
1
1
1
1
1
1
1
1
3
1
1
1
1
1
1
3
4
1
1
1
5
1
1
3
1
2
2
1
1
1
1
1
2
2
1
1
1
1
1
1
2
1
1
1
1
1
1
1
2
1
1
1
1
1
1
1
1
1
1
1
1
1
1
1
2
1
1
1
1
1
1
1
30
2
1
2
2
1
1
1
1
3
1
1
1
1
1
2
1
1
1
2
1
1
2
3
1
1
1
1
1
1
1
1
1
1
1
1
1
1
1
1
1
1
3
2
1
1
1
1
1
2
1
1
1
1
1
1
1
1
1
1
1
1
1
1
3
1
2
1
1
1
1
1
2
1
1
1
2
1
1
1
1
1
1
1
1
1
1
1
2
1
1
1
1
1
2
3
1
1
1
1
1
1
1
1
2
2
1
1
1
1
1
2
1
1
1
2
1
1
1
2
1
1
1
1
1
1
2
1
1
1
1
2
1
1
1
1
2
1
1
1
1
1
1
2
1
1
2
2
1
2
1
1
1
1
1
1
4
2
1
1
1
1
3
2
1
1
1
1
1
1
1
1
1
1
1
1
1
1
2
1
1
1
1
1
1
1
1
1
1
1
1
1
1
1
1
2
1
1
1
2
1
3
1
1
1
1
1
1
1
1
1
1
1
1
2
1
1
2
1
1
1
1
1
2
2
1
1
2
1
1
1
1
1
1
2
1
1
1
2
1
1
1
1
1
1
1
1
1
2
1
5
1
1
6
1
1
1
1
1
1
1
1
1
2
4
1
1
2
1
1
1
1
1
1
1
1
1
1
1
1
1
1
1
1
1
2
1
1
1
1
1
1
1
1
6
1
1
1
1
1
1
1
1
1
2
1
1
1
1
1
1
1
2
1
1
1
1
1
1
1
1
1
1
3
1
1
2
1
1
1
2
1
2
1
1
1
1
1
1
1
1
1
2
1
1
2
1
1
1
1
1
1
1
1
1
1
2
1
1
1
1
1
1
1
1
2
2
1
2
1
1
1
1
1
1
1
2
1
1
2
5
1
1
1
1
1
2
1
2
1
2
1
1
1
2
1
2
2
1
2
1
1
2
1
1
1
7
1
1
1
1
1
1
1
2
2
2
1
2
2
2
1
1
2
2
1
1
1
2
1
1
2
1
1
1
1
1
2
1
2
1
1
2
1
1
2
1
1
1
1
1
1
1
1
1
2
1
1
1
2
1
1
1
1
1
1
1
1
1
1
1
1
1
2
1
1
1
1
1
1
1
1
1
1
1
2
1
1
1
1
2
2
1
1
1
2
1
1
2
3
1
2
1
1
1
1
1
2
1
1
1
2
1
1
1
1
1
1
1
1
1
1
1
2
1
1
1
2
1
1
1
1
1
1
3
1
1
1
1
4
1
1
1
1
1
1
1
1
1
1
1
1
1
1
1
1
1
1
1
1
1
2
1
2
2
1
1
1
1
1
1
1
1
2
1
1
1
1
1
1
1
2
1
1
1
1
2
1
1
1
2
1
1
1
1
1
2
2
1
1
1
1
1
1
1
1
1
1
1
1
37
1
1
1
1
1
2
1
1
1
2
3
1
1
1
2
1
1
1
1
1
1
1
1
1
1
1
1
1
1
1
1
2
1
1
1
1
1
1
1
1
1
1
2
1
1
1
1
1
1
1
1
1
1
1
1
1
1
1
1
1
1
1
1
1
1
1
2
1
1
1
1
1
1
1
1
1
1
2
1
1
1
2
1
1
1
1
1
21
1
1
1
1
1
1
1
1
1
1
1
1
1
1
1
1
1
2
1
1
1
1
1
2
1
1
1
1
1
1
1
1
1
1
1
1
1
1
1
1
2
1
1
1
1
1
1
1
1
1
1
1
1
1
1
1
1
1
1
10
1
1
4
1
1
1
1
1
1
1
1
1
2
1
1
1
1
1
1
1
1
1
1
1
1
1
1
1
1
1
1
1
1
1
1
2
1
1
1
1
1
1
1
1
1
1
1
1
1
1
1
1
1
1
1
1
1
1
1
1
1
1
1
1
1
1
1
1
1
1
1
1
1
1
1
1
1
1
1
2
1
2
1
1
1
1
1
1
1
1
1
1
1
1
1
1
1
2
1
1
1
1
1
1
1
1
1
1
1
1
1
1
1
1
1
1
1
4
1
2
1
3
1
1
1
1
1
1
1
1
1
1
1
1
1
1
1
1
1
1
1
1
1
1
1
1
1
1
1
1
4
1
1
1
1
1
1
1
1
1
1
1
1
1
1
1
1
1
1
1
1
1
1
1
1
1
1
1
1
1
1
1
1
1
1
1
1
1
1
1
1
1
1
1
1
1
1
1
1
2
1
1
1
1
1
1
1
1
1
1
1
1
1
1
1
1
1
1
1
1
1
1
1
1
1
1
1
1
1
1
1
1
1
1
1
2
1
1
1
1
1
1
1
1
1
1
1
1
1
1
1
1
1
1
1
1
1
1
1
1
1
1
1
1
1
1
1
1
1
5
1
1
1
1
1
1
1
1
1
1
1
1
1
1
1
1
1
1
1
1
1
1
1
1
1
1
1
1
1
1
1
1
1
1
1
1
1
1
1
1
1
1
1
1
1
1
1
1
1
1
1
1
1
1
1
1
1
1
1
1
1
1
1
1
1
1
1
1
1
1
1
1
1
1
1
1
1
1
1
1
1
1
1
1
1
1
1
1
1
1
1
1
1
2
1
1
1
1
1
2
1
1
1
1
1
1
1
1
1
1
1
1
1
1
1
1
1
1
1
1
1
1
1
1
1
1
1
1
1
1
1
1
1
1
1
1
1
1
3
1
1
1
1
1
1
1
1
1
1
1
1
1
1
1
1
1
1
3
1
1
1
1
1
1
1
1
1
3
1
1
1
1
1
1
1
1
1
1
1
1
1
1
1
1
1
1
1
1
1
1
1
1
1
1
1
1
1
1
1
1
1
1
1
1
1
1
1
1
1
2
1
1
1
1
1
1
1
1
1
1
1
1
1
1
1
1
1
1
1
1
1
1
1
1
1
1
1
1
1
1
1
1
1
1
1
1
1
1
1
1
1
1
1
1
1
1
1
1
1
1
1
1
1
1
1
1
1
1
1
1
1
1
1
1
1
1
1
1
2
1
1
1
1
1
1
1
1
1
1
1
1
1
1
1
1
1
1
1
1
1
3
1
1
1
1
1
1
1
1
1
1
1
1
1
1
1
1
7
1
1
1
1
1
1
1
1
1
1
1
1
1
1
1
1
1
3
1
1
1
1
1
1
1
1
1
1
1
1
1
1
1
1
1
1
1
1
1
1
1
1
2
1
1
1
1
1
1
2
1
1
1
1
1
1
1
1
1
1
1
1
2
1
1
1
1
1
1
1
1
1
1
1
1
1
1
1
2
4
1
1
1
1
1
1
2
1
2
1
1
1
1
1
1
1
1
1
2
1
2
1
1
2
2
2
2
1
3
1
3
30
1
10
1
1
1
1
3
1
1
1
1
2
1
1
3
3
3
2
2
2
1
1
12
3
1
2
1
1
2
2
2
2
2
1
2
1
1
3
12
2
2
2
1
4
1
3
5
1
2
1
3
1
1
2
2
2
52
1
1
1
1
1
1
1
1
2
1
1
1
1
1
2
1
1
1
2
2
1
1
1
1
1
1
1
1
1
1
1
1
1
1
1
1
1
1
2
1
1
1
1
1
2
1
1
1
2
1
1
21
2
1
1
1
2
1
2
1
2
6
1
2
2
1
8
6
2
1
1
2
1
3
4
1
3
2
2
3
2
1
1
1
1
2
2
1
1
1
1
6
2
4
1
4
1
1
1
2
1
3
2
2
1
1
1
2
3
2
1
3
1
1
3
1
1
1
1
1
3
3
3
1
2
1
4
2
1
1
2
2
1
1
1
1
1
1
1
1
1
2
1
2
1
1
1
1
1
1
1
1
1
1
5
1
1
1
1
2
1
1
1
8
3
1
1
1
3
1
1
2
1
10
1
1
2
1
2
1
1
1
1
5
3
2
2
2
2
1