0
16744097084
5820516789
0
4184773452
3500476136
0
1737441572
1720457712
0
1256569371
1221979380
0
940154280
892732908
0
684949503
652437279
0
593320780
478324020
0
445537929
391545285
0
344195436
336612154
0
298125326
284323338
0
270944694
264163179
0
243371439
229395068
0
222457956
222395502
0
177707270
171695867
0
151167024
148313388
0
141651086
137264463
0
117318861
114226437
0
108105150
107539309
0
104673296
93407324
0
89485200
88056003
0
70257880
69455781
0
67736500
66397968
0
61861950
61637238
0
56954887
56362881
0
53908445
53644875
0
49754894
49407408
0
49159523
48820203
0
45952298
45555822
0
45316439
44602506
0
43638524
39886623
0
38042870
37415160
0
37044560
37006776
0
35904980
35711260
0
33740720
33577960
0
32831315
32575110
0
31884429
31725142
0
29926624
28845218
0
26887486
26523750
0
24946852
24584680
0
23074051
22543762
0
22230589
22217520
0
21271864
21131014
0
19487475
19321900
0
18761964
18698400
0
18116500
18057441
0
17658246
17146322
0
16367816
16158350
0
15535663
15492600
0
14609595
14242955
0
13666104
13341684
0
13260408
13234455
0
13004625
12825912
0
12701500
12678168
0
12495000
12401262
0
11617290
11160122
0
10858976
10696875
0
10566570
10401635
0
9909946
9623996
0
9398172
9355662
0
9259755
9234180
0
9208725
9005500
0
8982636
8789445
0
8264728
8241200
0
7914950
7855885
0
7724052
7674281
0
7643388
7448572
0
7403438
7181050
0
7076303
7028628
0
6732889
6663540
0
6592802
6570830
0
6069222
5960736
0
5898490
5680521
0
5625444
5455140
0
5244552
5201397
0
5173251
5094540
0
4978644
4940030
0
4824820
4752007
0
4734040
4689516
0
4603976
4595576
0
4543812
4530844
0
4515262
4437104
0
4399353
4384896
0
4271872
4232228
0
4156461
4094950
0
4045608
3991125
0
3968910
3967404
0
3936200
3927391
0
3901950
3864264
0
3857616
3853379
0
3811110
3665788
0
3609704
3578726
0
3573276
3502593
0
3448482
3365655
0
3278236
3254316
0
3249543
3247660
0
3237475
3229122
0
3208259
3179676
0
3140852
3135278
0
3074083
3058746
0
3038836
2969808
0
2932950
2877810
0
2838717
2821224
0
2808675
2793126
0
2775465
2768059
0
2705535
2697420
0
2656862
2638215
0
2564498
2562112
0
2541630
2525536
0
2516024
2500672
0
2489904
2487744
0
2452842
2396134
0
2380448
2374360
0
2364198
2353912
0
2324352
2314600
0
2286537
2274753
0
2235886
2210480
0
2188563
2187831
0
2148104
2136046
0
2125998
2102529
0
2090907
2070712
0
2047850
2037471
0
2011171
1998282
0
1978464
1968930
0
1944847
1943730
0
1933206
1918840
0
1888952
1887872
0
1865430
1859970
0
1826972
1825320
0
1805800
1801374
0
1760376
1758162
0
1743347
1736750
0
1721046
1715980
0
1701335
1698528
0
1683648
1681750
0
1672506
1667328
0
1652796
1635784
0
1625008
1620185
0
1609452
1605613
0
1590723
1590178
0
1587935
1578780
0
1576761
1575801
0
1566908
1565112
0
1542365
1530180
0
1525517
1518820
0
1487364
1479096
0
1464144
1458798
0
1447050
1438740
0
1423162
1419472
0
1411955
1410468
0
1400760
1399776
0
1390512
1383088
0
1375040
1372396
0
1370333
1357888
0
1326512
1324245
0
1306335
1300572
0
1293210
1285392
0
1279593
1275868
0
1271475
1269072
0
1257387
1255098
0
1246070
1244800
0
1234320
1219813
0
1208730
1175510
0
1173330
1166942
0
1157982
1152197
0
1146504
1141136
0
1128760
1127154
0
1122384
1121840
0
1117392
1117260
0
1098540
1098118
0
1095454
1094472
0
1090800
1089530
0
1084153
1083240
0
1082627
1074336
0
1057812
1045903
0
1040660
1038403
0
1030863
1026648
0
1020312
1020162
0
1017416
1013295
0
990612
982679
0
980573
979711
0
978358
977604
0
976486
976067
0
974487
971479
0
950209
948534
0
941526
940235
0
921351
905330
0
891962
887752
0
876402
868416
0
866537
856660
0
848640
844672
0
837386
834858
0
832545
832320
0
826288
826049
0
814288
813903
0
813408
813064
0
808396
808320
0
802930
796775
0
792927
791151
0
785063
784980
0
778860
775965
0
765972
755430
0
754767
753430
0
748847
747798
0
742804
742634
0
737556
729325
0
725364
720012
0
717648
715395
0
704208
700563
0
695598
694236
0
692871
690105
0
679880
679135
0
675584
674928
0
669315
665784
0
663585
663368
0
658406
653664
0
649848
649824
0
648224
647316
0
647242
643292
0
640254
640217
0
638465
637902
0
633490
626848
0
624234
619234
0
613704
612176
0
607089
600672
0
599440
599072
0
596880
594317
0
593780
590337
0
582972
582959
0
580940
575580
0
571248
570349
0
569104
568562
0
567999
566973
0
563633
563451
0
556122
555681
0
553042
553005
0
548416
548040
0
543060
539720
0
537609
536784
0
535974
535432
0
530292
530128
0
522438
512925
0
507500
505546
0
498304
497892
0
494487
492500
0
490791
488784
0
485460
483302
0
480218
477854
0
470367
470309
0
467859
467824
0
463143
459540
0
455624
453796
0
450784
450542
0
447240
445481
0
444204
444169
0
441878
439822
0
437180
436094
0
434680
434632
0
428904
428264
0
427656
425445
0
425144
424704
0
423341
421686
0
417199
416126
0
414648
413220
0
412482
411659
0
407283
407069
0
403428
403110
0
401570
400316
0
392440
391675
0
387793
385424
0
383784
382760
0
381090
380255
0
378756
377739
0
376650
374790
0
373706
373486
0
372564
370209
0
367640
367125
0
365332
363438
0
362390
361471
0
360105
358773
0
357739
357058
0
355476
355298
0
352568
352352
0
351360
349944
0
348264
347790
0
343067
342186
0
340394
339792
0
338008
337796
0
335858
334272
0
333800
333519
0
332008
331161
0
330146
329868
0
328280
326699
0
326050
325335
0
322063
321718
0
319677
319124
0
318986
318843
0
316620
316539
0
316099
315710
0
313441
313376
0
311533
311277
0
310884
310687
0
309696
308596
0
306133
305122
0
304054
302934
0
301548
301146
0
300923
299676
0
299388
298805
0
298170
297032
0
296692
295198
0
292399
291795
0
291588
291137
0
290335
289925
0
289047
288949
0
288318
287916
0
286658
286430
0
285537
285180
0
283056
282922
0
282477
280304
0
280125
279189
0
276970
276480
0
275248
275100
0
272533
272220
0
269498
268812
0
268596
268096
0
267900
267440
0
266722
265678
0
265454
265318
0
262260
261376
0
258037
255318
0
253176
251294
0
250565
250400
0
249106
248890
0
245348
244409
0
243626
243136
0
242487
241924
0
241176
240604
0
240084
239655
0
239082
238987
0
236840
236530
0
235581
235125
0
234397
233673
0
232534
231111
0
230240
230020
0
229178
228892
0
227222
226850
0
226228
225789
0
224346
223507
0
223043
222558
0
221441
221212
0
220539
220403
0
219033
218762
0
218196
218020
0
216827
216436
0
215458
215451
0
214803
213809
0
213066
213053
0
211924
211611
0
211333
211202
0
210343
210258
0
209882
209754
0
209507
209496
0
209385
209250
0
208863
207498
0
205928
205484
0
205035
204435
0
203505
201992
0
201334
201012
0
200521
200448
0
198909
198677
0
198066
197983
0
197032
196538
0
194219
193438
0
193270
192854
0
190785
190636
0
188520
187355
0
186502
186460
0
185598
184239
0
183322
183180
0
182892
182552
0
182344
181768
0
180563
179518
0
179250
179024
0
177830
177562
0
176591
175944
0
175250
175007
0
174272
174209
0
173827
173688
0
173124
172610
0
171881
171812
0
171423
171423
0
170847
170730
0
169272
169157
0
168105
167821
0
167771
167670
0
167261
166877
0
166773
166578
0
165174
164991
0
164132
163916
0
163632
163565
0
163551
163300
0
163177
162916
0
162120
162097
0
161956
161924
0
160763
160260
0
159843
159268
0
158532
158090
0
156976
156915
0
156185
155824
0
155180
154946
0
154402
153605
0
152970
152966
0
152614
152562
0
152216
152124
0
151695
151311
0
151079
150774
0
148852
148828
0
148041
147972
0
147685
147598
0
146753
146660
0
145992
145455
0
143591
143493
0
143324
143237
0
142317
142232
0
141448
141429
0
141072
140800
0
140240
140075
0
138918
138712
0
138176
138114
0
137940
137814
0
137480
137104
0
136752
136741
0
136068
135930
0
135672
135478
0
134920
134832
0
134566
133711
0
133014
132972
0
132757
132438
0
132360
132356
0
132165
132069
0
132008
131976
0
131575
131518
0
131236
131043
0
130751
130501
0
130261
130248
0
129755
129283
0
128434
128009
0
127528
127200
0
126928
126328
0
125490
125000
0
124146
124011
0
123647
123575
0
123396
123156
0
122955
122717
0
122470
122328
0
121936
121564
0
121320
121295
0
120902
120715
0
120483
120116
0
119991
119804
0
119434
119285
0
119088
119015
0
118860
118480
0
117852
117040
0
116353
116312
0
115596
115384
0
114582
114543
0
113994
113990
0
113858
113848
0
113180
113062
0
112887
112465
0
111699
111126
0
110979
110860
0
109976
109868
0
109581
109538
0
108693
107230
0
106846
106828
0
105950
105784
0
105608
105448
0
105364
105323
0
105180
105130
0
104766
104749
0
104440
104302
0
103488
103454
0
103376
103136
0
103036
102815
0
102452
102420
0
101832
101703
0
101170
100936
0
100564
100398
0
99903
99840
0
99765
99280
0
98732
98675
0
98460
98292
0
98140
97862
0
97210
97098
0
97019
96899
0
96405
96296
0
96247
96151
0
95803
95592
0
95335
95204
0
95152
95054
0
94206
93994
0
93935
93894
0
93684
93679
0
93607
93582
0
93476
93338
0
93140
93077
0
92294
92104
0
91436
91176
0
90624
90409
0
90375
90288
0
90222
90098
0
89908
89789
0
89502
89407
0
89037
88892
0
88548
88123
0
88032
87975
0
87777
87546
0
87154
87042
0
86932
86923
0
86669
86426
0
86369
86184
0
86139
85813
0
85646
85552
0
85068
84756
0
84616
84500
0
84214
84123
0
83984
83980
0
83658
83613
0
83466
83439
0
83412
83406
0
83198
83195
0
83012
82688
0
82094
82038
0
81960
81810
0
81660
81447
0
81052
80936
0
80637
80572
0
80498
80488
0
80396
80316
0
80295
80198
0
79988
79962
0
79759
79688
0
79338
79310
0
79092
78990
0
78964
78837
0
78554
78446
0
78027
77920
0
77766
77764
0
77692
77643
0
77402
77264
0
77207
77134
0
76828
76800
0
76617
76590
0
76470
76464
0
76403
76352
0
76325
76316
0
76286
76230
0
76137
76006
0
75758
75734
0
75658
75471
0
75194
75103
0
75008
75003
0
74850
74715
0
74469
74440
0
73912
73784
0
73658
73614
0
73101
73032
0
72942
72882
0
72850
72813
0
72613
72564
0
72362
72298
0
72272
72262
0
72172
72170
0
72024
71962
0
71830
71720
0
71620
71502
0
71400
71355
0
71264
71254
0
71206
71180
0
71130
71114
0
71076
71034
0
70908
70784
0
70738
70680
0
70548
70506
0
70466
70438
0
70320
70292
0
70218
70197
0
70150
70140
0
70084
70000
0
69840
69830
0
69761
69759
0
69732
69694
0
69568
69561
0
69530
69515
0
69398
69320
0
69222
69186
0
68992
68983
0
68884
68852
0
68840
68805
0
68765
68755
0
68708
68701
0
68576
68565
0
68421
68382
0
68322
68258
0
68066
68066
0
67946
67914
0
67775
67742
0
67622
67600
0
67492
67480
0
67472
67448
0
67328
67314
0
67238
67182
0
67102
67100
0
67073
67071
0
66996
66987
0
66890
66879
0
66792
66759
0
66686
66685
0
66642
66624
0
66602
66509
0
66420
66244
0
66110
65834
0
65648
65632
0
65529
65528
0
65435
65348
0
65319
65288
0
65134
65097
0
64952
64952
0
64885
64846
0
64720
64699
0
64678
64629
0
64546
64534
0
64436
64422
0
64404
64374
0
64347
64243
0
64197
64180
0
64134
64123
0
64018
63984
0
63894
63891
0
63860
63836
0
63824
63754
0
63708
63676
0
63576
63560
0
63519
63515
0
63455
63432
0
63393
63378
0
63325
63305
0
63273
63048
0
62986
62962
0
62910
62835
0
62820
62816
0
62773
62709
0
62594
62590
0
62510
62464
0
62434
62422
0
62381
62340
0
62320
62304
0
62208
62200
0
62142
62122
0
62101
62092
0
61965
61930
0
61885
61791
0
61728
61707
0
61666
61660
0
61582
61431
0
61352
61283
0
61266
61254
0
61222
61208
0
61184
61178
0
61048
61046
0
60915
60908
0
60880
60720
0
60633
60627
0
60590
60486
0
60393
60364
0
60354
60299
0
60276
60268
0
60238
60225
0
60186
60176
0
60129
60109
0
60043
60018
0
59949
59893
0
59852
59850
0
59835
59822
0
59780
59759
0
59756
59739
0
59697
59644
0
59591
59570
0
59511
59496
0
59464
59414
0
59361
59357
0
59324
59232
0
59220
59191
0
59158
59148
0
59118
59108
0
59038
59035
0
58957
58924
0
58855
58784
0
58776
58760
0
58704
58694
0
58652
58629
0
58501
58460
0
58398
58347
0
58260
58247
0
58242
58233
0
58170
58144
0
58024
57999
0
57926
57921
0
57901
57896
0
57824
57806
0
57765
57735
0
57699
57696
0
57654
57637
0
57622
57596
0
57531
57516
0
57506
57504
0
57490
57488
0
57483
57435
0
57366
57352
0
57330
57324
0
57272
57263
0
57230
57152
0
57099
57052
0
57044
57038
0
57018
57006
0
56929
56918
0
56858
56854
0
56827
56798
0
56767
56748
0
56736
56731
0
56644
56644
0
56628
56621
0
56612
56606
0
56564
56517
0
56498
56472
0
56464
56430
0
56421
56402
0
56292
56285
0
56172
56119
0
56085
56065
0
56022
56022
0
56011
56011
0
55936
55919
0
55900
55894
0
55856
55819
0
55797
55742
0
55721
55715
0
55679
55675
0
55648
55632
0
55590
55563
0
55518
55510
0
55488
55472
0
55449
55426
0
55395
55394
0
55389
55372
0
55359
55334
0
55294
55247
0
55191
55174
0
55164
55138
0
55128
55119
0
55104
55092
0
55080
55061
0
55035
55022
0
54992
54986
0
54934
54905
0
54853
54836
0
54769
54766
0
54730
54724
0
54636
54620
0
54575
54574
0
54532
54521
0
54437
54414
0
54369
54357
0
54290
54270
0
54260
54174
0
54156
54120
0
54110
54107
0
54055
54051
0
54006
54000
0
53959
53950
0
53929
53926
0
53885
53871
0
53866
53853
0
53820
53800
0
53788
53774
0
53751
53722
0
53688
53678
0
53660
53622
0
53617
53612
0
53612
53604
0
53581
53561
0
53519
53495
0
53461
53444
0
53426
53423
0
53394
53362
0
53353
53350
0
53337
53328
0
53320
53312
0
53263
53202
0
53137
53114
0
53112
53099
0
53090
53088
0
53051
53045
0
53035
53032
0
53024
53011
0
53002
53002
0
52997
52989
0
52962
52953
0
52942
52938
0
52912
52869
0
52841
52818
0
52693
52680
0
52673
52673
0
52659
52652
0
52631
52620
0
52611
52603
0
52575
52571
0
52553
52547
0
52543
52532
0
52521
52516
0
52499
52492
0
52453
52447
0
52418
52410
0
52404
52375
0
52350
52347
0
52335
52335
0
52333
52315
0
52290
52280
0
52236
52219
0
52195
52188
0
52182
52180
0
52166
52153
0
52146
52119
0
52072
52069
0
52065
52058
0
52052
52052
0
52043
52028
0
51994
51989
0
51969
51966
0
51960
51960
0
51958
51954
0
51932
51925
0
51906
51906
0
51874
51862
0
51831
51810
0
51775
51774
0
51715
51683
0
51663
51663
0
51612
51597
0
51570
51565
0
51515
51515
0
51500
51499
0
51458
51450
0
51416
51390
0
51357
51282
0
51270
51243
0
51222
51219
0
51189
51186
0
51184
51184
0
51177
51169
0
51146
51138
0
51096
51092
0
51074
51057
0
51049
51046
0
51031
51027
0
51015
51010
0
50996
50982
0
50911
50911
0
50904
50901
0
50891
50890
0
50866
50835
0
50787
50775
0
50768
50739
0
50705
50692
0
50638
50637
0
50615
50596
0
50525
50525
0
50480
50459
0
50431
50427
0
50378
50363
0
50349
50337
0
50315
50302
0
50274
50268
0
50258
50256
0
50195
50175
0
50131
50130
0
50103
50067
0
50064
50055
0
50049
50047
0
50036
50033
0
50029
50006
0
50001
49995
0
49974
49966
0
49954
49953
0
49916
49905
0
49902
49895
0
49825
49810
0
49805
49801
0
49776
49772
0
49732
49721
0
49701
49692
0
49685
49660
0
49643
49606
0
49577
49566
0
49512
49502
0
49500
49490
0
49452
49452
0
49429
49427
0
49417
49411
0
49396
49396
0
49367
49359
0
49351
49346
0
49304
49295
0
49265
49229
0
49194
49176
0
49168
49152
0
49137
49126
0
49110
49108
0
49070
49058
0
49033
49033
0
49002
49000
0
48980
48945
0
48922
48905
0
48899
48870
0
48867
48865
0
48850
48845
0
48830
48805
0
48766
48755
0
48732
48720
0
48669
48668
0
48663
48662
0
48636
48634
0
48574
48571
0
48553
48550
0
48527
48522
0
48507
48459
0
48434
48429
0
48411
48404
0
48387
48387
0
48354
48346
0
48333
48321
0
48312
48295
0
48287
48280
0
48246
48224
0
48208
48200
0
48189
48178
0
48165
48162
0
48138
48131
0
48115
48112
0
48091
48089
0
48075
48058
0
48048
48033
0
48024
48023
0
48011
48003
0
47980
47962
0
47946
47936
0
47897
47889
0
47883
47879
0
47864
47863
0
47844
47837
0
47822
47790
0
47758
47756
0
47746
47742
0
47732
47729
0
47703
47697
0
47653
47645
0
47602
47601
0
47567
47555
0
47539
47531
0
47508
47500
0
47495
47477
0
47456
47428
0
47426
47426
0
47406
47388
0
47380
47373
0
47361
47358
0
47328
47324
0
47282
47276
0
47260
47257
0
47212
47205
0
47194
47188
0
47172
47147
0
47126
47125
0
47077
47074
0
47046
47042
0
47037
47013
0
47007
47003
0
46987
46977
0
46960
46948
0
46930
46928
0
46920
46894
0
46860
46856
0
46846
46845
0
46834
46832
0
46777
46771
0
46764
46749
0
46731
46726
0
46714
46713
0
46712
46703
0
46697
46693
0
46681
46654
0
46644
46638
0
46623
46598
0
46594
46587
0
46576
46575
0
46556
46551
0
46532
46531
0
46506
46480
0
46469
46465
0
46447
46445
0
46411
46405
0
46388
46370
0
46316
46311
0
46263
46244
0
46212
46203
0
46182
46173
0
46171
46163
0
46149
46147
0
46079
46060
0
46032
46025
0
46004
45979
0
45970
45951
0
45930
45926
0
45881
45867
0
45841
45840
0
45828
45826
0
45819
45793
0
45754
45744
0
45712
45700
0
45680
45678
0
45670
45669
0
45660
45635
0
45630
45624
0
45608
45605
0
45599
45586
0
45563
45560
0
45497
45489
0
45482
45477
0
45451
45451
0
45425
45410
0
45358
45316
0
45295
45275
0
45272
45268
0
45244
45215
0
45199
45199
0
45197
45196
0
45180
45178
0
45158
45136
0
45121
45116
0
45098
45096
0
45062
45061
0
45044
45021
0
44988
44975
0
44962
44946
0
44915
44909
0
44898
44898
0
44828
44812
0
44806
44798
0
44786
44754
0
44749
44736
0
44697
44693
0
44662
44657
0
44652
44650
0
44644
44636
0
44590
44560
0
44548
44546
0
44489
44487
0
44467
44449
0
44447
44447
0
44437
44422
0
44420
44419
0
44411
44402
0
44392
44374
0
44344
44324
0
44303
44300
0
44241
44203
0
44176
44176
0
44175
44155
0
44113
44101
0
44068
44054
0
44042
43986
0
43973
43969
0
43948
43946
0
43918
43911
0
43870
43855
0
43800
43765
0
43750
43726
0
43684
43682
0
43659
43650
0
43614
43609
0
43563
43562
0
43497
43494
0
43484
43466
0
43426
43423
0
43359
43334
0
43319
43317
0
43274
43253
0
43234
43221
0
43181
43166
0
43160
43156
0
43151
43110
0
43103
43098
0
43095
43081
0
43053
43045
0
43008
43008
0
42954
42942
0
42929
42923
0
42909
42908
0
42870
42843
0
42823
42821
0
42809
42795
0
42785
42771
0
42757
42744
0
42733
42707
0
42682
42675
0
42622
42610
0
42582
42582
0
42534
42528
0
42442
42431
0
42421
42396
0
42368
42365
0
42321
42317
0
42293
42284
0
42266
42262
0
42204
42180
0
42144
42138
0
42116
42115
0
42090
42074
0
42033
42007
0
41987
41980
0
41936
41910
0
41878
41878
0
41864
41858
0
41824
41790
0
41779
41775
0
41715
41688
0
41662
41659
0
41650
41635
0
41597
41581
0
41566
41509
0
41459
41441
0
41425
41413
0
41408
41406
0
41381
41377
0
41367
41363
0
41346
41340
0
41333
41333
0
41303
41285
0
41249
41243
0
41240
41208
0
41161
41115
0
41097
41080
0
41035
41029
0
41011
41004
0
40983
40977
0
40940
40938
0
40892
40887
0
40832
40809
0
40769
40737
0
40700
40690
0
40687
40665
0
40655
40644
0
40623
40620
0
40610
40584
0
40574
40571
0
40499
40492
0
40480
40447
0
40423
40420
0
40395
40393
0
40360
40329
0
40309
40306
0
40230
40230
0
40215
40201
0
40151
40145
0
40144
40143
0
40113
40081
0
40069
40059
0
40050
40046
0
40018
40009
0
39979
39957
0
39926
39924
0
39891
39874
0
39837
39823
0
39801
39784
0
39763
39750
0
39710
39680
0
39643
39639
0
39628
39628
0
39623
39621
0
39618
39613
0
39571
39561
0
39506
39498
0
39452
39451
0
39430
39425
0
39412
39410
0
39382
39379
0
39359
39358
0
39296
39272
0
39262
39261
0
39244
39230
0
39176
39146
0
39129
39109
0
39068
39064
0
39056
39048
0
39040
39022
0
39004
38997
0
38977
38969
0
38949
38949
0
38912
38902
0
38872
38872
0
38861
38835
0
38816
38804
0
38776
38771
0
38741
38710
0
38689
38685
0
38626
38621
0
38593
38588
0
38577
38571
0
38560
38559
0
38508
38486
0
38460
38446
0
38419
38417
0
38406
38400
0
38391
38374
0
38372
38371
0
38340
38319
0
38309
38301
0
38263
38247
0
38237
38234
0
38201
38195
0
38167
38164
0
38153
38149
0
38144
38127
0
38092
38061
0
38051
38049
0
38047
38046
0
38022
38020
0
38017
38010
0
38004
37983
0
37977
37966
0
37961
37944
0
37934
37908
0
37850
37843
0
37823
37809
0
37789
37783
0
37759
37739
0
37725
37715
0
37701
37697
0
37656
37640
0
37623
37623
0
37583
37556
0
37516
37502
0
37469
37452
0
37447
37446
0
37418
37400
0
37388
37371
0
37351
37344
0
37333
37307
0
37259
37231
0
37203
37202
0
37191
37173
0
37139
37133
0
37122
37120
0
37104
37102
0
37062
37049
0
37028
37027
0
37006
37004
0
36990
36960
0
36940
36935
0
36924
36918
0
36910
36908
0
36886
36884
0
36872
36868
0
36853
36844
0
36830
36803
0
36779
36775
0
36761
36746
0
36720
36717
0
36679
36671
0
36650
36642
0
36592
36592
0
36584
36577
0
36570
36554
0
36524
36524
0
36513
36504
0
36498
36491
0
36457
36450
0
36448
36428
0
36416
36405
0
36371
36369
0
36346
36337
0
36328
36315
0
36290
36281
0
36260
36260
0
36258
36258
0
36248
36245
0
36206
36204
0
36170
36164
0
36122
36087
0
36080
36074
0
36059
36048
0
36043
36041
0
36021
35991
0
35974
35962
0
35920
35918
0
35883
35881
0
35856
35850
0
35828
35801
0
35789
35788
0
35774
35768
0
35755
35748
0
35727
35721
0
35719
35718
0
35707
35693
0
35667
35658
0
35652
35626
0
35594
35568
0
35538
35529
0
35517
35503
0
35469
35469
0
35433
35418
0
35404
35402
0
35365
35356
0
35320
35315
0
35295
35289
0
35263
35256
0
35249
35235
0
35212
35210
0
35178
35151
0
35116
35106
0
35044
35026
0
35005
35003
0
34991
34983
0
34959
34953
0
34938
34924
0
34910
34904
0
34889
34868
0
34823
34820
0
34807
34800
0
34788
34783
0
34774
34757
0
34752
34737
0
34688
34682
0
34660
34647
0
34576
34549
0
34534
34526
0
34452
34448
0
34419
34412
0
34400
34397
0
34395
34387
0
34354
34336
0
34283
34280
0
34231
34211
0
34182
34161
0
34114
34105
0
34093
34090
0
34055
34053
0
34006
33999
0
33981
33965
0
33902
33883
0
33879
33834
0
33764
33755
0
33728
33725
0
33701
33680
0
33663
33640
0
33608
33579
0
33502
33477
0
33452
33433
0
33394
33392
0
33325
33248
0
33143
33108
0
33097
33084
0
33077
33032
0
33021
33021
0
33012
32934
0
32906
32889
0
32713
32697
0
32669
32648
0
32627
32525
0
32501
32489
0
32458
32421
0
32371
32363
0
32319
32310
0
32271
32148
0
32054
32050
0
31992
31976
0
31895
31893
0
31809
31786
0
31664
31554
0
31475
31454
0
31312
31220
0
31074
30999
0
30960
30952
0
30808
30769
0
30534
30512
0
30495
30394
0
30356
30274
0
30247
30181
0
30013
29916
0
29707
29392
0
29321
29166
0
28980
28910
0
28680
28547
0
28050
28014
0
27749
27739
0
27265
26709
0
26330
26291
0
26028
25957
0
25766
25605
0
24702
24698
0
24495
24437
0
24168
24046
0
23945
23649
0
23138
22609
0
21994
21891
0
21243
21192
0
20856
20848
0
20578
20304
0
19654
19413
0
18686
18600
0
18015
17926
0
17260
17218
0
16900
16836
0
15902
15838
0
15633
15505
0
15356
15332
0
15241
15120
0
14978
14951
0
14631
14628
0
14461
14283
0
13911
13801
0
13444
13354
0
13124
12697
0
12500
12433
0
12366
12338
0
11944
11832
0
11699
11682
0
11496
11418
0
11072
11046
0
10980
10794
0
10749
10727
0
10325
9978
0
9663
9432
0
9376
9314
0
7745
7592
0
7496
7282
0
6600
6336
0
6160
5890
0
5374
5010
0
4900
4842
0
4807
4789
0
4708
4592
0
4215
4103
0
3974
3904
0
3840
3737
0
3685
3652
0
3429
3414
0
3336
3293
0
3214
3195
0
2851
2820
0
2730
2699
0
2671
2662
0
2524
2499
0
2445
2395
0
2284
2260
0
2187
2180
0
1970
1968
0
1944
1928
0
1881
1853
0
1844
1829
0
1752
1662
0
1610
1544
0
1498
1441
0
1399
1393
0
1271
1249
0
1225
1222
0
1201
1195
0
1170
1144
0
1077
1050
0
1036
1032
0
880
878
0
834
818
0
762
752
0
394
385
0
216
182
0
168
93