17370610068
16744097084
5820516789
5072645880
4184773452
3500476136
2174783510
1737441572
1720457712
1310537097
1256569371
1221979380
1185680360
940154280
892732908
819994595
684949503
652437279
630720112
593320780
478324020
463652522
445537929
391545285
359440416
344195436
336612154
321873393
298125326
284323338
273082611
270944694
264163179
248031954
243371439
229395068
227268116
222457956
222395502
200772772
177707270
171695867
170461307
151167024
148313388
145786200
141651086
137264463
119430608
117318861
114226437
114208680
108105150
107539309
105475268
104673296
93407324
91676904
89485200
88056003
75274840
70257880
69455781
69110410
67736500
66397968
64291611
61861950
61637238
57166639
56954887
56362881
56039544
53908445
53644875
51115776
49754894
49407408
49379750
49159523
48820203
48153456
45952298
45555822
45374979
45316439
44602506
44233530
43638524
39886623
39816243
38042870
37415160
37306196
37044560
37006776
36960048
35904980
35711260
34920075
33740720
33577960
33142980
32831315
32575110
32572382
31884429
31725142
31042260
29926624
28845218
28782324
26887486
26523750
25496355
24946852
24584680
24482422
23074051
22543762
22371504
22230589
22217520
22183720
21271864
21131014
19530680
19487475
19321900
18950272
18761964
18698400
18558800
18116500
18057441
17702841
17658246
17146322
16798539
16367816
16158350
15695955
15535663
15492600
14875510
14609595
14242955
14064750
13666104
13341684
13296948
13260408
13234455
13109084
13004625
12825912
12721335
12701500
12678168
12572112
12495000
12401262
11621383
11617290
11160122
10971203
10858976
10696875
10673856
10566570
10401635
10179992
9909946
9623996
9431448
9398172
9355662
9332112
9259755
9234180
9212036
9208725
9005500
9003450
8982636
8789445
8403750
8264728
8241200
8117352
7914950
7855885
7785221
7724052
7674281
7661392
7643388
7448572
7422030
7403438
7181050
7174720
7076303
7028628
6894590
6732889
6663540
6632780
6592802
6570830
6293900
6069222
5960736
5913484
5898490
5680521
5634246
5625444
5455140
5437981
5244552
5201397
5181096
5173251
5094540
5078178
4978644
4940030
4839078
4824820
4752007
4738120
4734040
4689516
4689282
4603976
4595576
4578552
4543812
4530844
4524228
4515262
4437104
4405696
4399353
4384896
4307149
4271872
4232228
4167975
4156461
4094950
4087032
4045608
3991125
3975648
3968910
3967404
3959160
3936200
3927391
3905250
3901950
3864264
3859785
3857616
3853379
3833406
3811110
3665788
3652382
3609704
3578726
3576196
3573276
3502593
3499384
3448482
3365655
3296416
3278236
3254316
3253544
3249543
3247660
3245422
3237475
3229122
3209868
3208259
3179676
3160316
3140852
3135278
3091540
3074083
3058746
3050682
3038836
2969808
2938256
2932950
2877810
2852640
2838717
2821224
2814368
2808675
2793126
2775981
2775465
2768059
2710900
2705535
2697420
2666889
2656862
2638215
2638020
2564498
2562112
2543760
2541630
2525536
2518061
2516024
2500672
2490231
2489904
2487744
2456920
2452842
2396134
2394100
2380448
2374360
2372796
2364198
2353912
2334728
2324352
2314600
2304175
2286537
2274753
2241300
2235886
2210480
2192476
2188563
2187831
2178750
2148104
2136046
2127636
2125998
2102529
2100829
2090907
2070712
2057125
2047850
2037471
2028075
2011171
1998282
1992334
1978464
1968930
1944852
1944847
1943730
1937207
1933206
1918840
1917227
1888952
1887872
1874145
1865430
1859970
1848140
1826972
1825320
1818354
1805800
1801374
1766205
1760376
1758162
1745456
1743347
1736750
1726876
1721046
1715980
1710348
1701335
1698528
1683744
1683648
1681750
1674420
1672506
1667328
1666688
1652796
1635784
1634418
1625008
1620185
1619200
1609452
1605613
1600599
1590723
1590178
1589499
1587935
1578780
1578360
1576761
1575801
1572512
1566908
1565112
1548672
1542365
1530180
1527012
1525517
1518820
1512708
1487364
1479096
1471569
1464144
1458798
1452220
1447050
1438740
1438167
1423162
1419472
1419392
1411955
1410468
1406190
1400760
1399776
1398870
1390512
1383088
1375420
1375040
1372396
1370371
1370333
1357888
1352494
1326512
1324245
1316358
1306335
1300572
1297692
1293210
1285392
1282491
1279593
1275868
1271557
1271475
1269072
1267354
1257387
1255098
1249832
1246070
1244800
1239018
1234320
1219813
1215270
1208730
1175510
1174734
1173330
1166942
1163358
1157982
1152197
1152024
1146504
1141136
1136944
1128760
1127154
1125252
1122384
1121840
1118235
1117392
1117260
1109876
1098540
1098118
1096278
1095454
1094472
1092576
1090800
1089530
1086033
1084153
1083240
1082970
1082627
1074336
1068935
1057812
1045903
1042776
1040660
1038403
1033872
1030863
1026648
1021740
1020312
1020162
1020151
1017416
1013295
1003259
990612
982679
981368
980573
979711
979540
978358
977604
977448
976486
976067
974560
974487
971479
960460
950209
948534
942417
941526
940235
922116
921351
905330
894914
891962
887752
880480
876402
868416
866754
866537
856660
854952
848640
844672
841636
837386
834858
833364
832545
832320
830205
826288
826049
814380
814288
813903
813434
813408
813064
809592
808396
808320
802948
802930
796775
794310
792927
791151
785952
785063
784980
781536
778860
775965
769392
765972
755430
755190
754767
753430
749774
748847
747798
745195
742804
742634
739117
737556
729325
726676
725364
720012
719280
717648
715395
707517
704208
700563
699055
695598
694236
692982
692871
690105
680226
679880
679135
678774
675584
674928
673836
669315
665784
664923
663585
663368
658703
658406
653664
653301
649848
649824
649770
648224
647316
647262
647242
643292
643155
640254
640217
639569
638465
637902
636879
633490
626848
625772
624234
619234
614852
613704
612176
610850
607089
600672
600418
599440
599072
597261
596880
594317
593787
593780
590337
583956
582972
582959
582250
580940
575580
573560
571248
570349
569610
569104
568562
568227
567999
566973
566946
563633
563451
561906
556122
555681
555174
553042
553005
550692
548416
548040
543344
543060
539720
538658
537609
536784
536295
535974
535432
531760
530292
530128
522678
522438
512925
508476
507500
505546
502364
498304
497892
496616
494487
492500
492228
490791
488784
487656
485460
483302
480768
480218
477854
476448
470367
470309
468020
467859
467824
463925
463143
459540
458210
455624
453796
451656
450784
450542
448695
447240
445481
445326
444204
444169
442164
441878
439822
438176
437180
436094
434957
434680
434632
429936
428904
428264
427824
427656
425445
425189
425144
424704
423712
423341
421686
418182
417199
416126
414672
414648
413220
412629
412482
411659
411567
407283
407069
404850
403428
403110
401730
401570
400316
398728
392440
391675
389478
387793
385424
384076
383784
382760
382464
381090
380255
379380
378756
377739
377476
376650
374790
374090
373706
373486
373236
372564
370209
368352
367640
367125
365728
365332
363438
362450
362390
361471
360620
360105
358773
358605
357739
357058
356451
355476
355298
353464
352568
352352
351639
351360
349944
349290
348264
347790
344540
343067
342186
340520
340394
339792
338352
338008
337796
336000
335858
334272
333862
333800
333519
332962
332008
331161
330633
330146
329868
328878
328280
326699
326436
326050
325335
322791
322063
321718
321240
319677
319124
319104
318986
318843
316662
316620
316539
316280
316099
315710
315477
313441
313376
313324
311533
311277
311275
310884
310687
310580
309696
308596
308508
306133
305122
304995
304054
302934
302351
301548
301146
300998
300923
299676
299660
299388
298805
298792
298170
297032
296766
296692
295198
294475
292399
291795
291699
291588
291137
290948
290335
289925
289165
289047
288949
288561
288318
287916
287166
286658
286430
285910
285537
285180
284970
283056
282922
282906
282477
280304
280236
280125
279189
277494
276970
276480
276111
275248
275100
272920
272533
272220
270125
269498
268812
268707
268596
268096
268088
267900
267440
267340
266722
265678
265597
265454
265318
263496
262260
261376
261080
258037
255318
253770
253176
251294
250674
250565
250400
249588
249106
248890
247972
245348
244409
243989
243626
243136
242709
242487
241924
241715
241176
240604
240573
240084
239655
239377
239082
238987
236967
236840
236530
236080
235581
235125
234800
234397
233673
232626
232534
231111
230920
230240
230020
229484
229178
228892
228412
227222
226850
226300
226228
225789
224945
224346
223507
223446
223043
222558
221985
221441
221212
221112
220539
220403
219741
219033
218762
218227
218196
218020
216986
216827
216436
215710
215458
215451
215216
214803
213809
213744
213066
213053
212542
211924
211611
211455
211333
211202
211080
210343
210258
210094
209882
209754
209664
209507
209496
209454
209385
209250
209130
208863
207498
206382
205928
205484
205068
205035
204435
204380
203505
201992
201811
201334
201012
200745
200521
200448
199610
198909
198677
198088
198066
197983
197478
197032
196538
196192
194219
193438
193321
193270
192854
191696
190785
190636
190452
188520
187355
186897
186502
186460
185926
185598
184239
184206
183322
183180
183110
182892
182552
182347
182344
181768
181600
180563
179518
179448
179250
179024
178416
177830
177562
176940
176591
175944
175656
175250
175007
174969
174272
174209
174156
173827
173688
173535
173124
172610
172220
171881
171812
171540
171423
171423
170940
170847
170730
170460
169272
169157
168176
168105
167821
167820
167771
167670
167616
167261
166877
166855
166773
166578
165820
165174
164991
164400
164132
163916
163827
163632
163565
163554
163551
163300
163256
163177
162916
162744
162120
162097
162080
161956
161924
161756
160763
160260
159868
159843
159268
158580
158532
158090
157350
156976
156915
156329
156185
155824
155304
155180
154946
154431
154402
153605
153341
152970
152966
152912
152614
152562
152397
152216
152124
152082
151695
151311
151281
151079
150774
149436
148852
148828
148347
148041
147972
147747
147685
147598
147294
146753
146660
146106
145992
145455
144060
143591
143493
143466
143324
143237
142784
142317
142232
142032
141448
141429
141178
141072
140800
140724
140240
140075
139544
138918
138712
138491
138176
138114
137949
137940
137814
137687
137480
137104
137033
136752
136741
136634
136068
135930
135850
135672
135478
135254
134920
134832
134757
134566
133711
133686
133014
132972
132800
132757
132438
132405
132360
132356
132324
132165
132069
132024
132008
131976
131943
131575
131518
131332
131236
131043
130860
130751
130501
130471
130261
130248
129810
129755
129283
128802
128434
128009
127804
127528
127200
127179
126928
126328
126145
125490
125000
124155
124146
124011
123774
123647
123575
123464
123396
123156
123036
122955
122717
122630
122470
122328
122026
121936
121564
121558
121320
121295
120984
120902
120715
120662
120483
120116
120079
119991
119804
119675
119434
119285
119225
119088
119015
118917
118860
118480
118377
117852
117040
116526
116353
116312
115842
115596
115384
114981
114582
114543
114288
113994
113990
113949
113858
113848
113769
113180
113062
112972
112887
112465
111878
111699
111126
111108
110979
110860
110172
109976
109868
109688
109581
109538
109192
108693
107230
106982
106846
106828
106190
105950
105784
105694
105608
105448
105400
105364
105323
105183
105180
105130
105121
104766
104749
104725
104440
104302
104200
103488
103454
103376
103376
103136
103048
103036
102815
102611
102452
102420
102320
101832
101703
101312
101170
100936
100912
100564
100398
100058
99903
99840
99780
99765
99280
98906
98732
98675
98585
98460
98292
98242
98140
97862
97440
97210
97098
97045
97019
96899
96741
96405
96296
96266
96247
96151
96108
95803
95592
95395
95335
95204
95192
95152
95054
94842
94206
93994
93954
93935
93894
93849
93684
93679
93654
93607
93582
93525
93476
93338
93240
93140
93077
92987
92294
92104
91598
91436
91176
91077
90624
90409
90408
90375
90288
90282
90222
90098
90015
89908
89789
89712
89502
89407
89253
89037
88892
88692
88548
88123
88104
88032
87975
87822
87777
87546
87348
87154
87042
87003
86932
86923
86878
86669
86426
86423
86369
86184
86182
86139
85813
85780
85646
85552
85549
85068
84756
84628
84616
84500
84224
84214
84123
84102
83984
83980
83866
83658
83613
83478
83466
83439
83430
83412
83406
83385
83198
83195
83144
83012
82688
82224
82094
82038
81976
81960
81810
81706
81660
81447
81164
81052
80936
80676
80637
80572
80516
80498
80488
80400
80396
80316
80315
80295
80198
80092
79988
79962
79800
79759
79688
79486
79338
79310
79104
79092
78990
78976
78964
78837
78706
78554
78446
78312
78027
77920
77868
77766
77764
77703
77692
77643
77464
77402
77264
77245
77207
77134
77004
76828
76800
76743
76617
76590
76566
76470
76464
76412
76403
76352
76343
76325
76316
76296
76286
76230
76172
76137
76006
75934
75758
75734
75662
75658
75471
75242
75194
75103
75033
75008
75003
74945
74850
74715
74532
74469
74440
74218
73912
73784
73782
73658
73614
73560
73101
73032
73026
72942
72882
72878
72850
72813
72772
72613
72564
72380
72362
72298
72282
72272
72262
72261
72172
72170
72065
72024
71962
71940
71830
71720
71694
71620
71502
71446
71400
71355
71313
71264
71254
71224
71206
71180
71132
71130
71114
71108
71076
71034
71002
70908
70784
70782
70738
70680
70670
70548
70506
70504
70466
70438
70424
70320
70292
70242
70218
70197
70176
70150
70140
70086
70084
70000
69874
69840
69830
69816
69761
69759
69736
69732
69694
69648
69568
69561
69540
69530
69515
69414
69398
69320
69313
69222
69186
69000
68992
68983
68890
68884
68852
68845
68840
68805
68782
68765
68755
68754
68708
68701
68578
68576
68565
68512
68421
68382
68370
68322
68258
68148
68066
68066
68022
67946
67914
67806
67775
67742
67682
67622
67600
67590
67492
67480
67474
67472
67448
67428
67328
67314
67260
67238
67182
67132
67102
67100
67094
67073
67071
67014
66996
66987
66912
66890
66879
66874
66792
66759
66690
66686
66685
66676
66642
66624
66606
66602
66509
66444
66420
66244
66180
66110
65834
65658
65648
65632
65609
65529
65528
65495
65435
65348
65332
65319
65288
65250
65134
65097
65064
64952
64952
64890
64885
64846
64738
64720
64699
64694
64678
64629
64574
64546
64534
64468
64436
64422
64422
64404
64374
64362
64347
64243
64204
64197
64180
64167
64134
64123
64088
64018
63984
63970
63894
63891
63864
63860
63836
63834
63824
63754
63731
63708
63676
63672
63576
63560
63557
63519
63515
63513
63455
63432
63418
63393
63378
63330
63325
63305
63300
63273
63048
63032
62986
62962
62926
62910
62835
62834
62820
62816
62808
62773
62709
62624
62594
62590
62578
62510
62464
62448
62434
62422
62410
62381
62340
62335
62320
62304
62239
62208
62200
62182
62142
62122
62106
62101
62092
62014
61965
61930
61922
61885
61791
61776
61728
61707
61688
61666
61660
61634
61582
61431
61407
61352
61283
61272
61266
61254
61227
61222
61208
61201
61184
61178
61131
61048
61046
60923
60915
60908
60896
60880
60720
60702
60633
60627
60613
60590
60486
60396
60393
60364
60356
60354
60299
60286
60276
60268
60258
60238
60225
60215
60186
60176
60143
60129
60109
60072
60043
60018
59973
59949
59893
59884
59852
59850
59839
59835
59822
59784
59780
59759
59757
59756
59739
59701
59697
59644
59593
59591
59570
59559
59511
59496
59484
59464
59414
59391
59361
59357
59355
59324
59232
59226
59220
59191
59168
59158
59148
59145
59118
59108
59072
59038
59035
58971
58957
58924
58894
58855
58784
58776
58776
58760
58721
58704
58694
58692
58652
58629
58619
58501
58460
58441
58398
58347
58282
58260
58247
58242
58242
58233
58194
58170
58144
58102
58024
57999
57930
57926
57921
57906
57901
57896
57824
57824
57806
57787
57765
57735
57714
57699
57696
57662
57654
57637
57632
57622
57596
57581
57531
57516
57510
57506
57504
57498
57490
57488
57485
57483
57435
57382
57366
57352
57342
57330
57324
57294
57272
57263
57255
57230
57152
57146
57099
57052
57051
57044
57038
57022
57018
57006
56988
56929
56918
56912
56858
56854
56843
56827
56798
56778
56767
56748
56748
56736
56731
56691
56644
56644
56631
56628
56621
56620
56612
56606
56568
56564
56517
56500
56498
56472
56470
56464
56430
56424
56421
56402
56340
56292
56285
56243
56172
56119
56097
56085
56065
56064
56022
56022
56021
56011
56011
55984
55936
55919
55904
55900
55894
55861
55856
55819
55814
55797
55742
55737
55721
55715
55680
55679
55675
55670
55648
55632
55618
55590
55563
55535
55518
55510
55492
55488
55472
55460
55449
55426
55419
55395
55394
55389
55389
55372
55368
55359
55334
55320
55294
55247
55208
55191
55174
55166
55164
55138
55136
55128
55119
55108
55104
55092
55085
55080
55061
55051
55035
55022
55000
54992
54986
54983
54934
54905
54876
54853
54836
54816
54769
54766
54735
54730
54724
54667
54636
54620
54601
54575
54574
54559
54532
54521
54474
54437
54414
54401
54369
54357
54349
54290
54270
54261
54260
54174
54162
54156
54120
54110
54110
54107
54078
54055
54051
54033
54006
54000
53974
53959
53950
53940
53929
53926
53905
53885
53871
53868
53866
53853
53845
53820
53800
53800
53788
53774
53763
53751
53722
53717
53688
53678
53661
53660
53622
53619
53617
53612
53612
53612
53604
53594
53581
53561
53536
53519
53495
53464
53461
53444
53441
53426
53423
53422
53394
53362
53360
53353
53350
53348
53337
53328
53322
53320
53312
53306
53263
53202
53199
53137
53114
53112
53112
53099
53092
53090
53088
53058
53051
53045
53043
53035
53032
53029
53024
53011
53006
53002
53002
52998
52997
52989
52985
52962
52953
52952
52942
52938
52919
52912
52869
52863
52841
52818
52777
52693
52680
52675
52673
52673
52660
52659
52652
52646
52631
52620
52614
52611
52603
52578
52575
52571
52561
52553
52547
52544
52543
52532
52524
52521
52516
52511
52499
52492
52465
52453
52447
52428
52418
52410
52406
52404
52375
52364
52350
52347
52346
52335
52335
52334
52333
52315
52305
52290
52280
52266
52236
52219
52198
52195
52188
52185
52182
52180
52166
52166
52153
52148
52146
52119
52109
52072
52069
52069
52065
52058
52053
52052
52052
52043
52043
52028
51997
51994
51989
51974
51969
51966
51964
51960
51960
51958
51958
51954
51937
51932
51925
51909
51906
51906
51899
51874
51862
51840
51831
51810
51795
51775
51774
51733
51715
51683
51675
51663
51663
51628
51612
51597
51592
51570
51565
51516
51515
51515
51514
51500
51499
51477
51458
51450
51442
51416
51390
51386
51357
51282
51282
51270
51243
51237
51222
51219
51209
51189
51186
51184
51184
51184
51181
51177
51169
51149
51146
51138
51117
51096
51092
51085
51074
51057
51055
51049
51046
51033
51031
51027
51022
51015
51010
51001
50996
50982
50914
50911
50911
50908
50904
50901
50896
50891
50890
50866
50866
50835
50810
50787
50775
50769
50768
50739
50728
50705
50692
50675
50638
50637
50634
50615
50596
50529
50525
50525
50522
50480
50459
50443
50431
50427
50417
50378
50363
50362
50349
50337
50322
50315
50302
50292
50274
50268
50268
50258
50256
50244
50195
50175
50132
50131
50130
50105
50103
50067
50064
50064
50055
50051
50049
50047
50040
50036
50033
50032
50029
50006
50001
50001
49995
49989
49974
49966
49963
49954
49953
49938
49916
49905
49903
49902
49895
49860
49825
49810
49809
49805
49801
49777
49776
49772
49735
49732
49721
49710
49701
49692
49692
49685
49660
49648
49643
49606
49580
49577
49566
49540
49512
49502
49502
49500
49490
49478
49452
49452
49442
49429
49427
49419
49417
49411
49406
49396
49396
49371
49367
49359
49356
49351
49346
49306
49304
49295
49266
49265
49229
49199
49194
49176
49175
49168
49152
49149
49137
49126
49121
49110
49108
49083
49070
49058
49041
49033
49033
49032
49002
49000
48985
48980
48945
48923
48922
48905
48903
48899
48870
48868
48867
48865
48858
48850
48845
48833
48830
48805
48779
48766
48755
48754
48732
48720
48690
48669
48668
48665
48663
48662
48655
48636
48634
48593
48574
48571
48560
48553
48550
48549
48527
48522
48513
48507
48459
48453
48434
48429
48419
48411
48404
48393
48387
48387
48382
48354
48346
48342
48333
48321
48318
48312
48295
48288
48287
48280
48268
48246
48224
48208
48208
48200
48191
48189
48178
48175
48165
48162
48149
48138
48131
48123
48115
48112
48093
48091
48089
48085
48075
48058
48055
48048
48033
48032
48024
48023
48023
48011
48003
48002
47980
47962
47956
47946
47936
47902
47897
47889
47886
47883
47879
47866
47864
47863
47853
47844
47837
47836
47822
47790
47778
47758
47756
47752
47746
47742
47736
47732
47729
47703
47703
47697
47670
47653
47645
47640
47602
47601
47587
47567
47555
47543
47539
47531
47511
47508
47500
47499
47495
47477
47458
47456
47428
47426
47426
47426
47411
47406
47388
47387
47380
47373
47373
47361
47358
47354
47328
47324
47297
47282
47276
47272
47260
47257
47246
47212
47205
47204
47194
47188
47178
47172
47147
47140
47126
47125
47106
47077
47074
47055
47046
47042
47040
47037
47013
47012
47007
47003
46995
46987
46977
46964
46960
46948
46939
46930
46928
46928
46920
46894
46860
46860
46856
46848
46846
46845
46838
46834
46832
46828
46777
46771
46768
46764
46749
46737
46731
46726
46720
46714
46713
46713
46712
46703
46701
46697
46693
46686
46681
46654
46645
46644
46638
46631
46623
46598
46594
46594
46587
46579
46576
46575
46572
46556
46551
46543
46532
46531
46526
46506
46480
46475
46469
46465
46453
46447
46445
46414
46411
46405
46394
46388
46370
46324
46316
46311
46305
46263
46244
46242
46212
46203
46191
46182
46173
46173
46171
46163
46161
46149
46147
46089
46079
46060
46047
46032
46025
46007
46004
45979
45971
45970
45951
45944
45930
45926
45896
45881
45867
45852
45841
45840
45828
45828
45826
45822
45819
45793
45763
45754
45744
45721
45712
45700
45696
45680
45678
45673
45670
45669
45664
45660
45635
45631
45630
45624
45621
45608
45605
45599
45599
45586
45577
45563
45560
45550
45497
45489
45487
45482
45477
45459
45451
45451
45428
45425
45410
45368
45358
45316
45309
45295
45275
45272
45272
45268
45258
45244
45215
45204
45199
45199
45197
45197
45196
45185
45180
45178
45176
45158
45136
45125
45121
45116
45108
45098
45096
45075
45062
45061
45048
45044
45021
44994
44988
44975
44975
44962
44946
44921
44915
44909
44904
44898
44898
44830
44828
44812
44812
44806
44798
44794
44786
44754
44754
44749
44736
44698
44697
44693
44692
44662
44657
44653
44652
44650
44646
44644
44636
44608
44590
44560
44554
44548
44546
44511
44489
44487
44477
44467
44449
44449
44447
44447
44446
44437
44422
44422
44420
44419
44416
44411
44402
44397
44392
44374
44354
44344
44324
44311
44303
44300
44260
44241
44203
44198
44176
44176
44175
44175
44155
44134
44113
44101
44078
44068
44054
44045
44042
43986
43976
43973
43969
43963
43948
43946
43932
43918
43911
43889
43870
43855
43820
43800
43765
43762
43750
43726
43724
43684
43682
43669
43659
43650
43626
43614
43609
43599
43563
43562
43499
43497
43494
43484
43484
43466
43434
43426
43423
43359
43359
43334
43326
43319
43317
43292
43274
43253
43244
43234
43221
43197
43181
43166
43166
43160
43156
43152
43151
43110
43106
43103
43098
43095
43095
43081
43067
43053
43045
43011
43008
43008
42966
42954
42942
42933
42929
42923
42920
42909
42908
42907
42870
42843
42828
42823
42821
42813
42809
42795
42786
42785
42771
42764
42757
42744
42736
42733
42707
42690
42682
42675
42649
42622
42610
42594
42582
42582
42575
42534
42528
42443
42442
42431
42423
42421
42396
42392
42368
42365
42323
42321
42317
42299
42293
42284
42284
42266
42262
42244
42204
42180
42176
42144
42138
42124
42116
42115
42115
42090
42074
42050
42033
42007
42000
41987
41980
41959
41936
41910
41886
41878
41878
41869
41864
41858
41841
41824
41790
41788
41779
41775
41748
41715
41688
41681
41662
41659
41654
41650
41635
41606
41597
41581
41569
41566
41509
41479
41459
41441
41434
41425
41413
41412
41408
41406
41400
41381
41377
41367
41367
41363
41354
41346
41340
41335
41333
41333
41318
41303
41285
41254
41249
41243
41243
41240
41208
41181
41161
41115
41099
41097
41080
41063
41035
41029
41017
41011
41004
40999
40983
40977
40947
40940
40938
40934
40892
40887
40867
40832
40809
40800
40769
40737
40720
40700
40690
40689
40687
40665
40665
40655
40644
40638
40623
40620
40618
40610
40584
40581
40574
40571
40552
40499
40492
40491
40480
40447
40437
40423
40420
40400
40395
40393
40385
40360
40329
40320
40309
40306
40260
40230
40230
40223
40215
40201
40200
40151
40145
40145
40144
40143
40132
40113
40081
40079
40069
40059
40057
40050
40046
40025
40018
40009
39987
39979
39957
39951
39926
39924
39909
39891
39874
39844
39837
39823
39809
39801
39784
39769
39763
39750
39733
39710
39680
39671
39643
39639
39634
39628
39628
39625
39623
39621
39619
39618
39613
39597
39571
39561
39506
39506
39498
39478
39452
39451
39441
39430
39425
39418
39412
39410
39407
39382
39379
39359
39359
39358
39352
39296
39272
39263
39262
39261
39249
39244
39230
39196
39176
39146
39134
39129
39109
39103
39068
39064
39063
39056
39048
39047
39040
39022
39006
39004
38997
38985
38977
38969
38966
38949
38949
38946
38912
38902
38890
38872
38872
38868
38861
38835
38833
38816
38804
38792
38776
38771
38742
38741
38710
38699
38689
38685
38670
38626
38621
38598
38593
38588
38588
38577
38571
38560
38560
38559
38517
38508
38486
38466
38460
38446
38444
38419
38417
38415
38406
38400
38397
38391
38374
38373
38372
38371
38356
38340
38319
38310
38309
38301
38297
38263
38247
38240
38237
38234
38213
38201
38195
38187
38167
38164
38164
38153
38149
38149
38144
38127
38102
38092
38061
38061
38051
38049
38048
38047
38046
38027
38022
38020
38020
38017
38010
38006
38004
37983
37980
37977
37966
37963
37961
37944
37937
37934
37908
37888
37850
37843
37840
37823
37809
37799
37789
37783
37770
37759
37739
37729
37725
37715
37704
37701
37697
37656
37656
37640
37634
37623
37623
37591
37583
37556
37534
37516
37502
37475
37469
37452
37448
37447
37446
37432
37418
37400
37396
37388
37371
37359
37351
37344
37340
37333
37307
37296
37259
37231
37204
37203
37202
37195
37191
37173
37152
37139
37133
37127
37122
37120
37107
37104
37102
37066
37062
37049
37034
37028
37027
37021
37006
37004
37001
36990
36960
36956
36940
36935
36925
36924
36918
36913
36910
36908
36904
36886
36884
36883
36872
36868
36867
36853
36844
36837
36830
36803
36782
36779
36775
36766
36761
36746
36729
36720
36717
36701
36679
36671
36663
36650
36642
36642
36592
36592
36588
36584
36577
36576
36570
36554
36535
36524
36524
36519
36513
36504
36500
36498
36491
36484
36457
36450
36449
36448
36428
36423
36416
36405
36388
36371
36369
36357
36346
36337
36335
36328
36315
36303
36290
36281
36270
36260
36260
36258
36258
36258
36250
36248
36245
36229
36206
36204
36198
36170
36164
36142
36122
36087
36087
36080
36074
36068
36059
36048
36044
36043
36041
36026
36021
35991
35988
35974
35962
35949
35920
35918
35890
35883
35881
35865
35856
35850
35838
35828
35801
35797
35789
35788
35785
35774
35768
35756
35755
35748
35730
35727
35721
35720
35719
35718
35713
35707
35693
35684
35667
35658
35652
35652
35626
35598
35594
35568
35563
35538
35529
35521
35517
35503
35474
35469
35469
35450
35433
35418
35415
35404
35402
35370
35365
35356
35337
35320
35315
35315
35295
35289
35285
35263
35256
35254
35249
35235
35223
35212
35210
35184
35178
35151
35135
35116
35106
35046
35044
35026
35012
35005
35003
35002
34991
34983
34966
34959
34953
34944
34938
34924
34912
34910
34904
34891
34889
34868
34868
34823
34820
34814
34807
34800
34796
34788
34783
34776
34774
34757
34752
34752
34737
34724
34688
34682
34660
34660
34647
34627
34576
34549
34542
34534
34526
34485
34452
34448
34430
34419
34412
34404
34400
34397
34397
34395
34387
34377
34354
34336
34283
34283
34280
34247
34231
34211
34182
34182
34161
34117
34114
34105
34093
34093
34090
34088
34055
34053
34038
34006
33999
33984
33981
33965
33962
33902
33883
33880
33879
33834
33778
33764
33755
33745
33728
33725
33720
33701
33680
33672
33663
33640
33615
33608
33579
33544
33502
33477
33467
33452
33433
33424
33394
33392
33341
33325
33248
33181
33143
33108
33107
33097
33084
33084
33077
33032
33022
33021
33021
33019
33012
32934
32922
32906
32889
32823
32713
32697
32696
32669
32648
32631
32627
32525
32517
32501
32489
32465
32458
32421
32415
32371
32363
32346
32319
32310
32298
32271
32148
32116
32054
32050
32002
31992
31976
31901
31895
31893
31880
31809
31786
31785
31664
31554
31508
31475
31454
31393
31312
31220
31216
31074
30999
30978
30960
30952
30908
30808
30769
30757
30534
30512
30508
30495
30394
30379
30356
30274
30248
30247
30181
30135
30013
29916
29832
29707
29392
29354
29321
29166
29050
28980
28910
28701
28680
28547
28236
28050
28014
27880
27749
27739
27630
27265
26709
26668
26330
26291
26067
26028
25957
25912
25766
25605
24888
24702
24698
24586
24495
24437
24396
24168
24046
23978
23945
23649
23178
23138
22609
22462
21994
21891
21730
21243
21192
21170
20856
20848
20842
20578
20304
20288
19654
19413
19030
18686
18600
18040
18015
17926
17616
17260
17218
17132
16900
16836
16244
15902
15838
15825
15633
15505
15425
15356
15332
15270
15241
15120
15022
14978
14951
14808
14631
14628
14582
14461
14283
14059
13911
13801
13609
13444
13354
13160
13124
12697
12697
12500
12433
12407
12366
12338
12262
11944
11832
11716
11699
11682
11663
11496
11418
11324
11072
11046
10987
10980
10794
10794
10749
10727
10488
10325
9978
9966
9663
9432
9414
9376
9314
9024
7745
7592
7506
7496
7282
7210
6600
6336
6303
6160
5890
5742
5374
5010
4965
4900
4842
4829
4807
4789
4764
4708
4592
4501
4215
4103
4056
3974
3904
3848
3840
3737
3708
3685
3652
3436
3429
3414
3376
3336
3293
3235
3214
3195
3074
2851
2820
2754
2730
2699
2684
2671
2662
2565
2524
2499
2462
2445
2395
2366
2284
2260
2250
2187
2180
1988
1970
1968
1950
1944
1928
1901
1881
1853
1848
1844
1829
1776
1752
1662
1629
1610
1544
1505
1498
1441
1441
1399
1393
1275
1271
1249
1236
1225
1222
1212
1201
1195
1176
1170
1144
1122
1077
1050
1040
1036
1032
952
880
878
867
834
818
810
762
752
674
394
385
273
216
182
178
168
93