K=12, W/V=4.0205934, B=1, time:57.532

1    2    3    4    5    6    7    8    9    10    11    12    
1 0.32828429 0.00000000 0.00000000 0.00000000 0.00000000 0.00000000 0.33585785 0.00000000 0.00000000 0.00000000 0.33585785 0.00000000 
2 0.00000000 0.00000000 0.00000000 0.00000000 1.00000000 0.00000000 0.00000000 0.00000000 0.00000000 0.00000000 0.00000000 0.00000000 
3 0.00000000 0.46785033 0.00000000 0.00000000 0.00000000 0.00000000 0.00000000 0.00000000 0.00000000 0.00000000 0.00000000 0.53214967 
4 0.00000000 0.04665918 0.00000000 0.00000000 0.00000000 0.95334082 0.00000000 0.00000000 0.00000000 0.00000000 0.00000000 0.00000000 
5 0.00000000 0.00000000 0.00000000 0.00000000 0.00000000 0.00000000 0.00000000 0.00000000 0.00000000 0.00000000 0.00000000 1.00000000 
6 0.32630932 0.11817105 0.00000000 0.00000000 0.55551963 0.00000000 0.00000000 0.00000000 0.00000000 0.00000000 0.00000000 0.00000000 
7 0.00000000 0.00000000 0.00000000 0.00000000 0.00000000 0.00000000 0.00000000 0.00000000 0.00000000 0.00000000 0.00000000 1.00000000 
8 0.00000000 0.00000000 0.00000000 0.00000000 0.00000000 0.00000000 0.00000000 0.00000000 0.00000000 0.00000000 0.00000000 1.00000000 
9 0.00000000 0.00000000 0.00000000 0.00000000 0.35310584 0.00000000 0.00000000 0.64689416 0.00000000 0.00000000 0.00000000 0.00000000 
10 0.00000000 1.00000000 0.00000000 0.00000000 0.00000000 0.00000000 0.00000000 0.00000000 0.00000000 0.00000000 0.00000000 0.00000000 
11 0.00000000 0.00000000 0.00000000 0.00000000 1.00000000 0.00000000 0.00000000 0.00000000 0.00000000 0.00000000 0.00000000 0.00000000 
12 0.00000000 1.00000000 0.00000000 0.00000000 0.00000000 0.00000000 0.00000000 0.00000000 0.00000000 0.00000000 0.00000000 0.00000000 
13 0.00000000 0.00000000 0.00000000 0.00000000 0.00000000 0.00000000 0.00000000 0.00000000 1.00000000 0.00000000 0.00000000 0.00000000 
14 0.00000000 0.00000000 0.00000000 0.00000000 0.00000000 0.00000000 0.00000000 0.00000000 0.00000000 0.00000000 0.00000000 1.00000000 
15 0.00000000 0.00000000 0.00000000 0.00000000 1.00000000 0.00000000 0.00000000 0.00000000 0.00000000 0.00000000 0.00000000 0.00000000 
16 0.00000000 0.00000000 0.00000000 1.00000000 0.00000000 0.00000000 0.00000000 0.00000000 0.00000000 0.00000000 0.00000000 0.00000000 
17 0.00000000 0.00000000 0.00000000 0.00000000 1.00000000 0.00000000 0.00000000 0.00000000 0.00000000 0.00000000 0.00000000 0.00000000 
18 0.00000000 0.06837006 0.46581497 0.00000000 0.00000000 0.00000000 0.00000000 0.00000000 0.00000000 0.46581497 0.00000000 0.00000000 
19 0.00000000 0.00000000 0.00000000 0.00000000 1.00000000 0.00000000 0.00000000 0.00000000 0.00000000 0.00000000 0.00000000 0.00000000 
20 0.00000000 0.00000000 0.00000000 0.00000000 1.00000000 0.00000000 0.00000000 0.00000000 0.00000000 0.00000000 0.00000000 0.00000000 
21 0.00000000 0.00000000 0.00000000 0.48823104 0.00000000 0.51176896 0.00000000 0.00000000 0.00000000 0.00000000 0.00000000 0.00000000 
22 0.00000000 0.14056943 0.00000000 0.00000000 0.00000000 0.00000000 0.00000000 0.00000000 0.85943057 0.00000000 0.00000000 0.00000000 

ca [*] :=
1  12
;

zz_test [*] :=
 1 1    3 1    5 1    7 1    9 1   11 1   13 1   15 1   17 1   19 1   21 1
 2 1    4 1    6 1    8 1   10 1   12 1   14 1   16 1   18 1   20 1   22 1
;

K_test [*] :=
 1  0.0833333333
 2  0.0833333333
 3  0.0833333333
 4  0.0833333333
 5  0.0833333333
 6  0.0833333333
 7  0.0833333333
 8  0.0833333333
 9  0.0833333333
10  0.0833333333
11  0.0833333333
12  0.0833333333
;

