K=9, W/V=3.4815699, B=1, time:1.050

1    2    3    4    5    6    7    8    9    
8 0.00000000 0.00000000 0.00000000 0.00000000 0.00000000 0.00000000 0.00000000 1.00000000 0.00000000 
9 0.00000000 0.51453114 0.00000000 0.00000000 0.00000000 0.00000000 0.00000000 0.48546886 0.00000000 
10 1.00000000 0.00000000 0.00000000 0.00000000 0.00000000 0.00000000 0.00000000 0.00000000 0.00000000 
11 0.00000000 1.00000000 0.00000000 0.00000000 0.00000000 0.00000000 0.00000000 0.00000000 0.00000000 
12 0.00000000 0.00000000 0.00000000 0.00000000 0.00000000 0.00000000 0.00000000 0.00000000 1.00000000 
13 0.00000000 0.00000000 0.00000000 1.00000000 0.00000000 0.00000000 0.00000000 0.00000000 0.00000000 
14 0.00000000 0.00000000 0.00000000 0.00000000 0.00000000 1.00000000 0.00000000 0.00000000 0.00000000 
15 0.00000000 0.00000000 0.00000000 0.00000000 0.00000000 1.00000000 0.00000000 0.00000000 0.00000000 
16 0.00000000 0.00000000 0.00000000 0.00000000 0.00000000 1.00000000 0.00000000 0.00000000 0.00000000 
17 0.00000000 0.00000000 0.00000000 0.00000000 0.00000000 1.00000000 0.00000000 0.00000000 0.00000000 
18 0.17282178 0.00000000 0.40568666 0.00000000 0.40568666 0.00000000 0.00000000 0.01580490 0.00000000 
19 0.00000000 0.00000000 0.00000000 0.00000000 0.00000000 1.00000000 0.00000000 0.00000000 0.00000000 
20 0.00000000 0.00000000 0.00000000 0.00000000 0.00000000 1.00000000 0.00000000 0.00000000 0.00000000 
21 0.08447105 0.00000000 0.00000000 0.00000000 0.00000000 0.00000000 0.51975263 0.00000000 0.39577633 
22 0.03359872 0.00000000 0.00000000 0.34872461 0.00000000 0.61767667 0.00000000 0.00000000 0.00000000 

ca [*] :=
1  9
;

zz_test [*] :=
 8  1
 9  1
10  1
11  1
12  1
13  1
14  1
15  1
16  1
17  1
18  1
19  1
20  1
21  1
22  1
;

K_test [*] :=
1  0.111111111
2  0.111111111
3  0.111111111
4  0.111111111
5  0.111111111
6  0.111111111
7  0.111111111
8  0.111111111
9  0.111111111
;

