K=6, W/V=5.1713958, B=1, time:0.408

1    2    3    4    5    6    
1 0.68582364 0.00000000 0.00000000 0.16342857 0.00000000 0.15074779 
2 0.00000000 0.00000000 0.00000000 0.00000000 1.00000000 0.00000000 
3 0.00000000 0.00000000 0.00000000 1.00000000 0.00000000 0.00000000 
4 0.00000000 0.00000000 0.00000000 1.00000000 0.00000000 0.00000000 
5 0.00000000 0.00000000 0.00000000 0.00000000 0.00000000 1.00000000 
6 1.00000000 0.00000000 0.00000000 0.00000000 0.00000000 0.00000000 
7 0.00000000 0.00000000 0.00000000 0.00000000 0.00000000 1.00000000 
8 0.00000000 0.00000000 0.00000000 0.00000000 0.00000000 1.00000000 
9 0.00000000 0.00000000 0.00000000 0.00000000 1.00000000 0.00000000 
10 0.00000000 0.00000000 0.00000000 0.00000000 0.00000000 1.00000000 
11 0.00000000 0.00000000 0.00000000 0.00000000 1.00000000 0.00000000 
12 0.00000000 0.00000000 0.00000000 1.00000000 0.00000000 0.00000000 
13 0.00000000 0.00000000 0.38598236 0.61401764 0.00000000 0.00000000 
14 0.00000000 0.00000000 0.00000000 0.00000000 0.48094744 0.51905256 
15 0.00000000 0.00000000 0.00000000 1.00000000 0.00000000 0.00000000 
16 0.00000000 0.00000000 0.00000000 0.00000000 1.00000000 0.00000000 
17 0.00000000 0.00000000 0.00000000 0.00000000 0.00000000 1.00000000 
18 0.00000000 0.92127845 0.00000000 0.00000000 0.00000000 0.07872155 
19 0.00000000 0.00000000 0.00000000 0.00000000 0.00000000 1.00000000 
20 0.00000000 0.00000000 0.00000000 0.00000000 1.00000000 0.00000000 
21 0.00000000 0.00000000 1.00000000 0.00000000 0.00000000 0.00000000 
22 0.00000000 0.00000000 0.00000000 0.00000000 0.00000000 1.00000000 

ca [*] :=
1  6
;

zz_test [*] :=
 1 1    3 1    5 1    7 1    9 1   11 1   13 1   15 1   17 1   19 1   21 1
 2 1    4 1    6 1    8 1   10 1   12 1   14 1   16 1   18 1   20 1   22 1
;

K_test [*] :=
1  0.275926338225
2  0.275926338225
3  0.275926338225
4  0.275926338225
5  0.275926338225
6  0.275926338225
;

