K=10, W/V=7.9194639, B=1, time:0.838

1    2    3    4    5    6    7    8    9    10    
1 0.10000000 0.43326837 0.00000000 0.00000000 0.41005861 0.05667302 0.00000000 0.00000000 0.00000000 0.00000000 
2 0.00000000 0.00000000 0.00000000 0.00000000 0.00000000 0.00000000 0.00000000 0.00000000 0.00000000 1.00000000 
3 0.00000000 0.00000000 0.00000000 1.00000000 0.00000000 0.00000000 0.00000000 0.00000000 0.00000000 0.00000000 
4 0.00000000 0.00000000 0.00000000 0.00000000 0.00000000 0.00000000 0.49133944 0.50866056 0.00000000 0.00000000 
5 0.00000000 0.00000000 0.00000000 0.00000000 0.00000000 0.00000000 0.00000000 0.00000000 1.00000000 0.00000000 
6 0.00000000 0.00000000 0.00000000 0.00000000 1.00000000 0.00000000 0.00000000 0.00000000 0.00000000 0.00000000 
7 0.00000000 0.00000000 0.00000000 0.00000000 0.00000000 0.00000000 0.00000000 0.00000000 1.00000000 0.00000000 
8 0.00000000 0.00000000 0.00000000 0.00000000 0.00000000 0.00000000 0.00000000 0.00000000 1.00000000 0.00000000 
9 0.00000000 0.00000000 0.00000000 0.00000000 0.00000000 0.00000000 0.00000000 0.69909259 0.30090741 0.00000000 
10 0.00000000 0.00000000 0.00000000 0.00000000 0.00000000 0.00000000 1.00000000 0.00000000 0.00000000 0.00000000 
11 0.00000000 0.00000000 0.00000000 0.00000000 0.00000000 0.00000000 0.00000000 0.00000000 0.00000000 1.00000000 
12 0.00000000 0.00000000 0.00000000 1.00000000 0.00000000 0.00000000 0.00000000 0.00000000 0.00000000 0.00000000 
13 0.00000000 0.00000000 0.00000000 0.00000000 0.00000000 0.00000000 0.00000000 0.00000000 0.00000000 1.00000000 
14 0.00000000 0.00000000 1.00000000 0.00000000 0.00000000 0.00000000 0.00000000 0.00000000 0.00000000 0.00000000 
15 0.00000000 0.00000000 1.00000000 0.00000000 0.00000000 0.00000000 0.00000000 0.00000000 0.00000000 0.00000000 
16 0.00000000 0.00000000 0.00000000 0.00000000 0.00000000 0.00000000 0.00000000 0.00000000 0.00000000 1.00000000 
17 0.00000000 0.00000000 1.00000000 0.00000000 0.00000000 0.00000000 0.00000000 0.00000000 0.00000000 0.00000000 
18 0.00000000 0.00000000 0.00000000 0.19816206 0.00000000 0.46020654 0.34163141 0.00000000 0.00000000 0.00000000 
19 0.00000000 0.00000000 1.00000000 0.00000000 0.00000000 0.00000000 0.00000000 0.00000000 0.00000000 0.00000000 
20 0.00000000 0.00000000 0.00000000 0.00000000 0.00000000 0.00000000 0.00000000 0.00000000 1.00000000 0.00000000 
21 0.51261386 0.00000000 0.39454684 0.00000000 0.00000000 0.00000000 0.00000000 0.00000000 0.09283929 0.00000000 
22 0.00000000 0.00000000 0.00000000 0.00000000 0.00000000 0.00000000 0.00000000 0.00000000 0.00000000 1.00000000 

ca [*] :=
1  10
;

zz_test [*] :=
 1 1    3 1    5 1    7 1    9 1   11 1   13 1   15 1   17 1   19 1   21 1
 2 1    4 1    6 1    8 1   10 1   12 1   14 1   16 1   18 1   20 1   22 1
;

K_test [*] :=
 1  0.207503285241
 2  0.207503285241
 3  0.207503285241
 4  0.207503285241
 5  0.207503285241
 6  0.207503285241
 7  0.207503285241
 8  0.207503285241
 9  0.207503285241
10  0.121363056343
;

