K=11, W/V=4.2079585, B=1, time:2.168

1    2    3    4    5    6    7    8    9    10    11    
8 0.00000000 0.00000000 1.00000000 0.00000000 0.00000000 0.00000000 0.00000000 0.00000000 0.00000000 0.00000000 0.00000000 
9 0.00000000 0.00000000 0.07952855 0.00000000 0.00000000 0.46095692 0.45951454 0.00000000 0.00000000 0.00000000 0.00000000 
10 0.00000000 0.00000000 1.00000000 0.00000000 0.00000000 0.00000000 0.00000000 0.00000000 0.00000000 0.00000000 0.00000000 
11 0.00000000 0.00000000 1.00000000 0.00000000 0.00000000 0.00000000 0.00000000 0.00000000 0.00000000 0.00000000 0.00000000 
12 0.00000000 0.00000000 0.00000000 0.00000000 0.00000000 0.00000000 0.00000000 0.00000000 0.00000000 1.00000000 0.00000000 
13 0.00000000 0.00000000 0.00000000 0.00000000 0.32490576 0.00000000 0.00000000 0.67509424 0.00000000 0.00000000 0.00000000 
14 0.00000000 1.00000000 0.00000000 0.00000000 0.00000000 0.00000000 0.00000000 0.00000000 0.00000000 0.00000000 0.00000000 
15 0.00000000 1.00000000 0.00000000 0.00000000 0.00000000 0.00000000 0.00000000 0.00000000 0.00000000 0.00000000 0.00000000 
16 0.00000000 1.00000000 0.00000000 0.00000000 0.00000000 0.00000000 0.00000000 0.00000000 0.00000000 0.00000000 0.00000000 
17 0.00000000 0.98059216 0.00000000 0.00000000 0.00000000 0.00000000 0.01940784 0.00000000 0.00000000 0.00000000 0.00000000 
18 0.33192545 0.00000000 0.00422366 0.00000000 0.00000000 0.00000000 0.00000000 0.00000000 0.33192545 0.00000000 0.33192545 
19 0.00000000 1.00000000 0.00000000 0.00000000 0.00000000 0.00000000 0.00000000 0.00000000 0.00000000 0.00000000 0.00000000 
20 0.00000000 1.00000000 0.00000000 0.00000000 0.00000000 0.00000000 0.00000000 0.00000000 0.00000000 0.00000000 0.00000000 
21 0.00000000 0.00000000 0.00000000 0.42525215 0.27347200 0.00000000 0.00000000 0.00000000 0.00000000 0.30127585 0.00000000 
22 0.00000000 0.00000000 0.27153531 0.00000000 0.00000000 0.00000000 0.00000000 0.72846469 0.00000000 0.00000000 0.00000000 

ca [*] :=
1  11
;

zz_test [*] :=
 8  1
 9  1
10  1
11  1
12  1
13  1
14  1
15  1
16  1
17  1
18  1
19  1
20  1
21  1
22  1
;

K_test [*] :=
 1  0.0909090909
 2  0.0909090909
 3  0.0909090909
 4  0.0909090909
 5  0.0909090909
 6  0.0909090909
 7  0.0909090909
 8  0.0909090909
 9  0.0909090909
10  0.0909090909
11  0.0909090909
;

