K=5, W/V=2.2746128, B=1, time:0.213

1    2    3    4    5    
8 1.00000000 0.00000000 0.00000000 0.00000000 0.00000000 
9 0.70139644 0.00000000 0.29860356 0.00000000 0.00000000 
10 1.00000000 0.00000000 0.00000000 0.00000000 0.00000000 
11 0.00000000 0.00000000 1.00000000 0.00000000 0.00000000 
12 0.00000000 0.00000000 1.00000000 0.00000000 0.00000000 
13 0.00000000 1.00000000 0.00000000 0.00000000 0.00000000 
14 0.00000000 0.00000000 1.00000000 0.00000000 0.00000000 
15 0.00000000 0.00000000 1.00000000 0.00000000 0.00000000 
16 0.00000000 0.00000000 1.00000000 0.00000000 0.00000000 
17 0.00000000 0.00000000 1.00000000 0.00000000 0.00000000 
18 0.00000000 0.26976402 0.00000000 0.00000000 0.73023598 
19 0.00000000 0.00000000 1.00000000 0.00000000 0.00000000 
20 0.00000000 0.00000000 1.00000000 0.00000000 0.00000000 
21 0.00000000 0.00000000 0.06444527 0.93555473 0.00000000 
22 0.18595079 0.81404921 0.00000000 0.00000000 0.00000000 

ca [*] :=
1  5
;

zz_test [*] :=
 8  1
 9  1
10  1
11  1
12  1
13  1
14  1
15  1
16  1
17  1
18  1
19  1
20  1
21  1
22  1
;

K_test [*] :=
1  0.2
2  0.2
3  0.2
4  0.2
5  0.2
;

