K=14, W/V=4.9556734, B=1, time:4.957

1    2    3    4    5    6    7    8    9    10    11    12    13    14    
8 0.00000000 0.00000000 0.00000000 0.00000000 0.00000000 0.00000000 0.00000000 0.00000000 0.00000000 0.00000000 1.00000000 0.00000000 0.00000000 0.00000000 
9 0.00000000 0.00000000 0.00000000 0.00000000 0.00000000 0.00000000 0.33161321 0.00000000 0.00000000 0.36218043 0.30620635 0.00000000 0.00000000 0.00000000 
10 0.00000000 0.00000000 0.00000000 0.00000000 0.00000000 0.00000000 0.00000000 1.00000000 0.00000000 0.00000000 0.00000000 0.00000000 0.00000000 0.00000000 
11 0.00000000 0.00000000 0.00000000 0.00000000 0.00000000 0.00000000 0.62559999 0.00000000 0.00000000 0.00000000 0.00000000 0.00000000 0.37440001 0.00000000 
12 0.00000000 0.00000000 0.00000000 0.00000000 0.00000000 0.00000000 0.00000000 0.00000000 0.00000000 0.00000000 0.00000000 1.00000000 0.00000000 0.00000000 
13 0.00000000 0.00000000 0.00000000 0.00000000 0.71524298 0.00000000 0.00000000 0.00000000 0.00000000 0.00000000 0.00000000 0.00000000 0.28475702 0.00000000 
14 0.00000000 0.00000000 1.00000000 0.00000000 0.00000000 0.00000000 0.00000000 0.00000000 0.00000000 0.00000000 0.00000000 0.00000000 0.00000000 0.00000000 
15 0.00000000 0.00000000 1.00000000 0.00000000 0.00000000 0.00000000 0.00000000 0.00000000 0.00000000 0.00000000 0.00000000 0.00000000 0.00000000 0.00000000 
16 0.00000000 0.00000000 0.14830981 0.00000000 0.00000000 0.00000000 0.00000000 0.00000000 0.00000000 0.00000000 0.00000000 0.00000000 0.85169019 0.00000000 
17 0.00000000 0.00000000 1.00000000 0.00000000 0.00000000 0.00000000 0.00000000 0.00000000 0.00000000 0.00000000 0.00000000 0.00000000 0.00000000 0.00000000 
18 0.26079857 0.26079857 0.00000000 0.21760430 0.00000000 0.00000000 0.00000000 0.00000000 0.00000000 0.00000000 0.00000000 0.00000000 0.00000000 0.26079857 
19 0.00000000 0.00000000 1.00000000 0.00000000 0.00000000 0.00000000 0.00000000 0.00000000 0.00000000 0.00000000 0.00000000 0.00000000 0.00000000 0.00000000 
20 0.00000000 0.00000000 1.00000000 0.00000000 0.00000000 0.00000000 0.00000000 0.00000000 0.00000000 0.00000000 0.00000000 0.00000000 0.00000000 0.00000000 
21 0.00000000 0.00000000 0.00000000 0.00000000 0.00000000 0.33412669 0.00000000 0.12159623 0.33412669 0.00000000 0.00000000 0.21015039 0.00000000 0.00000000 
22 0.00000000 0.00000000 0.00000000 0.36687485 0.00000000 0.00000000 0.00000000 0.02473202 0.00000000 0.00000000 0.00000000 0.00000000 0.60839313 0.00000000 

ca [*] :=
1  14
;

zz_test [*] :=
 8  1
 9  1
10  1
11  1
12  1
13  1
14  1
15  1
16  1
17  1
18  1
19  1
20  1
21  1
22  1
;

K_test [*] :=
 1  0.0714285714
 2  0.0714285714
 3  0.0714285714
 4  0.0714285714
 5  0.0714285714
 6  0.0714285714
 7  0.0714285714
 8  0.0714285714
 9  0.0714285714
10  0.0714285714
11  0.0714285714
12  0.0714285714
13  0.0714285714
14  0.0714285714
;

