K=6, W/V=2.7705236, K=6, time:0.155

ca [*] :=
1  6
;

fragment allocation x on node k:

1    2    3    4    5    6    
0 0 1 1 0 1 0 
1 0 0 1 0 1 0 
2 0 0 0 0 0 0 
3 0 1 0 0 0 0 
4 0 1 0 0 1 0 
5 0 1 0 0 0 0 
6 0 1 0 0 0 0 
7 0 0 0 0 0 0 
8 0 0 0 0 0 0 
9 0 0 0 0 1 0 
10 0 0 0 0 1 0 
11 0 0 0 0 0 0 
12 1 1 1 1 1 0 
13 1 1 1 1 1 0 
14 0 0 0 0 1 0 
15 0 0 0 0 0 0 
16 1 1 1 1 1 0 
17 1 0 0 1 1 0 
18 0 0 0 1 1 0 
19 1 1 1 1 1 0 
20 0 0 0 1 1 0 
21 0 0 0 0 0 0 
22 0 1 0 0 0 0 
23 0 1 0 1 1 1 
24 0 0 0 1 1 1 
25 0 0 0 1 0 0 
26 0 0 0 1 1 0 
27 0 0 0 1 0 0 
28 0 0 0 1 0 0 
29 0 0 0 0 0 0 
30 0 0 0 1 0 0 
31 0 1 1 0 1 0 
32 0 1 1 0 1 0 
33 0 1 0 0 1 0 
34 0 1 1 0 1 0 
35 0 0 0 0 0 0 
36 1 1 1 1 1 1 
37 0 1 0 1 1 1 
38 1 0 0 1 0 0 
39 0 0 0 0 1 1 
40 0 0 1 1 1 1 
41 0 0 0 1 0 0 
42 0 0 0 0 0 0 
43 0 0 0 0 0 0 
44 0 1 0 0 0 0 
45 1 0 1 1 1 1 
46 0 1 1 0 1 0 
47 1 0 1 1 1 0 
48 0 0 0 0 0 0 
49 0 1 1 0 1 1 
50 0 1 1 1 1 0 
51 0 1 1 1 1 0 
52 0 0 0 0 0 0 
53 0 0 0 1 0 0 
54 0 0 0 0 0 0 
55 0 1 0 1 1 0 
56 1 0 0 1 0 0 
57 1 0 0 1 0 0 
58 0 1 0 0 0 0 
59 0 1 0 1 0 0 
60 0 0 0 0 0 0 

query feasibility y on node k:

1    2    3    4    5    6    
8 0 0 0 0 1 0 
9 0 0 1 0 1 0 
10 0 0 0 1 0 0 
11 0 1 0 0 1 0 
12 0 0 0 1 0 0 
13 0 1 0 0 0 0 
14 0 1 0 0 1 0 
15 0 0 0 1 1 0 
16 0 1 0 0 0 0 
17 0 1 0 0 0 0 
18 0 0 0 0 1 1 
19 0 1 0 0 0 0 
20 0 0 0 0 1 0 
21 1 0 0 1 0 0 
22 0 0 0 1 0 0 

workload distribution ohne node failure:

1    2    3    4    5    6    
8 0.00000000 0.00000000 0.00000000 0.00000000 1.00000000 0.00000000 
9 0.00000000 0.00000000 0.84508768 0.00000000 0.15491232 0.00000000 
10 0.00000000 0.00000000 0.00000000 1.00000000 0.00000000 0.00000000 
11 0.00000000 1.00000000 0.00000000 0.00000000 0.00000000 0.00000000 
12 0.00000000 0.00000000 0.00000000 1.00000000 0.00000000 0.00000000 
13 0.00000000 1.00000000 0.00000000 0.00000000 0.00000000 0.00000000 
14 0.00000000 0.55281763 0.00000000 0.00000000 0.44718237 0.00000000 
15 0.00000000 0.00000000 0.00000000 0.97639015 0.02360985 0.00000000 
16 0.00000000 1.00000000 0.00000000 0.00000000 0.00000000 0.00000000 
17 0.00000000 1.00000000 0.00000000 0.00000000 0.00000000 0.00000000 
18 0.00000000 0.00000000 0.00000000 0.00000000 0.39147001 0.60852999 
19 0.00000000 1.00000000 0.00000000 0.00000000 0.00000000 0.00000000 
20 0.00000000 0.00000000 0.00000000 0.00000000 1.00000000 0.00000000 
21 0.77962894 0.00000000 0.00000000 0.22037106 0.00000000 0.00000000 
22 0.00000000 0.00000000 0.00000000 1.00000000 0.00000000 0.00000000 

zz_test [*] :=
 8  1
 9  1
10  1
11  1
12  1
13  1
14  1
15  1
16  1
17  1
18  1
19  1
20  1
21  1
22  1
;

K_test [*] :=
1  0.166666666667
2  0.166666666667
3  0.166666666667
4  0.166666666667
5  0.166666666667
6  0.166666666667
;

