K=5, W/V=2.4474555, K=5, time:0.137

ca [*] :=
1  5
;

fragment allocation x on node k:

1    2    3    4    5    
0 0 0 1 1 1 
1 0 0 0 1 1 
2 0 0 0 0 0 
3 0 0 1 0 1 
4 0 0 1 1 0 
5 0 0 1 0 1 
6 0 0 0 0 1 
7 0 0 0 0 0 
8 0 0 0 0 0 
9 0 0 0 1 0 
10 0 0 0 1 0 
11 0 0 0 0 0 
12 1 0 1 1 1 
13 1 0 1 1 1 
14 0 0 0 1 0 
15 0 0 0 0 0 
16 1 0 1 1 1 
17 1 0 1 1 0 
18 0 0 1 1 0 
19 1 0 1 1 1 
20 0 0 1 0 0 
21 0 0 0 0 0 
22 0 0 1 0 0 
23 0 1 1 1 0 
24 0 1 0 1 0 
25 0 0 0 1 0 
26 0 0 0 1 0 
27 0 0 1 1 0 
28 0 0 1 1 0 
29 0 0 0 0 0 
30 0 0 0 1 0 
31 0 0 1 1 1 
32 0 0 1 1 1 
33 0 0 0 1 0 
34 0 0 0 1 1 
35 0 0 0 0 0 
36 1 1 1 1 1 
37 0 1 1 1 0 
38 1 0 1 0 0 
39 0 1 0 1 0 
40 0 1 0 1 1 
41 0 0 1 0 0 
42 0 0 0 0 0 
43 0 0 0 0 0 
44 0 0 1 0 0 
45 1 1 1 1 1 
46 0 0 0 1 1 
47 1 0 1 1 1 
48 0 0 0 0 0 
49 0 1 0 1 1 
50 0 0 1 1 1 
51 0 0 1 1 1 
52 0 0 0 0 0 
53 0 0 0 1 0 
54 0 0 0 0 0 
55 0 0 1 1 0 
56 1 0 1 0 0 
57 1 0 1 0 0 
58 0 0 0 0 1 
59 0 0 1 0 1 
60 0 0 0 0 0 

query feasibility y on node k:

1    2    3    4    5    
8 0 0 0 1 0 
9 0 0 0 1 1 
10 0 0 0 1 0 
11 0 0 0 1 0 
12 0 0 1 0 0 
13 0 0 1 0 0 
14 0 0 0 1 0 
15 0 0 1 0 0 
16 0 0 1 0 0 
17 0 0 0 0 1 
18 0 1 0 1 0 
19 0 0 0 0 1 
20 0 0 0 1 0 
21 1 0 1 0 0 
22 0 0 1 1 0 

workload distribution ohne node failure:

1    2    3    4    5    
8 0.00000000 0.00000000 0.00000000 1.00000000 0.00000000 
9 0.00000000 0.00000000 0.00000000 0.07842629 0.92157371 
10 0.00000000 0.00000000 0.00000000 1.00000000 0.00000000 
11 0.00000000 0.00000000 0.00000000 1.00000000 0.00000000 
12 0.00000000 0.00000000 1.00000000 0.00000000 0.00000000 
13 0.00000000 0.00000000 1.00000000 0.00000000 0.00000000 
14 0.00000000 0.00000000 0.00000000 1.00000000 0.00000000 
15 0.00000000 0.00000000 1.00000000 0.00000000 0.00000000 
16 0.00000000 0.00000000 1.00000000 0.00000000 0.00000000 
17 0.00000000 0.00000000 0.00000000 0.00000000 1.00000000 
18 0.00000000 0.73023598 0.00000000 0.26976402 0.00000000 
19 0.00000000 0.00000000 0.00000000 0.00000000 1.00000000 
20 0.00000000 0.00000000 0.00000000 1.00000000 0.00000000 
21 0.93555473 0.00000000 0.06444527 0.00000000 0.00000000 
22 0.00000000 0.00000000 0.62287664 0.37712336 0.00000000 

zz_test [*] :=
 8  1
 9  1
10  1
11  1
12  1
13  1
14  1
15  1
16  1
17  1
18  1
19  1
20  1
21  1
22  1
;

K_test [*] :=
1  0.2
2  0.2
3  0.2
4  0.2
5  0.2
;

