K=7, W/V=3.1970336, K=7, time:0.272

ca [*] :=
1  7
;

fragment allocation x on node k:

1    2    3    4    5    6    7    
0 0 0 0 1 1 1 0 
1 0 0 0 1 1 1 0 
2 0 0 0 0 0 0 0 
3 0 0 0 0 1 1 0 
4 0 0 0 0 1 1 0 
5 0 0 0 0 1 1 0 
6 0 0 0 0 0 1 0 
7 0 0 0 0 0 0 0 
8 0 0 0 0 0 0 0 
9 0 0 0 0 1 0 0 
10 0 0 0 0 1 0 0 
11 0 0 0 0 0 0 0 
12 0 0 0 1 1 1 1 
13 0 0 0 1 1 1 1 
14 0 0 0 0 1 0 0 
15 0 0 0 0 0 0 0 
16 0 0 0 1 1 1 1 
17 0 0 0 0 0 1 1 
18 0 0 0 0 0 1 1 
19 0 0 0 1 1 1 1 
20 0 0 0 0 0 0 1 
21 0 0 0 0 0 0 0 
22 0 0 0 0 1 1 0 
23 1 1 1 0 1 0 0 
24 1 1 0 0 1 0 0 
25 0 0 0 0 1 0 0 
26 0 0 0 0 1 0 0 
27 1 0 1 0 1 0 0 
28 1 0 1 0 1 0 0 
29 0 0 0 0 0 0 0 
30 0 0 0 0 1 0 0 
31 0 0 0 1 1 1 0 
32 0 0 0 1 1 1 0 
33 0 0 0 0 1 1 0 
34 0 0 0 1 1 0 0 
35 0 0 0 0 0 0 0 
36 1 1 1 1 1 1 1 
37 1 1 1 0 1 0 0 
38 0 0 0 0 0 1 1 
39 1 1 0 0 0 0 0 
40 1 1 0 1 1 0 0 
41 0 0 1 0 0 0 0 
42 0 0 0 0 0 0 0 
43 0 0 0 0 0 0 0 
44 0 0 1 0 0 0 0 
45 1 1 1 1 1 1 1 
46 0 0 0 1 1 1 0 
47 0 0 0 1 1 1 1 
48 0 0 0 0 0 0 0 
49 1 1 0 1 1 1 0 
50 0 0 0 1 1 1 1 
51 0 0 0 1 1 1 1 
52 0 0 0 0 0 0 0 
53 0 0 0 0 1 0 0 
54 0 0 0 0 0 0 0 
55 0 0 1 0 0 1 1 
56 0 0 1 0 0 1 1 
57 0 0 1 0 0 1 1 
58 0 0 0 0 0 1 0 
59 0 0 1 0 0 1 0 
60 0 0 0 0 0 0 0 

query feasibility y on node k:

1    2    3    4    5    6    7    
8 0 0 0 0 1 0 0 
9 0 0 0 1 1 0 0 
10 0 0 0 0 1 0 0 
11 0 0 0 0 1 0 0 
12 0 0 1 0 0 0 0 
13 0 0 1 0 0 0 0 
14 0 0 0 0 0 1 0 
15 0 0 0 0 0 0 1 
16 0 0 0 0 1 1 0 
17 0 0 0 0 0 1 0 
18 1 1 0 0 0 0 0 
19 0 0 0 0 0 1 0 
20 0 0 0 0 0 1 0 
21 0 0 0 0 0 1 1 
22 1 0 1 0 1 0 0 

workload distribution ohne node failure:

1    2    3    4    5    6    7    
8 0.00000000 0.00000000 0.00000000 0.00000000 1.00000000 0.00000000 0.00000000 
9 0.00000000 0.00000000 0.00000000 0.72436087 0.27563913 0.00000000 0.00000000 
10 0.00000000 0.00000000 0.00000000 0.00000000 1.00000000 0.00000000 0.00000000 
11 0.00000000 0.00000000 0.00000000 0.00000000 1.00000000 0.00000000 0.00000000 
12 0.00000000 0.00000000 1.00000000 0.00000000 0.00000000 0.00000000 0.00000000 
13 0.00000000 0.00000000 1.00000000 0.00000000 0.00000000 0.00000000 0.00000000 
14 0.00000000 0.00000000 0.00000000 0.00000000 0.00000000 1.00000000 0.00000000 
15 0.00000000 0.00000000 0.00000000 0.00000000 0.00000000 0.00000000 1.00000000 
16 0.00000000 0.00000000 0.00000000 0.00000000 0.82976544 0.17023456 0.00000000 
17 0.00000000 0.00000000 0.00000000 0.00000000 0.00000000 1.00000000 0.00000000 
18 0.47840287 0.52159713 0.00000000 0.00000000 0.00000000 0.00000000 0.00000000 
19 0.00000000 0.00000000 0.00000000 0.00000000 0.00000000 1.00000000 0.00000000 
20 0.00000000 0.00000000 0.00000000 0.00000000 0.00000000 1.00000000 0.00000000 
21 0.00000000 0.00000000 0.00000000 0.00000000 0.00000000 0.40921825 0.59078175 
22 0.36687485 0.00000000 0.51131139 0.00000000 0.12181375 0.00000000 0.00000000 

zz_test [*] :=
 8  1
 9  1
10  1
11  1
12  1
13  1
14  1
15  1
16  1
17  1
18  1
19  1
20  1
21  1
22  1
;

K_test [*] :=
1  0.142857142857
2  0.142857142857
3  0.142857142857
4  0.142857142857
5  0.142857142857
6  0.142857142857
7  0.142857142857
;

