K=15, W/V=2.8379590, K=15, time:10.182

ca [*] :=
1  15
;

fragment allocation x on node k:

1    2    3    4    5    6    7    8    9    10    11    12    13    14    15    
0 1 0 0 1 1 1 0 0 0 0 0 0 0 0 1 
1 0 0 0 0 0 0 0 0 0 0 0 0 0 0 0 
2 0 0 0 1 0 1 0 0 0 0 0 0 0 0 0 
3 0 0 0 1 0 1 0 0 0 0 0 0 0 0 0 
4 0 0 0 1 0 0 0 0 0 0 0 0 0 0 0 
5 0 0 0 1 0 0 0 0 0 0 0 0 0 0 0 
6 0 0 0 1 1 1 0 0 0 0 0 0 0 0 0 
7 1 0 0 1 1 1 0 0 0 0 0 0 0 0 0 
8 1 0 0 1 1 1 0 0 0 0 0 0 0 0 1 
9 0 0 0 1 1 1 0 0 0 0 0 0 0 0 0 
10 0 0 0 1 1 1 0 0 0 0 0 0 0 0 0 
11 0 0 0 1 0 1 0 0 0 0 0 0 0 0 0 
12 0 0 0 1 0 0 0 0 0 0 0 0 0 0 0 
13 1 0 0 0 0 1 0 0 0 0 0 1 0 1 0 
14 1 0 0 0 0 1 0 0 0 0 0 0 0 0 0 
15 1 0 0 0 0 1 0 0 0 0 0 1 0 1 0 
16 1 0 0 0 0 1 0 0 0 0 0 0 0 0 0 
17 1 0 0 0 0 0 0 0 0 0 0 0 0 0 0 
18 1 0 0 0 0 0 0 0 0 0 0 0 0 0 0 
19 1 0 0 0 0 1 0 0 0 0 0 0 0 0 0 
20 1 0 0 0 0 0 0 0 0 0 0 0 0 0 0 
21 1 0 0 0 0 0 0 0 0 0 0 0 0 0 0 
22 1 1 1 1 1 1 1 1 1 1 1 1 1 1 1 
23 0 0 0 0 0 0 0 0 0 0 0 0 0 0 0 
24 1 1 1 1 1 1 1 1 1 1 1 1 1 1 1 
25 1 0 0 1 1 0 0 0 1 1 1 1 1 0 1 
26 1 1 0 0 0 1 0 0 0 1 1 1 0 1 1 
27 0 0 0 0 0 0 0 0 0 0 0 0 0 0 0 
28 1 1 1 1 1 1 1 1 1 0 1 1 0 1 1 
29 0 0 0 0 1 0 0 0 0 0 0 0 0 0 0 
30 1 1 1 1 1 1 0 0 1 0 1 1 0 0 1 
31 0 1 0 0 1 0 0 0 0 0 0 0 0 0 0 
32 1 0 0 1 1 1 0 0 1 0 1 0 0 0 0 
33 0 0 0 0 0 0 0 0 0 0 0 0 0 0 0 
34 0 0 0 0 0 0 0 0 0 0 0 0 0 0 0 
35 0 0 0 0 0 0 0 0 0 0 0 0 0 0 0 
36 1 1 0 0 0 0 0 0 0 1 1 0 0 0 1 
37 0 0 0 1 0 0 0 0 0 0 0 0 0 0 0 
38 0 0 0 0 0 0 0 0 0 0 0 0 0 0 0 
39 0 0 0 0 0 0 0 0 0 0 0 0 0 0 0 
40 0 0 0 0 0 0 0 0 0 0 0 0 0 0 0 
41 0 0 0 0 0 0 0 0 0 0 0 0 0 0 0 
42 0 0 0 0 0 0 0 0 0 0 0 0 0 0 0 
43 0 0 0 0 0 0 0 0 0 0 0 0 0 0 0 
44 0 0 0 0 0 0 0 0 0 0 0 0 0 0 0 
45 0 0 0 0 0 0 0 0 0 0 0 0 0 0 0 
46 0 0 0 0 0 0 0 0 0 0 0 0 0 0 0 
47 0 0 0 0 0 0 0 0 0 0 0 0 0 0 0 
48 0 0 0 0 0 0 0 0 0 0 0 0 0 0 0 
49 0 0 0 0 0 0 0 0 0 0 0 0 0 0 0 
50 0 0 0 0 1 1 0 0 0 0 0 1 0 1 0 
51 0 0 0 0 0 0 0 0 0 0 0 0 0 0 0 
52 0 0 0 0 1 1 0 0 0 0 0 1 0 1 0 
53 0 0 0 0 0 1 0 0 0 0 0 0 0 0 0 
54 0 0 0 0 0 0 0 0 0 0 0 0 0 0 0 
55 0 0 0 0 0 0 0 0 0 0 0 0 0 0 0 
56 0 0 0 0 0 0 0 0 0 0 0 0 0 0 0 
57 0 0 0 0 0 0 0 0 0 0 0 0 0 0 0 
58 0 0 0 0 0 1 0 0 0 0 0 0 0 0 0 
59 0 0 0 0 0 1 0 0 0 0 0 0 0 0 0 
60 0 0 0 0 0 1 0 0 0 0 0 0 0 0 0 
61 0 0 0 0 0 0 0 0 0 0 0 0 0 0 0 
62 0 0 0 0 0 1 0 0 0 0 0 0 0 0 0 
63 0 0 0 0 0 0 0 0 0 0 0 0 0 0 0 
64 0 0 0 0 1 1 0 0 0 0 0 1 0 0 0 
65 0 0 0 0 0 0 0 0 0 0 0 0 0 0 0 
66 0 0 0 0 1 0 0 0 0 0 0 1 0 0 0 
67 0 0 0 0 0 0 0 0 0 0 0 0 0 0 0 
68 0 0 0 0 0 1 0 0 0 0 0 0 0 0 0 
69 0 0 0 0 0 0 0 0 0 0 0 0 0 0 0 
70 0 0 0 0 1 1 0 0 0 0 0 0 0 0 0 
71 0 0 0 0 0 0 0 0 0 0 0 0 0 0 0 
72 0 0 0 0 1 1 0 0 0 0 0 0 0 0 0 
73 0 0 0 0 1 1 0 0 0 0 0 0 0 0 0 
74 0 0 0 0 1 1 0 0 0 0 0 0 0 0 0 
75 0 0 0 0 0 0 0 0 0 0 0 0 0 0 0 
76 0 0 0 0 0 0 0 0 0 0 0 0 0 0 0 
77 0 0 0 0 0 0 0 0 0 0 0 0 0 0 0 
78 0 0 0 0 0 0 0 0 0 0 0 0 0 0 0 
79 0 0 0 0 0 1 0 0 0 0 0 0 0 0 0 
80 0 0 0 0 1 1 0 0 0 0 0 0 0 0 0 
81 0 0 0 0 0 0 0 0 0 0 0 0 0 0 0 
82 0 0 0 0 1 1 0 0 0 0 0 0 0 0 0 
83 0 0 0 0 0 1 0 0 0 0 0 0 0 0 0 
84 0 0 0 0 0 1 0 0 0 0 0 0 0 0 0 
85 0 0 0 0 0 1 0 0 0 0 0 0 0 0 0 
86 0 1 1 1 1 1 1 0 1 0 1 1 1 1 1 
87 0 1 0 1 1 1 0 0 0 0 0 1 0 0 0 
88 0 0 0 0 0 0 0 0 0 0 0 0 0 0 0 
89 0 0 0 0 0 0 0 0 0 0 0 0 0 0 0 
90 0 1 1 1 1 1 0 0 1 0 0 1 1 1 1 
91 0 1 0 1 1 1 0 0 1 0 0 1 1 0 1 
92 0 0 0 0 0 0 0 0 1 0 0 1 1 0 1 
93 0 1 0 0 1 1 0 0 0 0 0 0 0 0 0 
94 0 1 0 1 1 1 0 0 1 0 1 1 1 0 1 
95 0 1 0 0 0 1 0 0 0 0 0 0 0 0 0 
96 0 1 0 0 1 1 0 0 1 0 1 0 0 0 0 
97 0 1 0 0 1 1 0 0 0 0 0 0 0 0 0 
98 0 1 0 1 1 1 0 0 1 0 1 0 0 0 1 
99 0 0 0 0 1 1 1 0 1 0 0 1 0 0 0 
100 0 0 0 0 1 1 1 0 1 0 0 1 0 0 0 
101 0 0 0 0 1 0 0 0 1 0 0 0 0 0 0 
102 0 0 0 0 0 0 0 0 0 0 0 0 0 0 0 
103 0 0 0 0 1 1 0 0 1 0 0 0 0 0 0 
104 0 0 0 0 1 0 0 0 1 0 0 0 0 0 0 
105 0 0 0 0 0 0 0 0 0 0 0 0 0 0 0 
106 0 0 0 0 1 1 0 0 1 0 0 0 0 0 0 
107 0 0 0 0 0 1 0 0 1 0 1 0 0 0 0 
108 0 0 0 1 1 1 0 0 1 1 1 1 1 0 1 
109 0 0 0 1 0 1 0 0 1 1 1 0 0 0 1 
110 0 0 0 0 0 0 0 0 0 0 0 0 0 0 0 
111 0 0 0 0 0 0 0 0 0 0 0 0 0 0 0 
112 0 0 0 0 0 0 0 0 0 0 0 0 0 0 0 
113 0 0 0 1 1 1 0 0 1 1 1 1 1 0 1 
114 0 0 0 0 1 0 0 0 0 0 0 0 0 0 0 
115 0 0 0 0 0 0 0 0 0 0 0 0 0 0 0 
116 0 0 0 0 0 0 0 0 0 0 0 0 0 0 0 
117 0 0 0 0 0 0 0 0 0 0 0 0 0 0 0 
118 0 0 0 0 1 0 0 0 0 0 0 0 0 0 0 
119 0 0 0 0 0 0 0 0 0 0 0 0 0 0 0 
120 0 0 0 0 0 0 0 0 0 0 0 0 0 0 0 
121 0 0 0 0 0 0 0 0 0 0 0 0 0 0 0 
122 0 0 0 0 0 0 0 0 0 0 0 0 0 0 0 
123 0 0 0 0 0 0 0 0 0 0 0 0 0 0 0 
124 0 0 0 1 1 0 0 0 0 0 0 0 0 0 0 
125 0 0 0 0 0 0 0 0 0 0 1 0 0 0 1 
126 0 0 0 1 1 0 0 0 0 0 0 0 0 0 0 
127 0 0 0 1 1 0 0 0 0 0 0 0 0 0 0 
128 0 0 0 1 1 0 0 0 0 0 0 0 0 0 0 
129 0 0 0 1 1 0 0 0 0 0 0 0 0 0 0 
130 0 0 0 1 1 0 0 0 0 0 0 0 0 0 0 
131 0 0 0 1 1 0 0 0 0 0 0 0 0 0 0 
132 0 0 0 1 1 1 0 0 0 0 0 0 0 0 0 
133 0 0 0 1 1 1 0 0 0 0 0 0 0 0 0 
134 0 0 0 0 0 0 0 0 0 0 0 0 0 0 0 
135 0 0 0 0 0 1 0 0 0 0 1 0 0 0 1 
136 0 0 0 0 0 0 0 0 0 0 0 0 0 0 0 
137 0 0 0 1 0 1 0 0 0 0 0 1 0 0 0 
138 0 0 0 0 0 1 0 0 0 0 0 0 0 0 0 
139 0 0 0 0 0 0 0 0 0 0 0 0 0 0 0 
140 0 0 0 0 0 0 0 0 0 0 0 0 0 0 0 
141 0 0 0 0 0 0 0 0 0 0 0 0 0 0 0 
142 0 0 0 0 0 0 0 0 0 0 0 0 0 0 0 
143 0 0 0 1 0 1 0 0 0 0 0 1 0 0 0 
144 0 0 0 0 0 0 0 0 0 0 0 0 0 0 0 
145 0 0 0 0 0 0 0 0 0 0 0 0 0 0 0 
146 0 0 0 0 0 0 0 0 0 0 0 0 0 0 0 
147 0 0 0 0 0 0 0 0 0 0 0 0 0 0 0 
148 0 0 0 0 0 1 0 0 0 0 0 0 0 0 0 
149 0 0 0 0 0 0 0 0 0 0 0 0 0 0 0 
150 0 0 0 0 0 0 0 0 0 0 0 0 0 0 0 
151 0 0 0 0 0 0 0 0 0 0 0 0 0 0 0 
152 0 0 0 0 0 0 0 0 0 0 0 0 0 0 0 
153 0 0 0 0 0 0 0 0 0 0 0 0 0 0 0 
154 0 0 0 0 0 0 0 0 0 0 0 0 0 0 0 
155 0 0 0 0 0 0 0 0 0 0 0 0 0 0 0 
156 0 0 0 0 0 0 0 0 0 0 0 0 0 0 0 
157 0 0 0 0 0 0 0 0 0 0 0 0 0 0 0 
158 0 0 0 0 0 0 0 0 0 0 0 0 0 0 0 
159 0 0 0 0 0 0 0 0 0 0 0 0 0 0 0 
160 0 0 0 0 0 0 0 0 0 0 0 0 0 0 0 
161 0 0 0 0 0 0 0 0 0 0 0 0 0 0 0 
162 0 0 0 0 0 1 0 0 0 0 0 0 0 0 0 
163 0 0 0 0 0 0 0 0 0 0 0 0 0 0 0 
164 0 0 0 0 0 0 0 0 0 0 0 0 0 0 0 
165 0 0 0 0 0 0 0 0 0 0 0 0 0 0 0 
166 0 0 0 0 0 0 0 0 0 0 0 0 0 0 0 
167 0 0 0 0 0 0 0 0 0 0 0 0 0 0 0 
168 1 0 1 1 1 1 1 0 0 0 0 0 0 0 1 
169 0 0 0 1 1 1 1 0 0 0 0 0 0 0 0 
170 1 0 0 0 0 1 0 0 0 0 0 0 0 0 0 
171 0 0 0 0 0 1 0 0 0 0 0 0 0 0 0 
172 1 0 0 1 1 1 0 0 0 0 0 0 0 0 1 
173 0 0 0 0 0 1 0 0 0 0 0 0 0 0 0 
174 0 0 0 0 0 1 0 0 0 0 0 0 0 0 0 
175 0 0 0 1 1 0 0 0 0 0 0 0 0 0 0 
176 1 0 1 1 1 1 1 0 0 0 0 0 0 0 0 
177 1 0 1 1 1 1 1 0 0 0 0 0 0 0 0 
178 0 0 0 1 1 0 1 0 0 0 0 0 0 0 0 
179 0 0 0 1 0 0 0 0 0 0 0 0 0 0 0 
180 0 0 0 1 0 1 0 0 0 0 0 0 0 0 0 
181 0 0 0 1 0 1 0 0 0 0 0 0 0 0 0 
182 0 0 0 1 1 0 1 0 0 0 0 0 0 0 0 
183 0 0 0 1 1 0 1 0 0 0 0 0 0 0 0 
184 0 0 0 1 1 0 1 0 0 0 0 0 0 0 0 
185 0 0 0 1 0 0 0 0 0 0 0 0 0 0 0 
186 0 0 0 0 1 1 0 0 0 0 0 0 0 0 0 
187 0 0 0 0 0 1 0 0 0 0 0 0 0 0 0 
188 0 0 0 0 0 0 0 0 0 0 0 0 0 0 0 
189 0 0 0 0 0 0 0 0 0 0 0 0 0 0 0 
190 0 0 0 0 1 0 0 0 0 0 0 0 0 0 0 
191 0 0 0 0 0 0 0 0 0 0 0 0 0 0 0 
192 0 0 0 0 0 0 0 0 0 0 0 0 0 0 0 
193 0 0 0 0 0 0 0 0 0 0 0 0 0 0 0 
194 0 0 0 0 0 0 0 0 0 0 0 0 0 0 0 
195 0 0 0 0 0 0 0 0 0 0 0 0 0 0 0 
196 0 0 0 0 0 0 0 0 0 0 0 0 0 0 0 
197 0 0 0 0 0 0 0 0 0 0 0 0 0 0 0 
198 0 0 0 0 0 0 0 0 0 0 0 0 0 0 0 
199 0 0 0 0 0 0 0 0 0 0 0 0 0 0 0 
200 0 0 0 0 0 1 0 0 0 0 0 0 0 0 0 
201 0 0 0 0 0 0 0 0 0 0 0 0 0 0 0 
202 0 0 0 0 0 0 0 0 0 0 0 0 0 0 0 
203 0 0 0 0 0 0 0 0 0 0 0 0 0 0 0 
204 0 0 0 0 0 0 0 0 0 0 0 0 0 0 0 
205 0 0 0 0 0 0 0 0 0 0 0 0 0 0 0 
206 0 0 0 0 0 0 0 0 0 0 0 0 0 0 0 
207 0 0 0 0 0 0 0 0 0 0 0 0 0 0 0 
208 0 0 0 0 0 0 0 0 0 0 0 0 0 0 0 
209 0 0 0 0 0 0 0 0 0 0 0 0 0 0 0 
210 0 0 0 0 0 0 0 0 0 0 0 0 0 0 0 
211 0 0 0 0 0 0 0 0 0 0 0 0 0 0 0 
212 0 0 0 1 1 1 0 0 0 0 0 0 0 0 0 
213 0 0 0 0 0 0 0 0 0 0 0 0 0 0 0 
214 0 0 0 1 1 1 0 1 0 0 0 0 0 0 0 
215 0 0 0 1 1 1 0 0 0 0 0 0 0 0 0 
216 0 0 0 0 0 1 0 0 0 0 0 0 0 0 0 
217 0 0 0 0 0 0 0 0 0 0 0 0 0 0 0 
218 0 0 0 0 0 0 0 0 0 0 0 0 0 0 0 
219 0 0 0 0 1 1 0 0 0 0 0 0 0 0 0 
220 0 0 0 0 1 0 0 0 0 0 0 0 0 0 0 
221 0 0 0 1 1 1 0 1 0 0 0 0 0 0 0 
222 0 0 0 1 1 1 0 0 0 0 0 0 0 0 0 
223 0 0 0 0 1 1 0 0 0 0 0 0 0 0 0 
224 0 0 0 0 1 0 0 0 0 0 0 0 0 0 0 
225 0 0 0 0 1 0 0 0 0 0 0 0 0 0 0 
226 0 0 0 0 1 0 0 0 0 0 0 0 0 0 0 
227 0 0 0 0 0 0 0 0 0 0 0 0 0 0 0 
228 0 0 0 0 1 0 0 0 0 0 0 0 0 0 0 
229 0 0 0 0 1 0 0 0 0 0 0 0 0 0 0 
230 0 0 0 0 1 0 0 0 0 0 0 0 0 0 0 
231 0 0 0 0 0 1 0 0 0 0 0 0 0 0 0 
232 0 0 0 0 1 1 0 0 0 0 0 1 0 1 0 
233 0 0 0 0 0 1 0 0 0 0 0 0 0 0 0 
234 0 0 0 0 1 1 0 0 0 0 0 1 0 1 0 
235 0 0 0 0 1 1 0 0 0 0 0 0 0 0 0 
236 0 0 0 0 1 0 0 0 0 0 0 0 0 0 0 
237 0 0 0 0 0 1 0 0 0 0 0 0 0 0 0 
238 0 0 0 0 0 0 0 0 0 0 0 0 0 0 0 
239 0 0 0 0 0 0 0 0 0 0 0 0 0 0 0 
240 0 0 0 0 0 0 0 0 0 0 0 0 0 0 0 
241 0 0 0 0 0 0 0 0 0 0 0 0 0 0 0 
242 0 0 0 0 0 0 0 0 0 0 0 0 0 0 0 
243 0 0 0 0 0 0 0 0 0 0 0 0 0 0 0 
244 0 0 0 0 0 0 0 0 0 0 0 0 0 0 0 
245 0 0 0 0 0 0 0 0 0 0 0 0 0 0 0 
246 0 0 0 0 0 0 0 0 0 0 0 0 0 0 0 
247 0 0 0 0 0 1 0 0 0 0 0 0 0 0 0 
248 0 0 0 0 0 0 0 0 0 0 0 0 0 0 0 
249 0 0 0 0 0 0 0 0 0 0 0 0 0 0 0 
250 0 0 0 0 0 0 0 0 0 0 0 0 0 0 0 
251 0 0 0 0 0 1 0 0 0 0 0 1 0 1 0 
252 0 0 0 0 0 0 0 0 0 0 0 0 0 0 0 
253 0 0 0 0 0 0 0 0 0 0 0 0 0 0 0 
254 0 0 0 0 0 0 0 0 0 0 0 0 0 0 0 
255 0 0 0 0 0 0 0 0 0 0 0 0 0 0 0 
256 0 0 0 0 0 1 0 0 0 0 0 0 0 0 0 
257 0 0 0 0 0 0 0 0 0 0 0 0 0 0 0 
258 0 0 0 0 0 0 0 0 0 0 0 0 0 0 0 
259 0 0 0 0 0 1 0 0 0 0 0 0 0 0 0 
260 0 0 0 0 0 1 0 0 0 0 0 0 0 0 0 
261 0 0 0 0 0 0 0 0 0 0 0 0 0 0 0 
262 0 0 0 0 0 1 0 0 0 0 0 0 0 0 0 
263 0 0 0 0 0 0 0 0 0 0 0 0 0 0 0 
264 0 0 0 0 0 0 0 0 0 0 0 0 0 0 0 
265 0 0 0 0 0 1 0 0 0 0 0 0 0 0 0 
266 0 0 0 0 0 0 0 0 0 0 0 0 0 0 0 
267 0 0 0 0 0 0 0 0 0 0 0 0 0 0 0 
268 0 0 0 0 0 0 0 0 0 0 0 0 0 0 0 
269 0 0 0 0 0 0 0 0 0 0 0 0 0 0 0 
270 0 0 0 0 0 1 0 0 0 0 0 0 0 0 0 
271 0 0 0 0 0 1 0 0 0 0 0 0 0 0 0 
272 0 0 0 0 0 0 0 0 0 0 0 0 0 0 0 
273 0 0 0 0 0 0 0 0 0 0 0 0 0 0 0 
274 0 0 0 0 0 0 0 0 0 0 0 0 0 0 0 
275 0 0 0 0 0 0 0 0 0 0 0 0 0 0 0 
276 0 0 0 0 0 0 0 0 0 0 0 0 0 0 0 
277 0 0 0 0 0 0 0 0 0 0 0 0 0 0 0 
278 0 0 0 0 0 0 0 0 0 0 0 0 0 0 0 
279 0 0 0 0 0 0 0 0 0 0 0 1 0 1 0 
280 0 0 0 0 0 0 0 0 0 0 0 1 0 1 0 
281 0 0 0 0 0 0 0 0 0 0 0 1 0 1 0 
282 0 0 0 0 0 0 0 0 0 0 0 1 0 1 0 
283 0 0 0 1 0 1 0 0 0 0 0 0 0 0 0 
284 0 0 0 0 0 0 0 0 0 0 0 0 0 0 0 
285 0 0 0 1 0 1 0 1 0 0 0 1 0 1 0 
286 0 0 0 0 0 0 0 0 0 0 0 0 0 0 0 
287 0 0 0 0 0 0 0 0 0 0 0 0 0 0 0 
288 0 0 0 0 0 0 0 0 0 0 0 0 0 0 0 
289 0 0 0 0 0 0 0 0 0 0 0 0 0 0 0 
290 0 0 0 1 0 1 0 0 0 0 0 0 0 0 0 
291 0 0 0 0 0 0 0 0 0 0 0 0 0 0 0 
292 0 0 0 0 0 0 0 0 0 0 0 0 0 0 0 
293 0 0 0 1 0 0 0 0 0 0 0 0 0 0 0 
294 0 0 0 0 0 1 0 0 0 0 0 0 0 0 0 
295 0 0 0 0 0 1 0 0 0 0 0 0 0 0 0 
296 0 0 0 0 0 0 0 0 0 0 0 0 0 0 0 
297 0 0 0 0 0 0 0 0 0 0 0 0 0 0 0 
298 0 0 0 0 0 0 0 0 0 0 0 0 0 0 0 
299 0 0 0 1 0 1 0 1 0 0 0 1 0 1 0 
300 0 0 0 0 0 1 0 0 0 0 0 0 0 0 0 
301 0 0 0 0 0 1 0 0 0 0 0 0 0 0 0 
302 0 0 0 0 0 0 0 0 0 0 0 0 0 0 0 
303 0 0 0 1 0 0 0 0 0 0 0 0 0 0 0 
304 0 0 0 0 0 0 0 0 0 0 0 0 0 0 0 
305 0 0 0 0 0 0 0 0 0 0 0 0 0 0 0 
306 0 0 0 0 0 1 0 0 0 0 0 0 0 0 0 
307 0 0 0 0 0 1 0 0 0 0 0 0 0 0 0 
308 0 0 0 0 0 1 0 0 0 0 0 0 0 0 0 
309 0 0 0 0 0 1 0 0 0 0 0 0 0 0 0 
310 0 0 0 1 0 1 0 0 0 0 0 0 0 0 0 
311 0 0 0 0 0 0 0 0 0 0 0 0 0 0 0 
312 0 0 0 1 0 1 0 1 0 0 0 0 0 0 0 
313 0 0 0 0 0 0 0 0 0 0 0 0 0 0 0 
314 0 0 0 0 0 1 0 0 0 0 0 0 0 0 0 
315 0 0 0 0 0 0 0 0 0 0 0 0 0 0 0 
316 0 0 0 0 0 1 0 0 0 0 0 0 0 0 0 
317 0 0 0 1 0 0 0 0 0 0 0 0 0 0 0 
318 0 0 0 0 0 1 0 0 0 0 0 0 0 0 0 
319 0 0 0 0 0 0 0 0 0 0 0 0 0 0 0 
320 0 0 0 1 0 0 0 0 0 0 0 0 0 0 0 
321 0 0 0 0 0 1 0 0 0 0 0 0 0 0 0 
322 0 0 0 0 0 1 0 0 0 0 0 0 0 0 0 
323 0 0 0 1 0 1 0 1 0 0 0 0 0 0 0 
324 0 0 0 0 0 1 0 0 0 0 0 0 0 0 0 
325 0 0 0 1 0 1 0 0 0 0 0 0 0 0 0 
326 0 0 0 0 0 0 0 0 0 0 0 0 0 0 0 
327 0 0 0 0 0 0 0 0 0 0 0 0 0 0 0 
328 0 0 0 0 0 1 0 0 0 0 0 0 0 0 0 
329 0 0 0 0 0 0 0 0 0 0 0 0 0 0 0 
330 0 0 0 0 0 1 0 0 0 0 0 0 0 0 0 
331 0 0 0 0 0 0 0 0 0 0 0 0 0 0 0 
332 0 0 0 0 0 0 0 0 0 0 0 0 0 0 0 
333 0 0 0 0 0 1 0 0 0 0 0 0 0 0 0 
334 1 1 1 1 1 1 1 1 0 1 0 0 0 0 0 
335 0 0 0 0 0 1 0 0 0 0 0 0 0 0 0 
336 0 0 0 0 1 1 0 0 0 0 0 0 0 0 0 
337 0 1 1 1 1 1 0 1 0 1 0 0 0 0 0 
338 1 0 1 1 1 1 1 1 0 0 0 0 0 0 0 
339 0 0 0 0 0 0 0 0 0 0 0 0 0 0 0 
340 0 0 0 0 0 1 0 0 0 0 0 0 0 0 0 
341 0 0 0 0 0 1 0 0 0 0 0 0 0 0 0 
342 0 0 0 0 0 1 0 0 0 0 0 0 0 0 0 
343 0 0 0 0 0 1 0 0 0 0 0 0 0 0 0 
344 0 0 0 0 0 1 0 0 0 0 0 0 0 0 0 
345 0 0 0 0 0 1 0 0 0 0 0 0 0 0 0 
346 0 0 0 0 0 1 0 0 0 0 0 0 0 0 0 
347 0 0 0 0 1 1 0 0 0 0 0 0 0 0 0 
348 0 0 0 0 1 1 0 0 0 0 0 0 0 0 0 
349 0 0 0 0 1 1 0 0 0 0 0 0 0 0 0 
350 0 0 0 0 0 1 0 0 0 0 0 0 0 0 0 
351 0 0 0 1 0 1 0 1 0 0 0 0 0 0 0 
352 0 1 1 1 0 1 0 1 0 0 0 0 0 0 0 
353 0 0 0 1 0 0 0 1 0 0 0 0 0 0 0 
354 0 1 1 1 0 0 0 0 0 0 0 0 0 0 0 
355 0 0 0 1 0 1 0 1 0 1 0 0 0 0 0 
356 0 0 0 0 1 0 1 0 0 0 0 0 0 0 0 
357 1 1 0 0 0 1 1 0 0 0 0 0 0 0 0 
358 0 0 0 0 0 0 1 0 0 0 0 0 0 0 0 
359 0 0 0 0 1 1 1 0 0 0 0 0 0 0 0 
360 0 0 0 0 0 0 0 0 0 0 0 0 0 0 0 
361 0 0 0 0 0 0 0 0 0 0 0 0 0 0 0 
362 0 0 0 0 0 1 0 0 0 0 0 0 0 0 0 
363 0 0 0 0 1 1 0 0 0 0 0 0 0 0 0 
364 0 0 0 0 0 1 0 0 0 0 0 0 0 0 0 
365 0 0 0 0 0 1 0 0 0 0 0 0 0 0 0 
366 0 0 0 0 0 1 0 0 0 0 0 0 0 0 0 
367 0 0 0 0 0 1 0 0 0 0 0 0 0 0 0 
368 1 1 1 1 1 1 1 1 0 0 0 1 0 1 1 
369 0 0 0 0 0 1 0 0 0 0 0 0 0 0 0 
370 0 0 0 0 0 1 0 0 0 0 0 1 0 1 0 
371 1 0 1 1 1 1 1 1 0 0 0 0 0 0 1 
372 0 0 0 0 0 1 0 0 0 0 0 1 0 1 0 
373 0 0 0 0 0 1 0 0 0 0 0 1 0 1 0 
374 0 0 0 0 0 1 0 0 0 0 0 0 0 0 0 
375 1 0 0 0 0 1 0 0 0 0 0 0 0 0 0 
376 0 0 0 0 0 1 0 0 0 0 0 0 0 0 0 
377 0 0 0 0 0 1 0 0 0 0 0 0 0 0 0 
378 0 0 0 0 0 1 0 0 0 0 0 0 0 0 0 
379 0 0 0 1 0 1 0 0 0 0 0 1 0 0 0 
380 0 0 0 0 0 1 0 0 0 0 0 0 0 0 0 
381 0 0 0 0 0 1 0 0 0 0 0 1 0 0 0 
382 0 0 0 0 0 1 0 0 0 0 0 1 0 0 0 
383 0 1 1 1 1 1 1 1 0 0 0 1 0 1 1 
384 0 0 0 0 0 1 0 0 0 0 0 1 0 1 0 
385 0 0 0 1 0 1 0 1 0 0 0 1 0 1 0 
386 0 1 1 1 0 1 0 1 0 0 0 1 0 1 0 
387 0 0 0 1 0 0 0 1 0 0 0 0 0 0 0 
388 0 1 1 1 0 1 0 0 0 0 0 0 0 0 0 
389 0 0 0 1 0 1 0 1 0 0 0 0 0 0 0 
390 0 0 0 0 0 0 1 0 0 0 0 0 0 0 0 
391 1 1 0 0 0 1 1 0 0 0 0 0 0 0 0 
392 0 0 0 0 0 0 1 0 0 0 0 0 0 0 0 
393 0 0 0 0 0 1 1 0 0 0 0 0 0 0 0 
394 0 0 0 0 0 0 0 0 0 0 0 0 0 0 0 
395 0 0 0 0 0 1 0 0 0 0 0 0 0 0 0 
396 0 0 0 0 0 1 0 0 0 0 0 0 0 0 0 
397 0 0 0 0 0 1 0 0 0 0 0 0 0 0 0 
398 0 0 0 0 0 1 0 0 0 0 0 0 0 0 0 
399 0 0 0 0 0 1 0 0 0 0 0 0 0 0 0 
400 0 0 0 0 0 1 0 0 0 0 0 0 0 0 0 
401 0 0 0 0 0 1 0 0 0 0 0 0 0 0 0 
402 1 1 1 1 1 1 1 1 1 1 1 1 1 0 1 
403 0 0 0 0 1 1 0 0 0 0 0 0 0 0 0 
404 0 1 1 1 1 1 0 1 1 1 1 1 1 0 1 
405 1 0 1 1 1 1 1 1 0 0 0 0 0 0 1 
406 0 0 0 0 0 1 0 0 0 0 0 0 0 0 0 
407 0 0 0 0 1 1 0 0 0 0 0 0 0 0 0 
408 0 0 0 0 1 1 0 0 0 0 0 0 0 0 0 
409 0 0 0 1 1 1 0 0 1 1 1 1 1 0 1 
410 0 0 0 0 0 1 0 0 0 0 0 0 0 0 0 
411 0 0 0 1 1 1 0 1 0 0 0 0 0 0 0 
412 0 1 1 1 1 1 0 1 1 0 1 0 0 0 0 
413 0 0 0 1 0 1 0 1 0 0 0 0 0 0 0 
414 0 1 0 0 0 1 0 0 0 0 0 0 0 0 0 
415 0 0 1 1 1 1 0 1 1 1 1 1 1 0 1 
416 0 0 0 0 1 0 1 0 0 0 0 0 0 0 0 
417 0 0 0 0 1 1 1 0 0 0 0 0 0 0 0 
418 0 0 0 0 0 1 1 0 0 0 0 0 0 0 0 
419 0 0 0 0 1 0 1 0 0 0 0 0 0 0 0 
420 0 0 0 0 1 0 0 0 0 0 0 0 0 0 0 
421 0 0 0 0 1 1 0 0 0 0 0 0 0 0 0 
422 0 0 0 0 1 1 0 0 0 0 0 0 0 0 0 
423 0 0 0 0 1 0 0 0 0 0 0 0 0 0 0 
424 0 0 0 0 1 1 0 0 0 0 0 0 0 0 0 

query feasibility y on node k:

1    2    3    4    5    6    7    8    9    10    11    12    13    14    15    
1 0 0 0 0 1 0 0 0 0 0 0 0 0 0 0 
2 1 1 0 0 0 0 0 0 0 0 0 0 0 0 0 
3 0 0 0 0 1 0 0 0 0 0 0 0 0 0 0 
4 0 0 0 0 0 0 1 0 0 0 0 0 0 0 0 
5 0 0 0 0 0 1 0 0 0 0 0 0 0 0 0 
6 0 0 0 1 0 0 0 0 0 0 0 0 0 0 1 
7 0 0 0 0 0 1 0 0 0 0 0 0 0 0 0 
8 0 0 0 0 1 0 0 0 0 0 0 0 0 0 0 
9 0 0 0 0 1 0 0 0 0 0 0 0 0 0 0 
10 1 0 0 0 0 0 0 0 0 0 0 0 0 0 0 
11 0 0 0 0 1 0 1 0 0 0 0 0 0 0 0 
12 0 1 0 0 0 0 0 0 0 0 0 0 0 0 0 
13 0 0 0 0 0 1 0 0 0 0 0 0 0 0 0 
14 0 1 0 0 0 0 0 0 0 0 0 0 0 0 0 
15 0 0 0 1 0 0 0 0 0 0 0 0 0 0 0 
16 0 0 0 0 0 1 0 0 0 0 0 0 0 0 0 
17 0 0 0 1 0 0 0 0 0 0 0 0 0 0 0 
18 0 0 0 0 0 1 0 0 0 0 0 0 0 0 0 
19 0 0 0 0 1 0 0 0 0 0 0 0 0 0 0 
20 0 1 0 0 0 0 0 0 0 0 0 0 0 0 0 
21 0 0 0 0 0 0 0 0 0 0 0 1 0 0 0 
23 0 0 1 1 0 0 0 0 0 0 0 0 0 0 0 
24 0 0 0 0 1 0 0 0 0 0 0 0 0 0 0 
25 0 0 0 0 0 1 0 0 0 0 0 0 0 0 0 
26 0 0 0 0 0 1 0 0 0 0 0 0 0 0 0 
27 0 0 0 0 0 1 0 0 0 0 0 0 0 0 0 
28 0 0 0 0 0 1 0 0 0 0 0 0 0 0 0 
29 0 0 0 1 0 0 0 0 0 0 0 0 0 0 0 
30 0 0 0 1 0 0 0 0 0 0 0 0 0 0 0 
31 0 0 0 0 0 1 0 0 0 0 0 0 0 0 0 
32 0 0 0 0 0 0 1 0 0 0 0 0 0 0 0 
33 0 0 0 0 0 1 0 0 0 0 0 0 0 0 0 
34 0 0 0 0 1 0 0 0 0 0 0 0 0 0 0 
35 1 0 0 0 0 0 0 0 0 0 0 0 0 0 0 
37 0 0 0 0 0 0 0 0 0 0 0 1 0 0 0 
38 1 0 0 1 0 0 0 0 0 0 0 0 0 0 0 
39 0 0 0 0 0 0 0 0 0 0 0 1 0 0 0 
40 0 0 0 0 0 1 0 0 0 0 0 0 0 0 0 
41 0 0 0 0 0 0 0 0 1 0 0 0 0 0 0 
42 0 0 0 0 1 0 0 0 0 0 0 0 0 0 0 
43 0 0 0 0 0 0 0 0 0 0 1 0 0 0 1 
44 0 0 0 0 0 1 0 0 0 0 0 0 0 0 0 
45 0 0 0 1 0 0 0 0 0 0 0 0 0 0 0 
46 0 0 0 0 1 0 0 0 0 0 0 0 0 0 0 
47 0 0 0 0 0 0 0 0 0 0 1 0 0 0 1 
48 0 0 0 0 0 1 0 0 0 0 0 0 0 0 0 
49 0 0 0 0 0 1 0 0 0 0 0 0 0 0 0 
50 0 0 0 1 1 0 0 0 0 0 0 0 0 0 0 
51 0 0 0 0 0 0 0 0 0 1 0 0 0 0 0 
52 0 0 0 0 1 0 0 0 0 0 0 0 0 0 0 
53 0 0 0 0 0 0 0 0 1 0 0 0 0 0 0 
54 0 0 0 0 1 0 0 0 0 0 0 0 0 0 0 
55 0 0 0 0 1 0 0 0 0 0 0 0 0 0 0 
56 0 0 0 0 0 1 0 0 0 0 0 0 0 0 0 
57 0 0 0 1 0 0 0 0 0 0 0 0 0 0 0 
58 0 0 0 0 0 1 0 0 0 0 0 0 0 0 0 
59 0 0 0 0 0 0 0 0 0 1 1 0 0 0 1 
60 0 0 0 0 0 1 0 0 0 0 0 0 0 0 0 
61 0 0 0 0 0 1 0 0 0 0 0 0 0 0 0 
62 0 0 0 0 1 0 0 0 0 0 0 0 0 0 0 
63 0 0 0 0 0 0 0 0 1 0 0 0 0 0 0 
64 0 0 0 0 0 1 0 0 0 0 0 0 0 0 0 
65 0 0 0 0 0 0 0 0 1 0 0 1 1 0 1 
66 0 0 0 0 0 1 0 0 0 0 0 0 0 0 0 
67 0 0 0 0 0 0 0 0 1 0 1 0 0 0 0 
68 0 0 0 0 1 0 0 0 0 0 0 0 0 0 0 
69 1 0 0 0 0 0 0 0 0 0 0 0 0 0 0 
71 0 0 0 0 0 1 0 0 0 0 0 0 0 0 0 
72 0 0 0 0 0 0 0 0 0 0 0 1 0 1 0 
73 0 0 0 0 1 0 0 0 0 0 0 0 0 0 0 
74 0 0 0 0 1 1 0 0 0 0 0 0 0 0 0 
75 0 0 0 0 0 1 0 0 0 0 0 0 0 0 0 
76 0 0 0 0 0 1 0 0 0 0 0 0 0 0 0 
77 0 0 0 0 0 1 0 0 0 0 0 0 0 0 0 
78 0 0 0 1 0 0 0 1 0 0 0 0 0 0 0 
79 0 0 0 0 1 0 0 0 0 0 0 0 0 0 0 
80 0 0 0 0 0 1 0 0 0 0 0 0 0 0 0 
81 0 0 0 1 0 0 0 0 0 0 0 0 0 0 0 
82 0 0 0 0 0 0 0 0 0 0 0 1 0 0 0 
83 0 0 0 0 0 1 0 0 0 0 0 0 0 0 0 
84 0 0 0 0 0 1 0 0 0 0 0 0 0 0 0 
85 0 0 0 0 0 1 0 0 0 0 0 0 0 0 0 
87 1 0 0 1 0 0 0 0 0 0 0 0 0 0 0 
88 0 0 0 0 1 0 0 0 0 0 0 0 0 0 0 
89 0 0 0 0 0 0 0 0 0 0 1 0 0 0 0 
90 0 0 0 0 0 1 0 0 0 0 0 0 0 0 0 
91 0 0 0 0 0 1 0 0 0 0 0 0 0 0 0 
92 0 0 0 0 1 0 0 0 0 0 0 0 0 0 0 
93 0 0 0 0 1 0 0 0 0 0 0 0 0 0 0 
94 0 0 0 0 0 1 0 0 0 0 0 0 0 0 0 
95 0 0 0 0 0 1 0 0 0 0 0 0 0 0 0 
96 0 0 0 0 0 1 0 0 0 0 0 0 0 0 0 
97 0 0 0 0 0 0 0 0 0 0 0 0 0 0 1 
98 0 0 0 0 1 1 0 0 0 0 0 0 0 0 0 
99 0 0 0 0 0 0 0 0 0 0 0 1 0 0 0 

workload distribution ohne node failure:

1    2    3    4    5    6    7    8    9    10    11    12    13    14    15    
1 0.00000000 0.00000000 0.00000000 0.00000000 1.00000000 0.00000000 0.00000000 0.00000000 0.00000000 0.00000000 0.00000000 0.00000000 0.00000000 0.00000000 0.00000000 
2 0.65538277 0.34461723 0.00000000 0.00000000 0.00000000 0.00000000 0.00000000 0.00000000 0.00000000 0.00000000 0.00000000 0.00000000 0.00000000 0.00000000 0.00000000 
3 0.00000000 0.00000000 0.00000000 0.00000000 1.00000000 0.00000000 0.00000000 0.00000000 0.00000000 0.00000000 0.00000000 0.00000000 0.00000000 0.00000000 0.00000000 
4 0.00000000 0.00000000 0.00000000 0.00000000 0.00000000 0.00000000 1.00000000 0.00000000 0.00000000 0.00000000 0.00000000 0.00000000 0.00000000 0.00000000 0.00000000 
5 0.00000000 0.00000000 0.00000000 0.00000000 0.00000000 1.00000000 0.00000000 0.00000000 0.00000000 0.00000000 0.00000000 0.00000000 0.00000000 0.00000000 0.00000000 
6 0.00000000 0.00000000 0.00000000 0.39152079 0.00000000 0.00000000 0.00000000 0.00000000 0.00000000 0.00000000 0.00000000 0.00000000 0.00000000 0.00000000 0.60847921 
7 0.00000000 0.00000000 0.00000000 0.00000000 0.00000000 1.00000000 0.00000000 0.00000000 0.00000000 0.00000000 0.00000000 0.00000000 0.00000000 0.00000000 0.00000000 
8 0.00000000 0.00000000 0.00000000 0.00000000 1.00000000 0.00000000 0.00000000 0.00000000 0.00000000 0.00000000 0.00000000 0.00000000 0.00000000 0.00000000 0.00000000 
9 0.00000000 0.00000000 0.00000000 0.00000000 1.00000000 0.00000000 0.00000000 0.00000000 0.00000000 0.00000000 0.00000000 0.00000000 0.00000000 0.00000000 0.00000000 
10 1.00000000 0.00000000 0.00000000 0.00000000 0.00000000 0.00000000 0.00000000 0.00000000 0.00000000 0.00000000 0.00000000 0.00000000 0.00000000 0.00000000 0.00000000 
11 0.00000000 0.00000000 0.00000000 0.00000000 0.41134748 0.00000000 0.58865252 0.00000000 0.00000000 0.00000000 0.00000000 0.00000000 0.00000000 0.00000000 0.00000000 
12 0.00000000 1.00000000 0.00000000 0.00000000 0.00000000 0.00000000 0.00000000 0.00000000 0.00000000 0.00000000 0.00000000 0.00000000 0.00000000 0.00000000 0.00000000 
13 0.00000000 0.00000000 0.00000000 0.00000000 0.00000000 1.00000000 0.00000000 0.00000000 0.00000000 0.00000000 0.00000000 0.00000000 0.00000000 0.00000000 0.00000000 
14 0.00000000 1.00000000 0.00000000 0.00000000 0.00000000 0.00000000 0.00000000 0.00000000 0.00000000 0.00000000 0.00000000 0.00000000 0.00000000 0.00000000 0.00000000 
15 0.00000000 0.00000000 0.00000000 1.00000000 0.00000000 0.00000000 0.00000000 0.00000000 0.00000000 0.00000000 0.00000000 0.00000000 0.00000000 0.00000000 0.00000000 
16 0.00000000 0.00000000 0.00000000 0.00000000 0.00000000 1.00000000 0.00000000 0.00000000 0.00000000 0.00000000 0.00000000 0.00000000 0.00000000 0.00000000 0.00000000 
17 0.00000000 0.00000000 0.00000000 1.00000000 0.00000000 0.00000000 0.00000000 0.00000000 0.00000000 0.00000000 0.00000000 0.00000000 0.00000000 0.00000000 0.00000000 
18 0.00000000 0.00000000 0.00000000 0.00000000 0.00000000 1.00000000 0.00000000 0.00000000 0.00000000 0.00000000 0.00000000 0.00000000 0.00000000 0.00000000 0.00000000 
19 0.00000000 0.00000000 0.00000000 0.00000000 1.00000000 0.00000000 0.00000000 0.00000000 0.00000000 0.00000000 0.00000000 0.00000000 0.00000000 0.00000000 0.00000000 
20 0.00000000 1.00000000 0.00000000 0.00000000 0.00000000 0.00000000 0.00000000 0.00000000 0.00000000 0.00000000 0.00000000 0.00000000 0.00000000 0.00000000 0.00000000 
21 0.00000000 0.00000000 0.00000000 0.00000000 0.00000000 0.00000000 0.00000000 0.00000000 0.00000000 0.00000000 0.00000000 1.00000000 0.00000000 0.00000000 0.00000000 
23 0.00000000 0.00000000 0.73390771 0.26609229 0.00000000 0.00000000 0.00000000 0.00000000 0.00000000 0.00000000 0.00000000 0.00000000 0.00000000 0.00000000 0.00000000 
24 0.00000000 0.00000000 0.00000000 0.00000000 1.00000000 0.00000000 0.00000000 0.00000000 0.00000000 0.00000000 0.00000000 0.00000000 0.00000000 0.00000000 0.00000000 
25 0.00000000 0.00000000 0.00000000 0.00000000 0.00000000 1.00000000 0.00000000 0.00000000 0.00000000 0.00000000 0.00000000 0.00000000 0.00000000 0.00000000 0.00000000 
26 0.00000000 0.00000000 0.00000000 0.00000000 0.00000000 1.00000000 0.00000000 0.00000000 0.00000000 0.00000000 0.00000000 0.00000000 0.00000000 0.00000000 0.00000000 
27 0.00000000 0.00000000 0.00000000 0.00000000 0.00000000 1.00000000 0.00000000 0.00000000 0.00000000 0.00000000 0.00000000 0.00000000 0.00000000 0.00000000 0.00000000 
28 0.00000000 0.00000000 0.00000000 0.00000000 0.00000000 1.00000000 0.00000000 0.00000000 0.00000000 0.00000000 0.00000000 0.00000000 0.00000000 0.00000000 0.00000000 
29 0.00000000 0.00000000 0.00000000 1.00000000 0.00000000 0.00000000 0.00000000 0.00000000 0.00000000 0.00000000 0.00000000 0.00000000 0.00000000 0.00000000 0.00000000 
30 0.00000000 0.00000000 0.00000000 1.00000000 0.00000000 0.00000000 0.00000000 0.00000000 0.00000000 0.00000000 0.00000000 0.00000000 0.00000000 0.00000000 0.00000000 
31 0.00000000 0.00000000 0.00000000 0.00000000 0.00000000 1.00000000 0.00000000 0.00000000 0.00000000 0.00000000 0.00000000 0.00000000 0.00000000 0.00000000 0.00000000 
32 0.00000000 0.00000000 0.00000000 0.00000000 0.00000000 0.00000000 1.00000000 0.00000000 0.00000000 0.00000000 0.00000000 0.00000000 0.00000000 0.00000000 0.00000000 
33 0.00000000 0.00000000 0.00000000 0.00000000 0.00000000 1.00000000 0.00000000 0.00000000 0.00000000 0.00000000 0.00000000 0.00000000 0.00000000 0.00000000 0.00000000 
34 0.00000000 0.00000000 0.00000000 0.00000000 1.00000000 0.00000000 0.00000000 0.00000000 0.00000000 0.00000000 0.00000000 0.00000000 0.00000000 0.00000000 0.00000000 
35 1.00000000 0.00000000 0.00000000 0.00000000 0.00000000 0.00000000 0.00000000 0.00000000 0.00000000 0.00000000 0.00000000 0.00000000 0.00000000 0.00000000 0.00000000 
37 0.00000000 0.00000000 0.00000000 0.00000000 0.00000000 0.00000000 0.00000000 0.00000000 0.00000000 0.00000000 0.00000000 1.00000000 0.00000000 0.00000000 0.00000000 
38 1.00000000 0.00000000 0.00000000 0.00000000 0.00000000 0.00000000 0.00000000 0.00000000 0.00000000 0.00000000 0.00000000 0.00000000 0.00000000 0.00000000 0.00000000 
39 0.00000000 0.00000000 0.00000000 0.00000000 0.00000000 0.00000000 0.00000000 0.00000000 0.00000000 0.00000000 0.00000000 1.00000000 0.00000000 0.00000000 0.00000000 
40 0.00000000 0.00000000 0.00000000 0.00000000 0.00000000 1.00000000 0.00000000 0.00000000 0.00000000 0.00000000 0.00000000 0.00000000 0.00000000 0.00000000 0.00000000 
41 0.00000000 0.00000000 0.00000000 0.00000000 0.00000000 0.00000000 0.00000000 0.00000000 1.00000000 0.00000000 0.00000000 0.00000000 0.00000000 0.00000000 0.00000000 
42 0.00000000 0.00000000 0.00000000 0.00000000 1.00000000 0.00000000 0.00000000 0.00000000 0.00000000 0.00000000 0.00000000 0.00000000 0.00000000 0.00000000 0.00000000 
43 0.00000000 0.00000000 0.00000000 0.00000000 0.00000000 0.00000000 0.00000000 0.00000000 0.00000000 0.00000000 0.59168057 0.00000000 0.00000000 0.00000000 0.40831943 
44 0.00000000 0.00000000 0.00000000 0.00000000 0.00000000 1.00000000 0.00000000 0.00000000 0.00000000 0.00000000 0.00000000 0.00000000 0.00000000 0.00000000 0.00000000 
45 0.00000000 0.00000000 0.00000000 1.00000000 0.00000000 0.00000000 0.00000000 0.00000000 0.00000000 0.00000000 0.00000000 0.00000000 0.00000000 0.00000000 0.00000000 
46 0.00000000 0.00000000 0.00000000 0.00000000 1.00000000 0.00000000 0.00000000 0.00000000 0.00000000 0.00000000 0.00000000 0.00000000 0.00000000 0.00000000 0.00000000 
47 0.00000000 0.00000000 0.00000000 0.00000000 0.00000000 0.00000000 0.00000000 0.00000000 0.00000000 0.00000000 0.39152079 0.00000000 0.00000000 0.00000000 0.60847921 
48 0.00000000 0.00000000 0.00000000 0.00000000 0.00000000 1.00000000 0.00000000 0.00000000 0.00000000 0.00000000 0.00000000 0.00000000 0.00000000 0.00000000 0.00000000 
49 0.00000000 0.00000000 0.00000000 0.00000000 0.00000000 1.00000000 0.00000000 0.00000000 0.00000000 0.00000000 0.00000000 0.00000000 0.00000000 0.00000000 0.00000000 
50 0.00000000 0.00000000 0.00000000 0.68148754 0.31851246 0.00000000 0.00000000 0.00000000 0.00000000 0.00000000 0.00000000 0.00000000 0.00000000 0.00000000 0.00000000 
51 0.00000000 0.00000000 0.00000000 0.00000000 0.00000000 0.00000000 0.00000000 0.00000000 0.00000000 1.00000000 0.00000000 0.00000000 0.00000000 0.00000000 0.00000000 
52 0.00000000 0.00000000 0.00000000 0.00000000 1.00000000 0.00000000 0.00000000 0.00000000 0.00000000 0.00000000 0.00000000 0.00000000 0.00000000 0.00000000 0.00000000 
53 0.00000000 0.00000000 0.00000000 0.00000000 0.00000000 0.00000000 0.00000000 0.00000000 1.00000000 0.00000000 0.00000000 0.00000000 0.00000000 0.00000000 0.00000000 
54 0.00000000 0.00000000 0.00000000 0.00000000 1.00000000 0.00000000 0.00000000 0.00000000 0.00000000 0.00000000 0.00000000 0.00000000 0.00000000 0.00000000 0.00000000 
55 0.00000000 0.00000000 0.00000000 0.00000000 1.00000000 0.00000000 0.00000000 0.00000000 0.00000000 0.00000000 0.00000000 0.00000000 0.00000000 0.00000000 0.00000000 
56 0.00000000 0.00000000 0.00000000 0.00000000 0.00000000 1.00000000 0.00000000 0.00000000 0.00000000 0.00000000 0.00000000 0.00000000 0.00000000 0.00000000 0.00000000 
57 0.00000000 0.00000000 0.00000000 1.00000000 0.00000000 0.00000000 0.00000000 0.00000000 0.00000000 0.00000000 0.00000000 0.00000000 0.00000000 0.00000000 0.00000000 
58 0.00000000 0.00000000 0.00000000 0.00000000 0.00000000 1.00000000 0.00000000 0.00000000 0.00000000 0.00000000 0.00000000 0.00000000 0.00000000 0.00000000 0.00000000 
59 0.00000000 0.00000000 0.00000000 0.00000000 0.00000000 0.00000000 0.00000000 0.00000000 0.00000000 0.17187906 0.46356305 0.00000000 0.00000000 0.00000000 0.36455789 
60 0.00000000 0.00000000 0.00000000 0.00000000 0.00000000 1.00000000 0.00000000 0.00000000 0.00000000 0.00000000 0.00000000 0.00000000 0.00000000 0.00000000 0.00000000 
61 0.00000000 0.00000000 0.00000000 0.00000000 0.00000000 1.00000000 0.00000000 0.00000000 0.00000000 0.00000000 0.00000000 0.00000000 0.00000000 0.00000000 0.00000000 
62 0.00000000 0.00000000 0.00000000 0.00000000 1.00000000 0.00000000 0.00000000 0.00000000 0.00000000 0.00000000 0.00000000 0.00000000 0.00000000 0.00000000 0.00000000 
63 0.00000000 0.00000000 0.00000000 0.00000000 0.00000000 0.00000000 0.00000000 0.00000000 1.00000000 0.00000000 0.00000000 0.00000000 0.00000000 0.00000000 0.00000000 
64 0.00000000 0.00000000 0.00000000 0.00000000 0.00000000 1.00000000 0.00000000 0.00000000 0.00000000 0.00000000 0.00000000 0.00000000 0.00000000 0.00000000 0.00000000 
65 0.00000000 0.00000000 0.00000000 0.00000000 0.00000000 0.00000000 0.00000000 0.00000000 0.03780182 0.00000000 0.00000000 0.09011114 0.78199234 0.00000000 0.09009470 
66 0.00000000 0.00000000 0.00000000 0.00000000 0.00000000 1.00000000 0.00000000 0.00000000 0.00000000 0.00000000 0.00000000 0.00000000 0.00000000 0.00000000 0.00000000 
67 0.00000000 0.00000000 0.00000000 0.00000000 0.00000000 0.00000000 0.00000000 0.00000000 0.59757495 0.00000000 0.40242505 0.00000000 0.00000000 0.00000000 0.00000000 
68 0.00000000 0.00000000 0.00000000 0.00000000 1.00000000 0.00000000 0.00000000 0.00000000 0.00000000 0.00000000 0.00000000 0.00000000 0.00000000 0.00000000 0.00000000 
69 1.00000000 0.00000000 0.00000000 0.00000000 0.00000000 0.00000000 0.00000000 0.00000000 0.00000000 0.00000000 0.00000000 0.00000000 0.00000000 0.00000000 0.00000000 
71 0.00000000 0.00000000 0.00000000 0.00000000 0.00000000 1.00000000 0.00000000 0.00000000 0.00000000 0.00000000 0.00000000 0.00000000 0.00000000 0.00000000 0.00000000 
72 0.00000000 0.00000000 0.00000000 0.00000000 0.00000000 0.00000000 0.00000000 0.00000000 0.00000000 0.00000000 0.00000000 0.33271230 0.00000000 0.66728770 0.00000000 
73 0.00000000 0.00000000 0.00000000 0.00000000 1.00000000 0.00000000 0.00000000 0.00000000 0.00000000 0.00000000 0.00000000 0.00000000 0.00000000 0.00000000 0.00000000 
74 0.00000000 0.00000000 0.00000000 0.00000000 0.99215133 0.00784867 0.00000000 0.00000000 0.00000000 0.00000000 0.00000000 0.00000000 0.00000000 0.00000000 0.00000000 
75 0.00000000 0.00000000 0.00000000 0.00000000 0.00000000 1.00000000 0.00000000 0.00000000 0.00000000 0.00000000 0.00000000 0.00000000 0.00000000 0.00000000 0.00000000 
76 0.00000000 0.00000000 0.00000000 0.00000000 0.00000000 1.00000000 0.00000000 0.00000000 0.00000000 0.00000000 0.00000000 0.00000000 0.00000000 0.00000000 0.00000000 
77 0.00000000 0.00000000 0.00000000 0.00000000 0.00000000 1.00000000 0.00000000 0.00000000 0.00000000 0.00000000 0.00000000 0.00000000 0.00000000 0.00000000 0.00000000 
78 0.00000000 0.00000000 0.00000000 0.12991197 0.00000000 0.00000000 0.00000000 0.87008803 0.00000000 0.00000000 0.00000000 0.00000000 0.00000000 0.00000000 0.00000000 
79 0.00000000 0.00000000 0.00000000 0.00000000 1.00000000 0.00000000 0.00000000 0.00000000 0.00000000 0.00000000 0.00000000 0.00000000 0.00000000 0.00000000 0.00000000 
80 0.00000000 0.00000000 0.00000000 0.00000000 0.00000000 1.00000000 0.00000000 0.00000000 0.00000000 0.00000000 0.00000000 0.00000000 0.00000000 0.00000000 0.00000000 
81 0.00000000 0.00000000 0.00000000 1.00000000 0.00000000 0.00000000 0.00000000 0.00000000 0.00000000 0.00000000 0.00000000 0.00000000 0.00000000 0.00000000 0.00000000 
82 0.00000000 0.00000000 0.00000000 0.00000000 0.00000000 0.00000000 0.00000000 0.00000000 0.00000000 0.00000000 0.00000000 1.00000000 0.00000000 0.00000000 0.00000000 
83 0.00000000 0.00000000 0.00000000 0.00000000 0.00000000 1.00000000 0.00000000 0.00000000 0.00000000 0.00000000 0.00000000 0.00000000 0.00000000 0.00000000 0.00000000 
84 0.00000000 0.00000000 0.00000000 0.00000000 0.00000000 1.00000000 0.00000000 0.00000000 0.00000000 0.00000000 0.00000000 0.00000000 0.00000000 0.00000000 0.00000000 
85 0.00000000 0.00000000 0.00000000 0.00000000 0.00000000 1.00000000 0.00000000 0.00000000 0.00000000 0.00000000 0.00000000 0.00000000 0.00000000 0.00000000 0.00000000 
87 0.39136147 0.00000000 0.00000000 0.60863853 0.00000000 0.00000000 0.00000000 0.00000000 0.00000000 0.00000000 0.00000000 0.00000000 0.00000000 0.00000000 0.00000000 
88 0.00000000 0.00000000 0.00000000 0.00000000 1.00000000 0.00000000 0.00000000 0.00000000 0.00000000 0.00000000 0.00000000 0.00000000 0.00000000 0.00000000 0.00000000 
89 0.00000000 0.00000000 0.00000000 0.00000000 0.00000000 0.00000000 0.00000000 0.00000000 0.00000000 0.00000000 1.00000000 0.00000000 0.00000000 0.00000000 0.00000000 
90 0.00000000 0.00000000 0.00000000 0.00000000 0.00000000 1.00000000 0.00000000 0.00000000 0.00000000 0.00000000 0.00000000 0.00000000 0.00000000 0.00000000 0.00000000 
91 0.00000000 0.00000000 0.00000000 0.00000000 0.00000000 1.00000000 0.00000000 0.00000000 0.00000000 0.00000000 0.00000000 0.00000000 0.00000000 0.00000000 0.00000000 
92 0.00000000 0.00000000 0.00000000 0.00000000 1.00000000 0.00000000 0.00000000 0.00000000 0.00000000 0.00000000 0.00000000 0.00000000 0.00000000 0.00000000 0.00000000 
93 0.00000000 0.00000000 0.00000000 0.00000000 1.00000000 0.00000000 0.00000000 0.00000000 0.00000000 0.00000000 0.00000000 0.00000000 0.00000000 0.00000000 0.00000000 
94 0.00000000 0.00000000 0.00000000 0.00000000 0.00000000 1.00000000 0.00000000 0.00000000 0.00000000 0.00000000 0.00000000 0.00000000 0.00000000 0.00000000 0.00000000 
95 0.00000000 0.00000000 0.00000000 0.00000000 0.00000000 1.00000000 0.00000000 0.00000000 0.00000000 0.00000000 0.00000000 0.00000000 0.00000000 0.00000000 0.00000000 
96 0.00000000 0.00000000 0.00000000 0.00000000 0.00000000 1.00000000 0.00000000 0.00000000 0.00000000 0.00000000 0.00000000 0.00000000 0.00000000 0.00000000 0.00000000 
97 0.00000000 0.00000000 0.00000000 0.00000000 0.00000000 0.00000000 0.00000000 0.00000000 0.00000000 0.00000000 0.00000000 0.00000000 0.00000000 0.00000000 1.00000000 
98 0.00000000 0.00000000 0.00000000 0.00000000 1.00000000 0.00000000 0.00000000 0.00000000 0.00000000 0.00000000 0.00000000 0.00000000 0.00000000 0.00000000 0.00000000 
99 0.00000000 0.00000000 0.00000000 0.00000000 0.00000000 0.00000000 0.00000000 0.00000000 0.00000000 0.00000000 0.00000000 1.00000000 0.00000000 0.00000000 0.00000000 

zz_test [*] :=
 1 1   10 1   19 1   29 1   39 1   48 1   57 1   66 1   76 1   85 1   95 1
 2 1   11 1   20 1   30 1   40 1   49 1   58 1   67 1   77 1   87 1   96 1
 3 1   12 1   21 1   31 1   41 1   50 1   59 1   68 1   78 1   88 1   97 1
 4 1   13 1   23 1   32 1   42 1   51 1   60 1   69 1   79 1   89 1   98 1
 5 1   14 1   24 1   33 1   43 1   52 1   61 1   71 1   80 1   90 1   99 1
 6 1   15 1   25 1   34 1   44 1   53 1   62 1   72 1   81 1   91 1
 7 1   16 1   26 1   35 1   45 1   54 1   63 1   73 1   82 1   92 1
 8 1   17 1   27 1   37 1   46 1   55 1   64 1   74 1   83 1   93 1
 9 1   18 1   28 1   38 1   47 1   56 1   65 1   75 1   84 1   94 1
;

K_test [*] :=
 1  0.0666666666667
 2  0.0666666666667
 3  0.0666666666667
 4  0.0666666666667
 5  0.0666666666667
 6  0.0666666666667
 7  0.0666666666667
 8  0.0666666666667
 9  0.0666666666667
10  0.0666666666667
11  0.0666666666667
12  0.0666666666667
13  0.0666666666667
14  0.0666666666667
15  0.0666666666667
;

