K=5, W/V=2.1438799, B=1, time:1.562

1    2    3    4    5    
1 1.00000000 0.00000000 0.00000000 0.00000000 0.00000000 
2 0.00000000 1.00000000 0.00000000 0.00000000 0.00000000 
3 0.00000000 0.00000000 0.00000000 1.00000000 0.00000000 
4 0.00000000 0.00000000 0.00000000 1.00000000 0.00000000 
5 0.00000000 0.00000000 0.00000000 0.72692308 0.27307692 
6 1.00000000 0.00000000 0.00000000 0.00000000 0.00000000 
7 0.00000000 0.00000000 0.00000000 1.00000000 0.00000000 
8 0.00000000 0.00000000 0.00000000 0.00000000 1.00000000 
9 0.00000000 0.00000000 0.00000000 0.00000000 1.00000000 
10 0.00000000 0.00000000 0.00000000 0.00000000 1.00000000 
11 0.00000000 0.00000000 0.00000000 0.00000000 1.00000000 
12 0.00000000 0.00000000 0.00000000 1.00000000 0.00000000 
13 0.00000000 1.00000000 0.00000000 0.00000000 0.00000000 
14 0.00000000 1.00000000 0.00000000 0.00000000 0.00000000 
15 0.66956522 0.00000000 0.00000000 0.33043478 0.00000000 
16 0.00000000 0.93214286 0.00000000 0.00000000 0.06785714 
18 0.00000000 0.00000000 1.00000000 0.00000000 0.00000000 
19 0.00000000 1.00000000 0.00000000 0.00000000 0.00000000 
21 0.00000000 0.00000000 0.00000000 1.00000000 0.00000000 
22 0.00000000 0.00000000 0.58734177 0.00000000 0.41265823 

ca [*] :=
1  5
;

zz_test [*] :=
 1  1
 2  1
 3  1
 4  1
 5  1
 6  1
 7  1
 8  1
 9  1
10  1
11  1
12  1
13  1
14  1
15  1
16  1
18  1
19  1
21  1
22  1
;

K_test [*] :=
1  0.2
2  0.2
3  0.2
4  0.2
5  0.2
;

