K=4, W/V=1.9137292, B=1, time:0.875

1    2    3    4    
1 1.00000000 0.00000000 0.00000000 0.00000000 
2 0.00000000 0.00000000 1.00000000 0.00000000 
3 0.00000000 1.00000000 0.00000000 0.00000000 
4 0.00000000 1.00000000 0.00000000 0.00000000 
5 0.00000000 0.00000000 1.00000000 0.00000000 
6 1.00000000 0.00000000 0.00000000 0.00000000 
7 0.00000000 1.00000000 0.00000000 0.00000000 
8 0.00000000 0.00000000 1.00000000 0.00000000 
9 0.00000000 0.00000000 1.00000000 0.00000000 
10 0.00000000 1.00000000 0.00000000 0.00000000 
11 0.00000000 0.00000000 1.00000000 0.00000000 
12 0.00000000 1.00000000 0.00000000 0.00000000 
13 0.00000000 0.00000000 0.00000000 1.00000000 
14 1.00000000 0.00000000 0.00000000 0.00000000 
15 0.46014493 0.53985507 0.00000000 0.00000000 
16 0.00000000 0.00000000 1.00000000 0.00000000 
18 0.00000000 0.00000000 0.01970954 0.98029046 
19 1.00000000 0.00000000 0.00000000 0.00000000 
21 0.00000000 1.00000000 0.00000000 0.00000000 
22 0.00000000 0.36708861 0.63291139 0.00000000 

ca [*] :=
1  4
;

zz_test [*] :=
 1  1
 2  1
 3  1
 4  1
 5  1
 6  1
 7  1
 8  1
 9  1
10  1
11  1
12  1
13  1
14  1
15  1
16  1
18  1
19  1
21  1
22  1
;

K_test [*] :=
1  0.25
2  0.25
3  0.25
4  0.25
;

