K=14, W/V=4.7274895, B=2, time:0.895

1    2    3    4    5    6    7    8    9    10    11    12    13    14    
1 0.00000000 0.00000000 0.00000000 0.00000000 0.00000000 0.00000000 0.00000000 0.00000000 0.00000000 0.28787816 0.28787816 0.15957528 0.26466840 0.00000000 
2 1.00000000 0.00000000 0.00000000 0.00000000 0.00000000 0.00000000 0.00000000 0.00000000 0.00000000 0.00000000 0.00000000 0.00000000 0.00000000 0.00000000 
3 0.00000000 0.00000000 0.00000000 0.00000000 0.61027095 0.00000000 0.00000000 0.00000000 0.00000000 0.00000000 0.00000000 0.38972905 0.00000000 0.00000000 
4 0.00000000 0.00000000 0.00000000 0.00000000 0.00000000 0.00000000 1.00000000 0.00000000 0.00000000 0.00000000 0.00000000 0.00000000 0.00000000 0.00000000 
5 0.02051430 0.00000000 0.00000000 0.00000000 0.97948570 0.00000000 0.00000000 0.00000000 0.00000000 0.00000000 0.00000000 0.00000000 0.00000000 0.00000000 
6 0.00000000 0.00000000 0.00000000 0.00000000 0.00000000 0.00000000 0.00000000 0.00000000 0.00000000 0.00000000 0.00000000 0.00000000 1.00000000 0.00000000 
7 0.00000000 0.00000000 0.00000000 0.00000000 1.00000000 0.00000000 0.00000000 0.00000000 0.00000000 0.00000000 0.00000000 0.00000000 0.00000000 0.00000000 
8 1.00000000 0.00000000 0.00000000 0.00000000 0.00000000 0.00000000 0.00000000 0.00000000 0.00000000 0.00000000 0.00000000 0.00000000 0.00000000 0.00000000 
9 0.44627322 0.00000000 0.00000000 0.55372678 0.00000000 0.00000000 0.00000000 0.00000000 0.00000000 0.00000000 0.00000000 0.00000000 0.00000000 0.00000000 
10 0.00000000 0.00000000 0.00000000 0.00000000 0.00000000 0.00000000 0.00000000 0.00000000 0.00000000 0.00000000 0.00000000 0.00000000 0.00000000 1.00000000 
11 0.00000000 0.00000000 0.98456987 0.01543013 0.00000000 0.00000000 0.00000000 0.00000000 0.00000000 0.00000000 0.00000000 0.00000000 0.00000000 0.00000000 
12 0.00000000 0.00000000 0.00000000 0.00000000 0.00000000 1.00000000 0.00000000 0.00000000 0.00000000 0.00000000 0.00000000 0.00000000 0.00000000 0.00000000 
13 0.00000000 0.00000000 1.00000000 0.00000000 0.00000000 0.00000000 0.00000000 0.00000000 0.00000000 0.00000000 0.00000000 0.00000000 0.00000000 0.00000000 
14 0.00000000 0.00000000 0.00000000 0.00000000 0.00000000 1.00000000 0.00000000 0.00000000 0.00000000 0.00000000 0.00000000 0.00000000 0.00000000 0.00000000 
15 0.00000000 0.00000000 0.00000000 0.00000000 1.00000000 0.00000000 0.00000000 0.00000000 0.00000000 0.00000000 0.00000000 0.00000000 0.00000000 0.00000000 
16 0.25490309 0.00000000 0.00000000 0.00000000 0.00000000 0.74509691 0.00000000 0.00000000 0.00000000 0.00000000 0.00000000 0.00000000 0.00000000 0.00000000 
17 0.00000000 0.00000000 0.00000000 0.00000000 0.00000000 1.00000000 0.00000000 0.00000000 0.00000000 0.00000000 0.00000000 0.00000000 0.00000000 0.00000000 
18 0.00000000 0.00000000 0.00000000 0.00000000 0.00000000 0.00000000 0.00000000 0.39926997 0.39926997 0.00000000 0.00000000 0.00000000 0.00000000 0.20146005 
19 0.00000000 0.00000000 0.00000000 0.00000000 0.00000000 1.00000000 0.00000000 0.00000000 0.00000000 0.00000000 0.00000000 0.00000000 0.00000000 0.00000000 
20 0.00000000 0.00000000 0.00000000 0.00000000 0.00000000 1.00000000 0.00000000 0.00000000 0.00000000 0.00000000 0.00000000 0.00000000 0.00000000 0.00000000 
21 0.00000000 0.51153178 0.00000000 0.00000000 0.00000000 0.06611558 0.42235264 0.00000000 0.00000000 0.00000000 0.00000000 0.00000000 0.00000000 0.00000000 
22 0.00000000 0.00000000 0.00000000 0.00000000 0.00000000 0.00000000 0.00000000 0.00000000 0.00000000 0.00000000 0.00000000 0.70413661 0.00000000 0.29586339 

ca [*] :=
1  7
2  7
;

zz_test [*] :=
 1 1    3 1    5 1    7 1    9 1   11 1   13 1   15 1   17 1   19 1   21 1
 2 1    4 1    6 1    8 1   10 1   12 1   14 1   16 1   18 1   20 1   22 1
;

K_test [*] :=
 1  0.0714285714
 2  0.0714285714
 3  0.0714285714
 4  0.0714285714
 5  0.0714285714
 6  0.0714285714
 7  0.0714285714
 8  0.0714285714
 9  0.0714285714
10  0.0714285714
11  0.0714285714
12  0.0714285714
13  0.0714285714
14  0.0714285714
;

