K=13, W/V=5.1382899, B=2, time:35.391

ca [*] :=
1  7
2  6
;

fragment allocation x on node k:

1    2    3    4    5    6    7    8    9    10    11    12    13    
0 1 1 0 1 1 0 1 0 0 0 0 0 0 
1 0 1 0 1 0 0 1 0 0 0 0 0 0 
2 0 0 0 0 1 0 1 0 0 0 0 0 0 
3 1 0 0 0 1 0 1 0 0 0 0 0 0 
4 1 1 0 0 1 0 1 0 0 0 0 0 0 
5 1 0 0 0 1 0 1 0 0 0 0 0 0 
6 1 0 0 0 0 0 1 0 0 0 0 0 0 
7 0 0 0 0 0 0 0 0 0 0 0 0 0 
8 0 0 0 0 0 0 0 0 0 0 0 0 0 
9 0 1 0 0 1 0 1 0 0 0 0 0 0 
10 0 1 0 0 1 0 1 0 0 0 0 0 0 
11 0 0 0 0 0 0 0 0 0 0 0 0 0 
12 0 1 1 1 1 1 1 0 0 0 0 0 0 
13 0 1 1 1 1 1 1 0 0 0 0 0 0 
14 0 1 0 0 1 0 1 0 0 0 0 0 0 
15 0 0 0 0 0 0 0 0 0 0 0 0 0 
16 1 1 1 1 1 1 1 0 0 0 0 0 0 
17 1 0 1 0 1 1 1 0 0 0 0 0 0 
18 1 0 1 0 1 0 1 0 0 0 0 0 0 
19 0 1 1 1 1 1 1 0 0 0 0 0 0 
20 1 0 1 0 1 0 1 0 0 0 0 0 0 
21 0 0 0 0 1 0 1 0 0 0 0 0 0 
22 0 0 0 0 1 0 1 0 0 0 0 0 0 
23 0 1 1 0 1 0 1 1 0 1 1 1 1 
24 0 1 1 0 0 0 0 1 0 0 1 1 0 
25 0 1 1 0 0 0 0 0 0 0 0 0 0 
26 0 1 1 0 0 0 1 0 0 0 0 0 0 
27 0 1 1 0 1 0 0 1 0 0 0 0 1 
28 0 1 1 0 1 0 0 1 0 0 0 0 1 
29 0 0 0 0 0 0 0 0 0 1 0 1 0 
30 0 1 1 0 0 0 0 0 0 0 0 0 0 
31 0 1 0 1 1 0 1 0 0 0 0 0 0 
32 0 1 0 1 1 0 1 0 0 0 0 0 0 
33 0 1 0 0 1 0 0 0 0 0 0 0 0 
34 0 1 0 1 1 0 1 0 0 0 0 0 0 
35 0 0 0 0 0 0 0 0 0 0 0 0 0 
36 0 1 1 1 0 1 1 1 0 1 1 1 1 
37 0 1 1 0 1 0 1 1 0 1 1 1 1 
38 0 0 1 0 0 1 0 0 0 0 0 0 0 
39 0 0 0 0 0 0 0 1 0 0 1 1 0 
40 0 1 1 1 0 1 1 1 0 1 1 1 0 
41 0 0 0 0 0 1 1 0 0 0 0 0 0 
42 0 0 0 0 0 0 0 0 0 0 0 0 0 
43 0 0 0 0 0 0 0 0 0 1 0 1 0 
44 0 0 0 0 0 0 0 0 0 1 0 0 1 
45 0 1 1 1 0 1 1 1 0 1 1 1 0 
46 1 1 0 1 0 0 1 0 0 0 0 0 0 
47 1 1 1 1 0 1 1 0 0 0 0 0 0 
48 0 0 0 0 0 0 0 0 0 0 0 0 0 
49 1 1 0 1 0 0 1 1 1 0 1 1 1 
50 1 1 1 1 0 0 1 0 1 1 0 1 1 
51 1 1 1 1 0 0 1 0 1 1 0 1 1 
52 0 0 0 0 0 0 0 0 1 0 0 1 1 
53 0 1 1 0 0 0 0 0 1 0 0 1 1 
54 0 0 0 0 0 0 0 0 1 0 0 1 1 
55 1 0 1 0 0 1 1 0 1 1 0 1 1 
56 0 0 1 0 0 1 1 0 0 0 0 0 0 
57 0 0 1 0 0 1 1 0 0 0 0 0 0 
58 1 0 0 0 0 0 1 0 0 0 0 0 0 
59 1 0 0 0 0 1 1 0 0 0 0 0 0 

query feasibility y on node k:

1    2    3    4    5    6    7    8    9    10    11    12    13    
1 0 0 0 0 0 0 0 0 1 0 0 1 1 
2 0 0 0 0 1 0 1 0 0 0 0 0 0 
3 0 0 0 0 0 0 0 0 0 1 0 1 0 
4 0 0 0 0 0 1 1 0 0 0 0 0 0 
5 0 1 0 0 0 0 1 0 0 0 0 0 0 
6 0 0 0 0 0 0 0 0 0 0 0 1 1 
7 0 0 1 0 0 0 1 0 0 0 0 0 0 
8 0 1 0 0 0 0 1 0 0 0 0 0 0 
9 0 1 0 1 0 0 1 0 0 0 0 0 0 
10 0 1 1 0 0 0 0 0 0 0 0 0 0 
11 0 1 0 0 1 0 0 0 0 0 0 0 0 
12 0 0 0 0 0 1 1 0 0 0 0 0 0 
13 0 0 0 0 0 0 0 0 0 1 0 0 1 
14 1 0 0 0 0 0 1 0 0 0 0 0 0 
15 1 0 1 0 0 0 1 0 0 0 0 0 0 
16 0 0 0 0 1 0 1 0 0 0 0 0 0 
18 0 0 0 0 0 0 0 1 0 0 1 1 0 
19 1 0 0 0 0 0 1 0 0 0 0 0 0 
21 0 0 1 0 0 1 0 0 0 0 0 0 0 
22 0 1 1 0 1 0 0 1 0 0 0 0 1 

workload distribution ohne node failure:

1    2    3    4    5    6    7    8    9    10    11    12    13    
1 0.00000000 0.00000000 0.00000000 0.00000000 0.00000000 0.00000000 0.00000000 0.00000000 0.54485461 0.00000000 0.00000000 0.00000000 0.45514539 
2 0.00000000 0.00000000 0.00000000 0.00000000 0.89504274 0.00000000 0.10495726 0.00000000 0.00000000 0.00000000 0.00000000 0.00000000 0.00000000 
3 0.00000000 0.00000000 0.00000000 0.00000000 0.00000000 0.00000000 0.00000000 0.00000000 0.00000000 0.17710197 0.00000000 0.82289803 0.00000000 
4 0.00000000 0.00000000 0.00000000 0.00000000 0.00000000 1.00000000 0.00000000 0.00000000 0.00000000 0.00000000 0.00000000 0.00000000 0.00000000 
5 0.00000000 1.00000000 0.00000000 0.00000000 0.00000000 0.00000000 0.00000000 0.00000000 0.00000000 0.00000000 0.00000000 0.00000000 0.00000000 
6 0.00000000 0.00000000 0.00000000 0.00000000 0.00000000 0.00000000 0.00000000 0.00000000 0.00000000 0.00000000 0.00000000 0.46886447 0.53113553 
7 0.00000000 0.00000000 1.00000000 0.00000000 0.00000000 0.00000000 0.00000000 0.00000000 0.00000000 0.00000000 0.00000000 0.00000000 0.00000000 
8 0.00000000 0.00000000 0.00000000 0.00000000 0.00000000 0.00000000 1.00000000 0.00000000 0.00000000 0.00000000 0.00000000 0.00000000 0.00000000 
9 0.00000000 0.04096213 0.00000000 0.62919743 0.00000000 0.00000000 0.32984044 0.00000000 0.00000000 0.00000000 0.00000000 0.00000000 0.00000000 
10 0.00000000 1.00000000 0.00000000 0.00000000 0.00000000 0.00000000 0.00000000 0.00000000 0.00000000 0.00000000 0.00000000 0.00000000 0.00000000 
11 0.00000000 1.00000000 0.00000000 0.00000000 0.00000000 0.00000000 0.00000000 0.00000000 0.00000000 0.00000000 0.00000000 0.00000000 0.00000000 
12 0.00000000 0.00000000 0.00000000 0.00000000 0.00000000 1.00000000 0.00000000 0.00000000 0.00000000 0.00000000 0.00000000 0.00000000 0.00000000 
13 0.00000000 0.00000000 0.00000000 0.00000000 0.00000000 0.00000000 0.00000000 0.00000000 0.00000000 1.00000000 0.00000000 0.00000000 0.00000000 
14 1.00000000 0.00000000 0.00000000 0.00000000 0.00000000 0.00000000 0.00000000 0.00000000 0.00000000 0.00000000 0.00000000 0.00000000 0.00000000 
15 0.30602007 0.00000000 0.14455593 0.00000000 0.00000000 0.00000000 0.54942401 0.00000000 0.00000000 0.00000000 0.00000000 0.00000000 0.00000000 
16 0.00000000 0.00000000 0.00000000 0.00000000 1.00000000 0.00000000 0.00000000 0.00000000 0.00000000 0.00000000 0.00000000 0.00000000 0.00000000 
18 0.00000000 0.00000000 0.00000000 0.00000000 0.00000000 0.00000000 0.00000000 0.36482605 0.00000000 0.00000000 0.42164060 0.21353335 0.00000000 
19 1.00000000 0.00000000 0.00000000 0.00000000 0.00000000 0.00000000 0.00000000 0.00000000 0.00000000 0.00000000 0.00000000 0.00000000 0.00000000 
21 0.00000000 0.00000000 0.54446263 0.00000000 0.00000000 0.45553737 0.00000000 0.00000000 0.00000000 0.00000000 0.00000000 0.00000000 0.00000000 
22 0.00000000 0.00000000 0.34826355 0.00000000 0.30509575 0.00000000 0.00000000 0.34664070 0.00000000 0.00000000 0.00000000 0.00000000 0.00000000 

workload distribution if node 1 fails:

2    3    4    5    6    7    8    9    10    11    12    13    
1 0.00000000 0.00000000 0.00000000 0.00000000 0.00000000 0.00000000 0.00000000 0.54485461 0.00000000 0.00000000 0.00000000 0.45514539 
2 0.00000000 0.00000000 0.00000000 1.00000000 0.00000000 0.00000000 0.00000000 0.00000000 0.00000000 0.00000000 0.00000000 0.00000000 
3 0.00000000 0.00000000 0.00000000 0.00000000 0.00000000 0.00000000 0.00000000 0.00000000 0.17710197 0.00000000 0.82289803 0.00000000 
4 0.00000000 0.00000000 0.00000000 0.00000000 1.00000000 0.00000000 0.00000000 0.00000000 0.00000000 0.00000000 0.00000000 0.00000000 
5 1.00000000 0.00000000 0.00000000 0.00000000 0.00000000 0.00000000 0.00000000 0.00000000 0.00000000 0.00000000 0.00000000 0.00000000 
6 0.00000000 0.00000000 0.00000000 0.00000000 0.00000000 0.00000000 0.00000000 0.00000000 0.00000000 0.00000000 0.46886447 0.53113553 
7 0.00000000 1.00000000 0.00000000 0.00000000 0.00000000 0.00000000 0.00000000 0.00000000 0.00000000 0.00000000 0.00000000 0.00000000 
8 1.00000000 0.00000000 0.00000000 0.00000000 0.00000000 0.00000000 0.00000000 0.00000000 0.00000000 0.00000000 0.00000000 0.00000000 
9 0.26593633 0.00000000 0.73406367 0.00000000 0.00000000 0.00000000 0.00000000 0.00000000 0.00000000 0.00000000 0.00000000 0.00000000 
10 0.76968864 0.23031136 0.00000000 0.00000000 0.00000000 0.00000000 0.00000000 0.00000000 0.00000000 0.00000000 0.00000000 0.00000000 
11 0.00000000 0.00000000 0.00000000 1.00000000 0.00000000 0.00000000 0.00000000 0.00000000 0.00000000 0.00000000 0.00000000 0.00000000 
12 0.00000000 0.00000000 0.00000000 0.00000000 1.00000000 0.00000000 0.00000000 0.00000000 0.00000000 0.00000000 0.00000000 0.00000000 
13 0.00000000 0.00000000 0.00000000 0.00000000 0.00000000 0.00000000 0.00000000 0.00000000 1.00000000 0.00000000 0.00000000 0.00000000 
14 0.00000000 0.00000000 0.00000000 0.00000000 0.00000000 1.00000000 0.00000000 0.00000000 0.00000000 0.00000000 0.00000000 0.00000000 
15 0.00000000 0.44853214 0.00000000 0.00000000 0.00000000 0.55146786 0.00000000 0.00000000 0.00000000 0.00000000 0.00000000 0.00000000 
16 0.00000000 0.00000000 0.00000000 1.00000000 0.00000000 0.00000000 0.00000000 0.00000000 0.00000000 0.00000000 0.00000000 0.00000000 
18 0.00000000 0.00000000 0.00000000 0.00000000 0.00000000 0.00000000 0.36482605 0.00000000 0.00000000 0.42164060 0.21353335 0.00000000 
19 0.00000000 0.00000000 0.00000000 0.00000000 0.00000000 1.00000000 0.00000000 0.00000000 0.00000000 0.00000000 0.00000000 0.00000000 
21 0.00000000 0.30423713 0.00000000 0.00000000 0.69576287 0.00000000 0.00000000 0.00000000 0.00000000 0.00000000 0.00000000 0.00000000 
22 0.00000000 0.34826355 0.00000000 0.30509575 0.00000000 0.00000000 0.34664070 0.00000000 0.00000000 0.00000000 0.00000000 0.00000000 

workload distribution if node 2 fails:

1    3    4    5    6    7    8    9    10    11    12    13    
1 0.00000000 0.00000000 0.00000000 0.00000000 0.00000000 0.00000000 0.00000000 0.54485461 0.00000000 0.00000000 0.00000000 0.45514539 
2 0.00000000 0.00000000 0.00000000 1.00000000 0.00000000 0.00000000 0.00000000 0.00000000 0.00000000 0.00000000 0.00000000 0.00000000 
3 0.00000000 0.00000000 0.00000000 0.00000000 0.00000000 0.00000000 0.00000000 0.00000000 0.17710197 0.00000000 0.82289803 0.00000000 
4 0.00000000 0.00000000 0.00000000 0.00000000 1.00000000 0.00000000 0.00000000 0.00000000 0.00000000 0.00000000 0.00000000 0.00000000 
5 0.00000000 0.00000000 0.00000000 0.00000000 0.00000000 1.00000000 0.00000000 0.00000000 0.00000000 0.00000000 0.00000000 0.00000000 
6 0.00000000 0.00000000 0.00000000 0.00000000 0.00000000 0.00000000 0.00000000 0.00000000 0.00000000 0.00000000 0.46886447 0.53113553 
7 0.00000000 0.00000000 0.00000000 0.00000000 0.00000000 1.00000000 0.00000000 0.00000000 0.00000000 0.00000000 0.00000000 0.00000000 
8 0.00000000 0.00000000 0.00000000 0.00000000 0.00000000 1.00000000 0.00000000 0.00000000 0.00000000 0.00000000 0.00000000 0.00000000 
9 0.00000000 0.00000000 0.73406367 0.00000000 0.00000000 0.26593633 0.00000000 0.00000000 0.00000000 0.00000000 0.00000000 0.00000000 
10 0.00000000 1.00000000 0.00000000 0.00000000 0.00000000 0.00000000 0.00000000 0.00000000 0.00000000 0.00000000 0.00000000 0.00000000 
11 0.00000000 0.00000000 0.00000000 1.00000000 0.00000000 0.00000000 0.00000000 0.00000000 0.00000000 0.00000000 0.00000000 0.00000000 
12 0.00000000 0.00000000 0.00000000 0.00000000 1.00000000 0.00000000 0.00000000 0.00000000 0.00000000 0.00000000 0.00000000 0.00000000 
13 0.00000000 0.00000000 0.00000000 0.00000000 0.00000000 0.00000000 0.00000000 0.00000000 1.00000000 0.00000000 0.00000000 0.00000000 
14 1.00000000 0.00000000 0.00000000 0.00000000 0.00000000 0.00000000 0.00000000 0.00000000 0.00000000 0.00000000 0.00000000 0.00000000 
15 0.55146786 0.39632107 0.00000000 0.00000000 0.00000000 0.05221107 0.00000000 0.00000000 0.00000000 0.00000000 0.00000000 0.00000000 
16 0.00000000 0.00000000 0.00000000 1.00000000 0.00000000 0.00000000 0.00000000 0.00000000 0.00000000 0.00000000 0.00000000 0.00000000 
18 0.00000000 0.00000000 0.00000000 0.00000000 0.00000000 0.00000000 0.36482605 0.00000000 0.00000000 0.42164060 0.21353335 0.00000000 
19 1.00000000 0.00000000 0.00000000 0.00000000 0.00000000 0.00000000 0.00000000 0.00000000 0.00000000 0.00000000 0.00000000 0.00000000 
21 0.00000000 0.30423713 0.00000000 0.00000000 0.69576287 0.00000000 0.00000000 0.00000000 0.00000000 0.00000000 0.00000000 0.00000000 
22 0.00000000 0.34826355 0.00000000 0.30509575 0.00000000 0.00000000 0.34664070 0.00000000 0.00000000 0.00000000 0.00000000 0.00000000 

workload distribution if node 3 fails:

1    2    4    5    6    7    8    9    10    11    12    13    
1 0.00000000 0.00000000 0.00000000 0.00000000 0.00000000 0.00000000 0.00000000 0.54485461 0.00000000 0.00000000 0.00000000 0.45514539 
2 0.00000000 0.00000000 0.00000000 1.00000000 0.00000000 0.00000000 0.00000000 0.00000000 0.00000000 0.00000000 0.00000000 0.00000000 
3 0.00000000 0.00000000 0.00000000 0.00000000 0.00000000 0.00000000 0.00000000 0.00000000 0.17710197 0.00000000 0.82289803 0.00000000 
4 0.00000000 0.00000000 0.00000000 0.00000000 1.00000000 0.00000000 0.00000000 0.00000000 0.00000000 0.00000000 0.00000000 0.00000000 
5 0.00000000 1.00000000 0.00000000 0.00000000 0.00000000 0.00000000 0.00000000 0.00000000 0.00000000 0.00000000 0.00000000 0.00000000 
6 0.00000000 0.00000000 0.00000000 0.00000000 0.00000000 0.00000000 0.00000000 0.00000000 0.00000000 0.00000000 0.46886447 0.53113553 
7 0.00000000 0.00000000 0.00000000 0.00000000 0.00000000 1.00000000 0.00000000 0.00000000 0.00000000 0.00000000 0.00000000 0.00000000 
8 0.00000000 1.00000000 0.00000000 0.00000000 0.00000000 0.00000000 0.00000000 0.00000000 0.00000000 0.00000000 0.00000000 0.00000000 
9 0.00000000 0.10089704 0.73406367 0.00000000 0.00000000 0.16503930 0.00000000 0.00000000 0.00000000 0.00000000 0.00000000 0.00000000 
10 0.00000000 1.00000000 0.00000000 0.00000000 0.00000000 0.00000000 0.00000000 0.00000000 0.00000000 0.00000000 0.00000000 0.00000000 
11 0.00000000 0.00000000 0.00000000 1.00000000 0.00000000 0.00000000 0.00000000 0.00000000 0.00000000 0.00000000 0.00000000 0.00000000 
12 0.00000000 0.00000000 0.00000000 0.00000000 0.54364430 0.45635570 0.00000000 0.00000000 0.00000000 0.00000000 0.00000000 0.00000000 
13 0.00000000 0.00000000 0.00000000 0.00000000 0.00000000 0.00000000 0.00000000 0.00000000 1.00000000 0.00000000 0.00000000 0.00000000 
14 1.00000000 0.00000000 0.00000000 0.00000000 0.00000000 0.00000000 0.00000000 0.00000000 0.00000000 0.00000000 0.00000000 0.00000000 
15 0.55146786 0.00000000 0.00000000 0.00000000 0.00000000 0.44853214 0.00000000 0.00000000 0.00000000 0.00000000 0.00000000 0.00000000 
16 0.00000000 0.00000000 0.00000000 1.00000000 0.00000000 0.00000000 0.00000000 0.00000000 0.00000000 0.00000000 0.00000000 0.00000000 
18 0.00000000 0.00000000 0.00000000 0.00000000 0.00000000 0.00000000 0.36482605 0.00000000 0.00000000 0.42164060 0.21353335 0.00000000 
19 1.00000000 0.00000000 0.00000000 0.00000000 0.00000000 0.00000000 0.00000000 0.00000000 0.00000000 0.00000000 0.00000000 0.00000000 
21 0.00000000 0.00000000 0.00000000 0.00000000 1.00000000 0.00000000 0.00000000 0.00000000 0.00000000 0.00000000 0.00000000 0.00000000 
22 0.00000000 0.34826355 0.00000000 0.30509575 0.00000000 0.00000000 0.34664070 0.00000000 0.00000000 0.00000000 0.00000000 0.00000000 

workload distribution if node 4 fails:

1    2    3    5    6    7    8    9    10    11    12    13    
1 0.00000000 0.00000000 0.00000000 0.00000000 0.00000000 0.00000000 0.00000000 0.54485461 0.00000000 0.00000000 0.00000000 0.45514539 
2 0.00000000 0.00000000 0.00000000 1.00000000 0.00000000 0.00000000 0.00000000 0.00000000 0.00000000 0.00000000 0.00000000 0.00000000 
3 0.00000000 0.00000000 0.00000000 0.00000000 0.00000000 0.00000000 0.00000000 0.00000000 0.17710197 0.00000000 0.82289803 0.00000000 
4 0.00000000 0.00000000 0.00000000 0.00000000 1.00000000 0.00000000 0.00000000 0.00000000 0.00000000 0.00000000 0.00000000 0.00000000 
5 0.00000000 1.00000000 0.00000000 0.00000000 0.00000000 0.00000000 0.00000000 0.00000000 0.00000000 0.00000000 0.00000000 0.00000000 
6 0.00000000 0.00000000 0.00000000 0.00000000 0.00000000 0.00000000 0.00000000 0.00000000 0.00000000 0.00000000 0.46886447 0.53113553 
7 0.00000000 0.00000000 0.69230769 0.00000000 0.00000000 0.30769231 0.00000000 0.00000000 0.00000000 0.00000000 0.00000000 0.00000000 
8 0.00000000 1.00000000 0.00000000 0.00000000 0.00000000 0.00000000 0.00000000 0.00000000 0.00000000 0.00000000 0.00000000 0.00000000 
9 0.00000000 0.53282528 0.00000000 0.00000000 0.00000000 0.46717472 0.00000000 0.00000000 0.00000000 0.00000000 0.00000000 0.00000000 
10 0.00000000 0.00000000 1.00000000 0.00000000 0.00000000 0.00000000 0.00000000 0.00000000 0.00000000 0.00000000 0.00000000 0.00000000 
11 0.00000000 0.00000000 0.00000000 1.00000000 0.00000000 0.00000000 0.00000000 0.00000000 0.00000000 0.00000000 0.00000000 0.00000000 
12 0.00000000 0.00000000 0.00000000 0.00000000 1.00000000 0.00000000 0.00000000 0.00000000 0.00000000 0.00000000 0.00000000 0.00000000 
13 0.00000000 0.00000000 0.00000000 0.00000000 0.00000000 0.00000000 0.00000000 0.00000000 1.00000000 0.00000000 0.00000000 0.00000000 
14 1.00000000 0.00000000 0.00000000 0.00000000 0.00000000 0.00000000 0.00000000 0.00000000 0.00000000 0.00000000 0.00000000 0.00000000 
15 0.55146786 0.00000000 0.00000000 0.00000000 0.00000000 0.44853214 0.00000000 0.00000000 0.00000000 0.00000000 0.00000000 0.00000000 
16 0.00000000 0.00000000 0.00000000 1.00000000 0.00000000 0.00000000 0.00000000 0.00000000 0.00000000 0.00000000 0.00000000 0.00000000 
18 0.00000000 0.00000000 0.00000000 0.00000000 0.00000000 0.00000000 0.36482605 0.00000000 0.00000000 0.42164060 0.21353335 0.00000000 
19 1.00000000 0.00000000 0.00000000 0.00000000 0.00000000 0.00000000 0.00000000 0.00000000 0.00000000 0.00000000 0.00000000 0.00000000 
21 0.00000000 0.00000000 0.30423713 0.00000000 0.69576287 0.00000000 0.00000000 0.00000000 0.00000000 0.00000000 0.00000000 0.00000000 
22 0.00000000 0.00000000 0.34826355 0.30509575 0.00000000 0.00000000 0.34664070 0.00000000 0.00000000 0.00000000 0.00000000 0.00000000 

workload distribution if node 5 fails:

1    2    3    4    6    7    8    9    10    11    12    13    
1 0.00000000 0.00000000 0.00000000 0.00000000 0.00000000 0.00000000 0.00000000 0.54485461 0.00000000 0.00000000 0.00000000 0.45514539 
2 0.00000000 0.00000000 0.00000000 0.00000000 0.00000000 1.00000000 0.00000000 0.00000000 0.00000000 0.00000000 0.00000000 0.00000000 
3 0.00000000 0.00000000 0.00000000 0.00000000 0.00000000 0.00000000 0.00000000 0.00000000 0.17710197 0.00000000 0.82289803 0.00000000 
4 0.00000000 0.00000000 0.00000000 0.00000000 1.00000000 0.00000000 0.00000000 0.00000000 0.00000000 0.00000000 0.00000000 0.00000000 
5 0.00000000 1.00000000 0.00000000 0.00000000 0.00000000 0.00000000 0.00000000 0.00000000 0.00000000 0.00000000 0.00000000 0.00000000 
6 0.00000000 0.00000000 0.00000000 0.00000000 0.00000000 0.00000000 0.00000000 0.00000000 0.00000000 0.00000000 0.46886447 0.53113553 
7 0.00000000 0.00000000 1.00000000 0.00000000 0.00000000 0.00000000 0.00000000 0.00000000 0.00000000 0.00000000 0.00000000 0.00000000 
8 0.00000000 1.00000000 0.00000000 0.00000000 0.00000000 0.00000000 0.00000000 0.00000000 0.00000000 0.00000000 0.00000000 0.00000000 
9 0.00000000 0.26593633 0.00000000 0.73406367 0.00000000 0.00000000 0.00000000 0.00000000 0.00000000 0.00000000 0.00000000 0.00000000 
10 0.00000000 0.53754579 0.46245421 0.00000000 0.00000000 0.00000000 0.00000000 0.00000000 0.00000000 0.00000000 0.00000000 0.00000000 
11 0.00000000 1.00000000 0.00000000 0.00000000 0.00000000 0.00000000 0.00000000 0.00000000 0.00000000 0.00000000 0.00000000 0.00000000 
12 0.00000000 0.00000000 0.00000000 0.00000000 1.00000000 0.00000000 0.00000000 0.00000000 0.00000000 0.00000000 0.00000000 0.00000000 
13 0.00000000 0.00000000 0.00000000 0.00000000 0.00000000 0.00000000 0.00000000 0.00000000 1.00000000 0.00000000 0.00000000 0.00000000 
14 1.00000000 0.00000000 0.00000000 0.00000000 0.00000000 0.00000000 0.00000000 0.00000000 0.00000000 0.00000000 0.00000000 0.00000000 
15 0.55146786 0.00000000 0.08547009 0.00000000 0.00000000 0.36306206 0.00000000 0.00000000 0.00000000 0.00000000 0.00000000 0.00000000 
16 0.00000000 0.00000000 0.00000000 0.00000000 0.00000000 1.00000000 0.00000000 0.00000000 0.00000000 0.00000000 0.00000000 0.00000000 
18 0.00000000 0.00000000 0.00000000 0.00000000 0.00000000 0.00000000 0.36482605 0.00000000 0.00000000 0.42164060 0.21353335 0.00000000 
19 1.00000000 0.00000000 0.00000000 0.00000000 0.00000000 0.00000000 0.00000000 0.00000000 0.00000000 0.00000000 0.00000000 0.00000000 
21 0.00000000 0.00000000 0.30423713 0.00000000 0.69576287 0.00000000 0.00000000 0.00000000 0.00000000 0.00000000 0.00000000 0.00000000 
22 0.00000000 0.00000000 0.65335930 0.00000000 0.00000000 0.00000000 0.34664070 0.00000000 0.00000000 0.00000000 0.00000000 0.00000000 

workload distribution if node 6 fails:

1    2    3    4    5    7    8    9    10    11    12    13    
1 0.00000000 0.00000000 0.00000000 0.00000000 0.00000000 0.00000000 0.00000000 0.54485461 0.00000000 0.00000000 0.00000000 0.45514539 
2 0.00000000 0.00000000 0.00000000 0.00000000 1.00000000 0.00000000 0.00000000 0.00000000 0.00000000 0.00000000 0.00000000 0.00000000 
3 0.00000000 0.00000000 0.00000000 0.00000000 0.00000000 0.00000000 0.00000000 0.00000000 0.17710197 0.00000000 0.82289803 0.00000000 
4 0.00000000 0.00000000 0.00000000 0.00000000 0.00000000 1.00000000 0.00000000 0.00000000 0.00000000 0.00000000 0.00000000 0.00000000 
5 0.00000000 1.00000000 0.00000000 0.00000000 0.00000000 0.00000000 0.00000000 0.00000000 0.00000000 0.00000000 0.00000000 0.00000000 
6 0.00000000 0.00000000 0.00000000 0.00000000 0.00000000 0.00000000 0.00000000 0.00000000 0.00000000 0.00000000 0.46886447 0.53113553 
7 0.00000000 0.00000000 0.00000000 0.00000000 0.00000000 1.00000000 0.00000000 0.00000000 0.00000000 0.00000000 0.00000000 0.00000000 
8 0.00000000 1.00000000 0.00000000 0.00000000 0.00000000 0.00000000 0.00000000 0.00000000 0.00000000 0.00000000 0.00000000 0.00000000 
9 0.00000000 0.20679527 0.00000000 0.73406367 0.00000000 0.05914107 0.00000000 0.00000000 0.00000000 0.00000000 0.00000000 0.00000000 
10 0.00000000 0.94024725 0.05975275 0.00000000 0.00000000 0.00000000 0.00000000 0.00000000 0.00000000 0.00000000 0.00000000 0.00000000 
11 0.00000000 0.00000000 0.00000000 0.00000000 1.00000000 0.00000000 0.00000000 0.00000000 0.00000000 0.00000000 0.00000000 0.00000000 
12 0.00000000 0.00000000 0.00000000 0.00000000 0.00000000 1.00000000 0.00000000 0.00000000 0.00000000 0.00000000 0.00000000 0.00000000 
13 0.00000000 0.00000000 0.00000000 0.00000000 0.00000000 0.00000000 0.00000000 0.00000000 1.00000000 0.00000000 0.00000000 0.00000000 
14 1.00000000 0.00000000 0.00000000 0.00000000 0.00000000 0.00000000 0.00000000 0.00000000 0.00000000 0.00000000 0.00000000 0.00000000 
15 0.55146786 0.00000000 0.44853214 0.00000000 0.00000000 0.00000000 0.00000000 0.00000000 0.00000000 0.00000000 0.00000000 0.00000000 
16 0.00000000 0.00000000 0.00000000 0.00000000 1.00000000 0.00000000 0.00000000 0.00000000 0.00000000 0.00000000 0.00000000 0.00000000 
18 0.00000000 0.00000000 0.00000000 0.00000000 0.00000000 0.00000000 0.36482605 0.00000000 0.00000000 0.42164060 0.21353335 0.00000000 
19 1.00000000 0.00000000 0.00000000 0.00000000 0.00000000 0.00000000 0.00000000 0.00000000 0.00000000 0.00000000 0.00000000 0.00000000 
21 0.00000000 0.00000000 1.00000000 0.00000000 0.00000000 0.00000000 0.00000000 0.00000000 0.00000000 0.00000000 0.00000000 0.00000000 
22 0.00000000 0.00000000 0.34826355 0.00000000 0.30509575 0.00000000 0.34664070 0.00000000 0.00000000 0.00000000 0.00000000 0.00000000 

workload distribution if node 7 fails:

1    2    3    4    5    6    8    9    10    11    12    13    
1 0.00000000 0.00000000 0.00000000 0.00000000 0.00000000 0.00000000 0.00000000 0.54485461 0.00000000 0.00000000 0.00000000 0.45514539 
2 0.00000000 0.00000000 0.00000000 0.00000000 1.00000000 0.00000000 0.00000000 0.00000000 0.00000000 0.00000000 0.00000000 0.00000000 
3 0.00000000 0.00000000 0.00000000 0.00000000 0.00000000 0.00000000 0.00000000 0.00000000 0.17710197 0.00000000 0.82289803 0.00000000 
4 0.00000000 0.00000000 0.00000000 0.00000000 0.00000000 1.00000000 0.00000000 0.00000000 0.00000000 0.00000000 0.00000000 0.00000000 
5 0.00000000 1.00000000 0.00000000 0.00000000 0.00000000 0.00000000 0.00000000 0.00000000 0.00000000 0.00000000 0.00000000 0.00000000 
6 0.00000000 0.00000000 0.00000000 0.00000000 0.00000000 0.00000000 0.00000000 0.00000000 0.00000000 0.00000000 0.46886447 0.53113553 
7 0.00000000 0.00000000 1.00000000 0.00000000 0.00000000 0.00000000 0.00000000 0.00000000 0.00000000 0.00000000 0.00000000 0.00000000 
8 0.00000000 1.00000000 0.00000000 0.00000000 0.00000000 0.00000000 0.00000000 0.00000000 0.00000000 0.00000000 0.00000000 0.00000000 
9 0.00000000 0.26593633 0.00000000 0.73406367 0.00000000 0.00000000 0.00000000 0.00000000 0.00000000 0.00000000 0.00000000 0.00000000 
10 0.00000000 0.76968864 0.23031136 0.00000000 0.00000000 0.00000000 0.00000000 0.00000000 0.00000000 0.00000000 0.00000000 0.00000000 
11 0.00000000 0.00000000 0.00000000 0.00000000 1.00000000 0.00000000 0.00000000 0.00000000 0.00000000 0.00000000 0.00000000 0.00000000 
12 0.00000000 0.00000000 0.00000000 0.00000000 0.00000000 1.00000000 0.00000000 0.00000000 0.00000000 0.00000000 0.00000000 0.00000000 
13 0.00000000 0.00000000 0.00000000 0.00000000 0.00000000 0.00000000 0.00000000 0.00000000 1.00000000 0.00000000 0.00000000 0.00000000 
14 1.00000000 0.00000000 0.00000000 0.00000000 0.00000000 0.00000000 0.00000000 0.00000000 0.00000000 0.00000000 0.00000000 0.00000000 
15 0.55146786 0.00000000 0.44853214 0.00000000 0.00000000 0.00000000 0.00000000 0.00000000 0.00000000 0.00000000 0.00000000 0.00000000 
16 0.00000000 0.00000000 0.00000000 0.00000000 1.00000000 0.00000000 0.00000000 0.00000000 0.00000000 0.00000000 0.00000000 0.00000000 
18 0.00000000 0.00000000 0.00000000 0.00000000 0.00000000 0.00000000 0.36482605 0.00000000 0.00000000 0.42164060 0.21353335 0.00000000 
19 1.00000000 0.00000000 0.00000000 0.00000000 0.00000000 0.00000000 0.00000000 0.00000000 0.00000000 0.00000000 0.00000000 0.00000000 
21 0.00000000 0.00000000 0.30423713 0.00000000 0.00000000 0.69576287 0.00000000 0.00000000 0.00000000 0.00000000 0.00000000 0.00000000 
22 0.00000000 0.00000000 0.34826355 0.00000000 0.30509575 0.00000000 0.34664070 0.00000000 0.00000000 0.00000000 0.00000000 0.00000000 

workload distribution if node 8 fails:

1    2    3    4    5    6    7    9    10    11    12    13    
1 0.00000000 0.00000000 0.00000000 0.00000000 0.00000000 0.00000000 0.00000000 0.65382553 0.00000000 0.00000000 0.00000000 0.34617447 
2 0.00000000 0.00000000 0.00000000 0.00000000 0.89504274 0.00000000 0.10495726 0.00000000 0.00000000 0.00000000 0.00000000 0.00000000 
3 0.00000000 0.00000000 0.00000000 0.00000000 0.00000000 0.00000000 0.00000000 0.00000000 1.00000000 0.00000000 0.00000000 0.00000000 
4 0.00000000 0.00000000 0.00000000 0.00000000 0.00000000 1.00000000 0.00000000 0.00000000 0.00000000 0.00000000 0.00000000 0.00000000 
5 0.00000000 1.00000000 0.00000000 0.00000000 0.00000000 0.00000000 0.00000000 0.00000000 0.00000000 0.00000000 0.00000000 0.00000000 
6 0.00000000 0.00000000 0.00000000 0.00000000 0.00000000 0.00000000 0.00000000 0.00000000 0.00000000 0.00000000 0.09133089 0.90866911 
7 0.00000000 0.00000000 1.00000000 0.00000000 0.00000000 0.00000000 0.00000000 0.00000000 0.00000000 0.00000000 0.00000000 0.00000000 
8 0.00000000 0.00000000 0.00000000 0.00000000 0.00000000 0.00000000 1.00000000 0.00000000 0.00000000 0.00000000 0.00000000 0.00000000 
9 0.00000000 0.04096213 0.00000000 0.62919743 0.00000000 0.00000000 0.32984044 0.00000000 0.00000000 0.00000000 0.00000000 0.00000000 
10 0.00000000 1.00000000 0.00000000 0.00000000 0.00000000 0.00000000 0.00000000 0.00000000 0.00000000 0.00000000 0.00000000 0.00000000 
11 0.00000000 1.00000000 0.00000000 0.00000000 0.00000000 0.00000000 0.00000000 0.00000000 0.00000000 0.00000000 0.00000000 0.00000000 
12 0.00000000 0.00000000 0.00000000 0.00000000 0.00000000 1.00000000 0.00000000 0.00000000 0.00000000 0.00000000 0.00000000 0.00000000 
13 0.00000000 0.00000000 0.00000000 0.00000000 0.00000000 0.00000000 0.00000000 0.00000000 0.83977087 0.00000000 0.00000000 0.16022913 
14 1.00000000 0.00000000 0.00000000 0.00000000 0.00000000 0.00000000 0.00000000 0.00000000 0.00000000 0.00000000 0.00000000 0.00000000 
15 0.30602007 0.00000000 0.14455593 0.00000000 0.00000000 0.00000000 0.54942401 0.00000000 0.00000000 0.00000000 0.00000000 0.00000000 
16 0.00000000 0.00000000 0.00000000 0.00000000 1.00000000 0.00000000 0.00000000 0.00000000 0.00000000 0.00000000 0.00000000 0.00000000 
18 0.00000000 0.00000000 0.00000000 0.00000000 0.00000000 0.00000000 0.00000000 0.00000000 0.00000000 0.50596872 0.49403128 0.00000000 
19 1.00000000 0.00000000 0.00000000 0.00000000 0.00000000 0.00000000 0.00000000 0.00000000 0.00000000 0.00000000 0.00000000 0.00000000 
21 0.00000000 0.00000000 0.54446263 0.00000000 0.00000000 0.45553737 0.00000000 0.00000000 0.00000000 0.00000000 0.00000000 0.00000000 
22 0.00000000 0.00000000 0.34826355 0.00000000 0.30509575 0.00000000 0.00000000 0.00000000 0.00000000 0.00000000 0.00000000 0.34664070 

workload distribution if node 9 fails:

1    2    3    4    5    6    7    8    10    11    12    13    
1 0.00000000 0.00000000 0.00000000 0.00000000 0.00000000 0.00000000 0.00000000 0.00000000 0.00000000 0.00000000 0.42693339 0.57306661 
2 0.00000000 0.00000000 0.00000000 0.00000000 0.89504274 0.00000000 0.10495726 0.00000000 0.00000000 0.00000000 0.00000000 0.00000000 
3 0.00000000 0.00000000 0.00000000 0.00000000 0.00000000 0.00000000 0.00000000 0.00000000 1.00000000 0.00000000 0.00000000 0.00000000 
4 0.00000000 0.00000000 0.00000000 0.00000000 0.00000000 1.00000000 0.00000000 0.00000000 0.00000000 0.00000000 0.00000000 0.00000000 
5 0.00000000 1.00000000 0.00000000 0.00000000 0.00000000 0.00000000 0.00000000 0.00000000 0.00000000 0.00000000 0.00000000 0.00000000 
6 0.00000000 0.00000000 0.00000000 0.00000000 0.00000000 0.00000000 0.00000000 0.00000000 0.00000000 0.00000000 1.00000000 0.00000000 
7 0.00000000 0.00000000 1.00000000 0.00000000 0.00000000 0.00000000 0.00000000 0.00000000 0.00000000 0.00000000 0.00000000 0.00000000 
8 0.00000000 0.00000000 0.00000000 0.00000000 0.00000000 0.00000000 1.00000000 0.00000000 0.00000000 0.00000000 0.00000000 0.00000000 
9 0.00000000 0.04096213 0.00000000 0.62919743 0.00000000 0.00000000 0.32984044 0.00000000 0.00000000 0.00000000 0.00000000 0.00000000 
10 0.00000000 1.00000000 0.00000000 0.00000000 0.00000000 0.00000000 0.00000000 0.00000000 0.00000000 0.00000000 0.00000000 0.00000000 
11 0.00000000 1.00000000 0.00000000 0.00000000 0.00000000 0.00000000 0.00000000 0.00000000 0.00000000 0.00000000 0.00000000 0.00000000 
12 0.00000000 0.00000000 0.00000000 0.00000000 0.00000000 1.00000000 0.00000000 0.00000000 0.00000000 0.00000000 0.00000000 0.00000000 
13 0.00000000 0.00000000 0.00000000 0.00000000 0.00000000 0.00000000 0.00000000 0.00000000 0.83977087 0.00000000 0.00000000 0.16022913 
14 1.00000000 0.00000000 0.00000000 0.00000000 0.00000000 0.00000000 0.00000000 0.00000000 0.00000000 0.00000000 0.00000000 0.00000000 
15 0.30602007 0.00000000 0.14455593 0.00000000 0.00000000 0.00000000 0.54942401 0.00000000 0.00000000 0.00000000 0.00000000 0.00000000 
16 0.00000000 0.00000000 0.00000000 0.00000000 1.00000000 0.00000000 0.00000000 0.00000000 0.00000000 0.00000000 0.00000000 0.00000000 
18 0.00000000 0.00000000 0.00000000 0.00000000 0.00000000 0.00000000 0.00000000 0.44915417 0.00000000 0.50596872 0.04487711 0.00000000 
19 1.00000000 0.00000000 0.00000000 0.00000000 0.00000000 0.00000000 0.00000000 0.00000000 0.00000000 0.00000000 0.00000000 0.00000000 
21 0.00000000 0.00000000 0.54446263 0.00000000 0.00000000 0.45553737 0.00000000 0.00000000 0.00000000 0.00000000 0.00000000 0.00000000 
22 0.00000000 0.00000000 0.34826355 0.00000000 0.30509575 0.00000000 0.00000000 0.34664070 0.00000000 0.00000000 0.00000000 0.00000000 

workload distribution if node 10 fails:

1    2    3    4    5    6    7    8    9    11    12    13    
1 0.00000000 0.00000000 0.00000000 0.00000000 0.00000000 0.00000000 0.00000000 0.00000000 0.65382553 0.00000000 0.34617447 0.00000000 
2 0.00000000 0.00000000 0.00000000 0.00000000 0.89504274 0.00000000 0.10495726 0.00000000 0.00000000 0.00000000 0.00000000 0.00000000 
3 0.00000000 0.00000000 0.00000000 0.00000000 0.00000000 0.00000000 0.00000000 0.00000000 0.00000000 0.00000000 1.00000000 0.00000000 
4 0.00000000 0.00000000 0.00000000 0.00000000 0.00000000 1.00000000 0.00000000 0.00000000 0.00000000 0.00000000 0.00000000 0.00000000 
5 0.00000000 1.00000000 0.00000000 0.00000000 0.00000000 0.00000000 0.00000000 0.00000000 0.00000000 0.00000000 0.00000000 0.00000000 
6 0.00000000 0.00000000 0.00000000 0.00000000 0.00000000 0.00000000 0.00000000 0.00000000 0.00000000 0.00000000 0.11306471 0.88693529 
7 0.00000000 0.00000000 1.00000000 0.00000000 0.00000000 0.00000000 0.00000000 0.00000000 0.00000000 0.00000000 0.00000000 0.00000000 
8 0.00000000 0.00000000 0.00000000 0.00000000 0.00000000 0.00000000 1.00000000 0.00000000 0.00000000 0.00000000 0.00000000 0.00000000 
9 0.00000000 0.04096213 0.00000000 0.62919743 0.00000000 0.00000000 0.32984044 0.00000000 0.00000000 0.00000000 0.00000000 0.00000000 
10 0.00000000 1.00000000 0.00000000 0.00000000 0.00000000 0.00000000 0.00000000 0.00000000 0.00000000 0.00000000 0.00000000 0.00000000 
11 0.00000000 1.00000000 0.00000000 0.00000000 0.00000000 0.00000000 0.00000000 0.00000000 0.00000000 0.00000000 0.00000000 0.00000000 
12 0.00000000 0.00000000 0.00000000 0.00000000 0.00000000 1.00000000 0.00000000 0.00000000 0.00000000 0.00000000 0.00000000 0.00000000 
13 0.00000000 0.00000000 0.00000000 0.00000000 0.00000000 0.00000000 0.00000000 0.00000000 0.00000000 0.00000000 0.00000000 1.00000000 
14 1.00000000 0.00000000 0.00000000 0.00000000 0.00000000 0.00000000 0.00000000 0.00000000 0.00000000 0.00000000 0.00000000 0.00000000 
15 0.30602007 0.00000000 0.14455593 0.00000000 0.00000000 0.00000000 0.54942401 0.00000000 0.00000000 0.00000000 0.00000000 0.00000000 
16 0.00000000 0.00000000 0.00000000 0.00000000 1.00000000 0.00000000 0.00000000 0.00000000 0.00000000 0.00000000 0.00000000 0.00000000 
18 0.00000000 0.00000000 0.00000000 0.00000000 0.00000000 0.00000000 0.00000000 0.44915417 0.00000000 0.50596872 0.04487711 0.00000000 
19 1.00000000 0.00000000 0.00000000 0.00000000 0.00000000 0.00000000 0.00000000 0.00000000 0.00000000 0.00000000 0.00000000 0.00000000 
21 0.00000000 0.00000000 0.54446263 0.00000000 0.00000000 0.45553737 0.00000000 0.00000000 0.00000000 0.00000000 0.00000000 0.00000000 
22 0.00000000 0.00000000 0.34826355 0.00000000 0.30509575 0.00000000 0.00000000 0.34664070 0.00000000 0.00000000 0.00000000 0.00000000 

workload distribution if node 11 fails:

1    2    3    4    5    6    7    8    9    10    12    13    
1 0.00000000 0.00000000 0.00000000 0.00000000 0.00000000 0.00000000 0.00000000 0.00000000 0.65382553 0.00000000 0.00000000 0.34617447 
2 0.00000000 0.00000000 0.00000000 0.00000000 0.89504274 0.00000000 0.10495726 0.00000000 0.00000000 0.00000000 0.00000000 0.00000000 
3 0.00000000 0.00000000 0.00000000 0.00000000 0.00000000 0.00000000 0.00000000 0.00000000 0.00000000 1.00000000 0.00000000 0.00000000 
4 0.00000000 0.00000000 0.00000000 0.00000000 0.00000000 1.00000000 0.00000000 0.00000000 0.00000000 0.00000000 0.00000000 0.00000000 
5 0.00000000 1.00000000 0.00000000 0.00000000 0.00000000 0.00000000 0.00000000 0.00000000 0.00000000 0.00000000 0.00000000 0.00000000 
6 0.00000000 0.00000000 0.00000000 0.00000000 0.00000000 0.00000000 0.00000000 0.00000000 0.00000000 0.00000000 0.09133089 0.90866911 
7 0.00000000 0.00000000 1.00000000 0.00000000 0.00000000 0.00000000 0.00000000 0.00000000 0.00000000 0.00000000 0.00000000 0.00000000 
8 0.00000000 0.00000000 0.00000000 0.00000000 0.00000000 0.00000000 1.00000000 0.00000000 0.00000000 0.00000000 0.00000000 0.00000000 
9 0.00000000 0.04096213 0.00000000 0.62919743 0.00000000 0.00000000 0.32984044 0.00000000 0.00000000 0.00000000 0.00000000 0.00000000 
10 0.00000000 1.00000000 0.00000000 0.00000000 0.00000000 0.00000000 0.00000000 0.00000000 0.00000000 0.00000000 0.00000000 0.00000000 
11 0.00000000 1.00000000 0.00000000 0.00000000 0.00000000 0.00000000 0.00000000 0.00000000 0.00000000 0.00000000 0.00000000 0.00000000 
12 0.00000000 0.00000000 0.00000000 0.00000000 0.00000000 1.00000000 0.00000000 0.00000000 0.00000000 0.00000000 0.00000000 0.00000000 
13 0.00000000 0.00000000 0.00000000 0.00000000 0.00000000 0.00000000 0.00000000 0.00000000 0.00000000 0.83977087 0.00000000 0.16022913 
14 1.00000000 0.00000000 0.00000000 0.00000000 0.00000000 0.00000000 0.00000000 0.00000000 0.00000000 0.00000000 0.00000000 0.00000000 
15 0.30602007 0.00000000 0.14455593 0.00000000 0.00000000 0.00000000 0.54942401 0.00000000 0.00000000 0.00000000 0.00000000 0.00000000 
16 0.00000000 0.00000000 0.00000000 0.00000000 1.00000000 0.00000000 0.00000000 0.00000000 0.00000000 0.00000000 0.00000000 0.00000000 
18 0.00000000 0.00000000 0.00000000 0.00000000 0.00000000 0.00000000 0.00000000 0.50596872 0.00000000 0.00000000 0.49403128 0.00000000 
19 1.00000000 0.00000000 0.00000000 0.00000000 0.00000000 0.00000000 0.00000000 0.00000000 0.00000000 0.00000000 0.00000000 0.00000000 
21 0.00000000 0.00000000 0.54446263 0.00000000 0.00000000 0.45553737 0.00000000 0.00000000 0.00000000 0.00000000 0.00000000 0.00000000 
22 0.00000000 0.00000000 0.34826355 0.00000000 0.30509575 0.00000000 0.00000000 0.00000000 0.00000000 0.00000000 0.00000000 0.34664070 

workload distribution if node 12 fails:

1    2    3    4    5    6    7    8    9    10    11    13    
1 0.00000000 0.00000000 0.00000000 0.00000000 0.00000000 0.00000000 0.00000000 0.00000000 0.65382553 0.00000000 0.00000000 0.34617447 
2 0.00000000 0.00000000 0.00000000 0.00000000 0.89504274 0.00000000 0.10495726 0.00000000 0.00000000 0.00000000 0.00000000 0.00000000 
3 0.00000000 0.00000000 0.00000000 0.00000000 0.00000000 0.00000000 0.00000000 0.00000000 0.00000000 1.00000000 0.00000000 0.00000000 
4 0.00000000 0.00000000 0.00000000 0.00000000 0.00000000 1.00000000 0.00000000 0.00000000 0.00000000 0.00000000 0.00000000 0.00000000 
5 0.00000000 1.00000000 0.00000000 0.00000000 0.00000000 0.00000000 0.00000000 0.00000000 0.00000000 0.00000000 0.00000000 0.00000000 
6 0.00000000 0.00000000 0.00000000 0.00000000 0.00000000 0.00000000 0.00000000 0.00000000 0.00000000 0.00000000 0.00000000 1.00000000 
7 0.00000000 0.00000000 1.00000000 0.00000000 0.00000000 0.00000000 0.00000000 0.00000000 0.00000000 0.00000000 0.00000000 0.00000000 
8 0.00000000 0.00000000 0.00000000 0.00000000 0.00000000 0.00000000 1.00000000 0.00000000 0.00000000 0.00000000 0.00000000 0.00000000 
9 0.00000000 0.04096213 0.00000000 0.62919743 0.00000000 0.00000000 0.32984044 0.00000000 0.00000000 0.00000000 0.00000000 0.00000000 
10 0.00000000 1.00000000 0.00000000 0.00000000 0.00000000 0.00000000 0.00000000 0.00000000 0.00000000 0.00000000 0.00000000 0.00000000 
11 0.00000000 1.00000000 0.00000000 0.00000000 0.00000000 0.00000000 0.00000000 0.00000000 0.00000000 0.00000000 0.00000000 0.00000000 
12 0.00000000 0.00000000 0.00000000 0.00000000 0.00000000 1.00000000 0.00000000 0.00000000 0.00000000 0.00000000 0.00000000 0.00000000 
13 0.00000000 0.00000000 0.00000000 0.00000000 0.00000000 0.00000000 0.00000000 0.00000000 0.00000000 0.83977087 0.00000000 0.16022913 
14 1.00000000 0.00000000 0.00000000 0.00000000 0.00000000 0.00000000 0.00000000 0.00000000 0.00000000 0.00000000 0.00000000 0.00000000 
15 0.30602007 0.00000000 0.14455593 0.00000000 0.00000000 0.00000000 0.54942401 0.00000000 0.00000000 0.00000000 0.00000000 0.00000000 
16 0.00000000 0.00000000 0.00000000 0.00000000 1.00000000 0.00000000 0.00000000 0.00000000 0.00000000 0.00000000 0.00000000 0.00000000 
18 0.00000000 0.00000000 0.00000000 0.00000000 0.00000000 0.00000000 0.00000000 0.49403128 0.00000000 0.00000000 0.50596872 0.00000000 
19 1.00000000 0.00000000 0.00000000 0.00000000 0.00000000 0.00000000 0.00000000 0.00000000 0.00000000 0.00000000 0.00000000 0.00000000 
21 0.00000000 0.00000000 0.54446263 0.00000000 0.00000000 0.45553737 0.00000000 0.00000000 0.00000000 0.00000000 0.00000000 0.00000000 
22 0.00000000 0.00000000 0.34826355 0.00000000 0.30509575 0.00000000 0.00000000 0.07283350 0.00000000 0.00000000 0.00000000 0.27380721 

workload distribution if node 13 fails:

1    2    3    4    5    6    7    8    9    10    11    12    
1 0.00000000 0.00000000 0.00000000 0.00000000 0.00000000 0.00000000 0.00000000 0.00000000 0.65382553 0.00000000 0.00000000 0.34617447 
2 0.00000000 0.00000000 0.00000000 0.00000000 0.89504274 0.00000000 0.10495726 0.00000000 0.00000000 0.00000000 0.00000000 0.00000000 
3 0.00000000 0.00000000 0.00000000 0.00000000 0.00000000 0.00000000 0.00000000 0.00000000 0.00000000 0.64973166 0.00000000 0.35026834 
4 0.00000000 0.00000000 0.00000000 0.00000000 0.00000000 1.00000000 0.00000000 0.00000000 0.00000000 0.00000000 0.00000000 0.00000000 
5 0.00000000 1.00000000 0.00000000 0.00000000 0.00000000 0.00000000 0.00000000 0.00000000 0.00000000 0.00000000 0.00000000 0.00000000 
6 0.00000000 0.00000000 0.00000000 0.00000000 0.00000000 0.00000000 0.00000000 0.00000000 0.00000000 0.00000000 0.00000000 1.00000000 
7 0.00000000 0.00000000 1.00000000 0.00000000 0.00000000 0.00000000 0.00000000 0.00000000 0.00000000 0.00000000 0.00000000 0.00000000 
8 0.00000000 0.00000000 0.00000000 0.00000000 0.00000000 0.00000000 1.00000000 0.00000000 0.00000000 0.00000000 0.00000000 0.00000000 
9 0.00000000 0.04096213 0.00000000 0.62919743 0.00000000 0.00000000 0.32984044 0.00000000 0.00000000 0.00000000 0.00000000 0.00000000 
10 0.00000000 1.00000000 0.00000000 0.00000000 0.00000000 0.00000000 0.00000000 0.00000000 0.00000000 0.00000000 0.00000000 0.00000000 
11 0.00000000 1.00000000 0.00000000 0.00000000 0.00000000 0.00000000 0.00000000 0.00000000 0.00000000 0.00000000 0.00000000 0.00000000 
12 0.00000000 0.00000000 0.00000000 0.00000000 0.00000000 1.00000000 0.00000000 0.00000000 0.00000000 0.00000000 0.00000000 0.00000000 
13 0.00000000 0.00000000 0.00000000 0.00000000 0.00000000 0.00000000 0.00000000 0.00000000 0.00000000 1.00000000 0.00000000 0.00000000 
14 1.00000000 0.00000000 0.00000000 0.00000000 0.00000000 0.00000000 0.00000000 0.00000000 0.00000000 0.00000000 0.00000000 0.00000000 
15 0.30602007 0.00000000 0.14455593 0.00000000 0.00000000 0.00000000 0.54942401 0.00000000 0.00000000 0.00000000 0.00000000 0.00000000 
16 0.00000000 0.00000000 0.00000000 0.00000000 1.00000000 0.00000000 0.00000000 0.00000000 0.00000000 0.00000000 0.00000000 0.00000000 
18 0.00000000 0.00000000 0.00000000 0.00000000 0.00000000 0.00000000 0.00000000 0.44915417 0.00000000 0.00000000 0.50596872 0.04487711 
19 1.00000000 0.00000000 0.00000000 0.00000000 0.00000000 0.00000000 0.00000000 0.00000000 0.00000000 0.00000000 0.00000000 0.00000000 
21 0.00000000 0.00000000 0.54446263 0.00000000 0.00000000 0.45553737 0.00000000 0.00000000 0.00000000 0.00000000 0.00000000 0.00000000 
22 0.00000000 0.00000000 0.34826355 0.00000000 0.30509575 0.00000000 0.00000000 0.34664070 0.00000000 0.00000000 0.00000000 0.00000000 



zz_test [*] :=
 1  1
 2  1
 3  1
 4  1
 5  1
 6  1
 7  1
 8  1
 9  1
10  1
11  1
12  1
13  1
14  1
15  1
16  1
18  1
19  1
21  1
22  1
;

K_test [*] :=
 1  0.0769231
 2  0.0769231
 3  0.0769231
 4  0.0769231
 5  0.0769231
 6  0.0769231
 7  0.0769231
 8  0.0769231
 9  0.0769231
10  0.0769231
11  0.0769231
12  0.0769231
13  0.0769231
;

zz2_test [*,*]
:    1   2   3   4   5   6   7   8   9  10  11  12  13    :=
1    1   1   1   1   1   1   1   1   1   1   1   1   1
2    1   1   1   1   1   1   1   1   1   1   1   1   1
3    1   1   1   1   1   1   1   1   1   1   1   1   1
4    1   1   1   1   1   1   1   1   1   1   1   1   1
5    1   1   1   1   1   1   1   1   1   1   1   1   1
6    1   1   1   1   1   1   1   1   1   1   1   1   1
7    1   1   1   1   1   1   1   1   1   1   1   1   1
8    1   1   1   1   1   1   1   1   1   1   1   1   1
9    1   1   1   1   1   1   1   1   1   1   1   1   1
10   1   1   1   1   1   1   1   1   1   1   1   1   1
11   1   1   1   1   1   1   1   1   1   1   1   1   1
12   1   1   1   1   1   1   1   1   1   1   1   1   1
13   1   1   1   1   1   1   1   1   1   1   1   1   1
14   1   1   1   1   1   1   1   1   1   1   1   1   1
15   1   1   1   1   1   1   1   1   1   1   1   1   1
16   1   1   1   1   1   1   1   1   1   1   1   1   1
18   1   1   1   1   1   1   1   1   1   1   1   1   1
19   1   1   1   1   1   1   1   1   1   1   1   1   1
21   1   1   1   1   1   1   1   1   1   1   1   1   1
22   1   1   1   1   1   1   1   1   1   1   1   1   1
;

K2_test [*,*]
:        1           2           3           4           5           6       :=
1     .          0.0897436   0.0897436   0.0897436   0.0897436   0.0897436
2    0.0897436    .          0.0897436   0.0897436   0.0897436   0.0897436
3    0.0897436   0.0897436    .          0.0897436   0.0897436   0.0897436
4    0.0897436   0.0897436   0.0897436    .          0.0897436   0.0897436
5    0.0897436   0.0897436   0.0897436   0.0897436    .          0.0897436
6    0.0897436   0.0897436   0.0897436   0.0897436   0.0897436    .
7    0.0897436   0.0897436   0.0897436   0.0897436   0.0897436   0.0897436
8    0.0769231   0.0769231   0.0769231   0.0769231   0.0769231   0.0769231
9    0.0769231   0.0769231   0.0769231   0.0769231   0.0769231   0.0769231
10   0.0769231   0.0769231   0.0769231   0.0769231   0.0769231   0.0769231
11   0.0769231   0.0769231   0.0769231   0.0769231   0.0769231   0.0769231
12   0.0769231   0.0769231   0.0769231   0.0769231   0.0769231   0.0769231
13   0.0769231   0.0769231   0.0769231   0.0769231   0.0769231   0.0769231

:        7           8           9          10          11          12       :=
1    0.0897436   0.0769231   0.0769231   0.0769231   0.0769231   0.0769231
2    0.0897436   0.0769231   0.0769231   0.0769231   0.0769231   0.0769231
3    0.0897436   0.0769231   0.0769231   0.0769231   0.0769231   0.0769231
4    0.0897436   0.0769231   0.0769231   0.0769231   0.0769231   0.0769231
5    0.0897436   0.0769231   0.0769231   0.0769231   0.0769231   0.0769231
6    0.0897436   0.0769231   0.0769231   0.0769231   0.0769231   0.0769231
7     .          0.0769231   0.0769231   0.0769231   0.0769231   0.0769231
8    0.0769231    .          0.0923077   0.0923077   0.0923077   0.0923077
9    0.0769231   0.0923077    .          0.0923077   0.0923077   0.0923077
10   0.0769231   0.0923077   0.0923077    .          0.0923077   0.0923077
11   0.0769231   0.0923077   0.0923077   0.0923077    .          0.0923077
12   0.0769231   0.0923077   0.0923077   0.0923077   0.0923077    .
13   0.0769231   0.0923077   0.0923077   0.0923077   0.0923077   0.0923077

:       13        :=
1    0.0769231
2    0.0769231
3    0.0769231
4    0.0769231
5    0.0769231
6    0.0769231
7    0.0769231
8    0.0923077
9    0.0923077
10   0.0923077
11   0.0923077
12   0.0923077
;

zz2 [*,1,*]
:       2          3          4          5          6          7          8  :=
1    0          0          0          0          0          0          0
2    0          0          0          1          0          0          0
3    0          0          0          0          0          0          0
4    0          0          0          0          1          0          0
5    1          0          0          0          0          0          0
6    0          0          0          0          0          0          0
7    0          1          0          0          0          0          0
8    1          0          0          0          0          0          0
9    0.265936   0          0.734064   0          0          0          0
10   0.769689   0.230311   0          0          0          0          0
11   0          0          0          1          0          0          0
12   0          0          0          0          1          0          0
13   0          0          0          0          0          0          0
14   0          0          0          0          0          1          0
15   0          0.448532   0          0          0          0.551468   0
16   0          0          0          1          0          0          0
18   0          0          0          0          0          0          0.364826
19   0          0          0          0          0          1          0
21   0          0.304237   0          0          0.695763   0          0
22   0          0.348264   0          0.305096   0          0          0.346641

:       9          10         11         12         13       :=
1    0.544855   0          0          0          0.455145
2    0          0          0          0          0
3    0          0.177102   0          0.822898   0
4    0          0          0          0          0
5    0          0          0          0          0
6    0          0          0          0.468864   0.531136
7    0          0          0          0          0
8    0          0          0          0          0
9    0          0          0          0          0
10   0          0          0          0          0
11   0          0          0          0          0
12   0          0          0          0          0
13   0          1          0          0          0
14   0          0          0          0          0
15   0          0          0          0          0
16   0          0          0          0          0
18   0          0          0.421641   0.213533   0
19   0          0          0          0          0
21   0          0          0          0          0
22   0          0          0          0          0

 [*,2,*]
:       1          3          4          5          6           7        :=
1    0          0          0          0          0          0
2    0          0          0          1          0          0
3    0          0          0          0          0          0
4    0          0          0          0          1          0
5    0          0          0          0          0          1
6    0          0          0          0          0          0
7    0          0          0          0          0          1
8    0          0          0          0          0          1
9    0          0          0.734064   0          0          0.265936
10   0          1          0          0          0          0
11   0          0          0          1          0          0
12   0          0          0          0          1          0
13   0          0          0          0          0          0
14   1          0          0          0          0          0
15   0.551468   0.396321   0          0          0          0.0522111
16   0          0          0          1          0          0
18   0          0          0          0          0          0
19   1          0          0          0          0          0
21   0          0.304237   0          0          0.695763   0
22   0          0.348264   0          0.305096   0          0

:       8          9          10         11         12         13       :=
1    0          0.544855   0          0          0          0.455145
2    0          0          0          0          0          0
3    0          0          0.177102   0          0.822898   0
4    0          0          0          0          0          0
5    0          0          0          0          0          0
6    0          0          0          0          0.468864   0.531136
7    0          0          0          0          0          0
8    0          0          0          0          0          0
9    0          0          0          0          0          0
10   0          0          0          0          0          0
11   0          0          0          0          0          0
12   0          0          0          0          0          0
13   0          0          1          0          0          0
14   0          0          0          0          0          0
15   0          0          0          0          0          0
16   0          0          0          0          0          0
18   0.364826   0          0          0.421641   0.213533   0
19   0          0          0          0          0          0
21   0          0          0          0          0          0
22   0.346641   0          0          0          0          0

 [*,3,*]
:       1          2          4          5          6          7          8  :=
1    0          0          0          0          0          0          0
2    0          0          0          1          0          0          0
3    0          0          0          0          0          0          0
4    0          0          0          0          1          0          0
5    0          1          0          0          0          0          0
6    0          0          0          0          0          0          0
7    0          0          0          0          0          1          0
8    0          1          0          0          0          0          0
9    0          0.100897   0.734064   0          0          0.165039   0
10   0          1          0          0          0          0          0
11   0          0          0          1          0          0          0
12   0          0          0          0          0.543644   0.456356   0
13   0          0          0          0          0          0          0
14   1          0          0          0          0          0          0
15   0.551468   0          0          0          0          0.448532   0
16   0          0          0          1          0          0          0
18   0          0          0          0          0          0          0.364826
19   1          0          0          0          0          0          0
21   0          0          0          0          1          0          0
22   0          0.348264   0          0.305096   0          0          0.346641

:       9          10         11         12         13       :=
1    0.544855   0          0          0          0.455145
2    0          0          0          0          0
3    0          0.177102   0          0.822898   0
4    0          0          0          0          0
5    0          0          0          0          0
6    0          0          0          0.468864   0.531136
7    0          0          0          0          0
8    0          0          0          0          0
9    0          0          0          0          0
10   0          0          0          0          0
11   0          0          0          0          0
12   0          0          0          0          0
13   0          1          0          0          0
14   0          0          0          0          0
15   0          0          0          0          0
16   0          0          0          0          0
18   0          0          0.421641   0.213533   0
19   0          0          0          0          0
21   0          0          0          0          0
22   0          0          0          0          0

 [*,4,*]
:       1          2          3          5          6          7          8  :=
1    0          0          0          0          0          0          0
2    0          0          0          1          0          0          0
3    0          0          0          0          0          0          0
4    0          0          0          0          1          0          0
5    0          1          0          0          0          0          0
6    0          0          0          0          0          0          0
7    0          0          0.692308   0          0          0.307692   0
8    0          1          0          0          0          0          0
9    0          0.532825   0          0          0          0.467175   0
10   0          0          1          0          0          0          0
11   0          0          0          1          0          0          0
12   0          0          0          0          1          0          0
13   0          0          0          0          0          0          0
14   1          0          0          0          0          0          0
15   0.551468   0          0          0          0          0.448532   0
16   0          0          0          1          0          0          0
18   0          0          0          0          0          0          0.364826
19   1          0          0          0          0          0          0
21   0          0          0.304237   0          0.695763   0          0
22   0          0          0.348264   0.305096   0          0          0.346641

:       9          10         11         12         13       :=
1    0.544855   0          0          0          0.455145
2    0          0          0          0          0
3    0          0.177102   0          0.822898   0
4    0          0          0          0          0
5    0          0          0          0          0
6    0          0          0          0.468864   0.531136
7    0          0          0          0          0
8    0          0          0          0          0
9    0          0          0          0          0
10   0          0          0          0          0
11   0          0          0          0          0
12   0          0          0          0          0
13   0          1          0          0          0
14   0          0          0          0          0
15   0          0          0          0          0
16   0          0          0          0          0
18   0          0          0.421641   0.213533   0
19   0          0          0          0          0
21   0          0          0          0          0
22   0          0          0          0          0

 [*,5,*]
:       1          2           3          4          6          7        :=
1    0          0          0           0          0          0
2    0          0          0           0          0          1
3    0          0          0           0          0          0
4    0          0          0           0          1          0
5    0          1          0           0          0          0
6    0          0          0           0          0          0
7    0          0          1           0          0          0
8    0          1          0           0          0          0
9    0          0.265936   0           0.734064   0          0
10   0          0.537546   0.462454    0          0          0
11   0          1          0           0          0          0
12   0          0          0           0          1          0
13   0          0          0           0          0          0
14   1          0          0           0          0          0
15   0.551468   0          0.0854701   0          0          0.363062
16   0          0          0           0          0          1
18   0          0          0           0          0          0
19   1          0          0           0          0          0
21   0          0          0.304237    0          0.695763   0
22   0          0          0.653359    0          0          0

:       8          9          10         11         12         13       :=
1    0          0.544855   0          0          0          0.455145
2    0          0          0          0          0          0
3    0          0          0.177102   0          0.822898   0
4    0          0          0          0          0          0
5    0          0          0          0          0          0
6    0          0          0          0          0.468864   0.531136
7    0          0          0          0          0          0
8    0          0          0          0          0          0
9    0          0          0          0          0          0
10   0          0          0          0          0          0
11   0          0          0          0          0          0
12   0          0          0          0          0          0
13   0          0          1          0          0          0
14   0          0          0          0          0          0
15   0          0          0          0          0          0
16   0          0          0          0          0          0
18   0.364826   0          0          0.421641   0.213533   0
19   0          0          0          0          0          0
21   0          0          0          0          0          0
22   0.346641   0          0          0          0          0

 [*,6,*]
:       1            2            3          4          5           7        :=
1    0          0             0           0          0          0
2    0          0             0           0          1          0
3    0          0             0           0          0          0
4    0          0             0           0          0          1
5    0          1             0           0          0          0
6    0          0             0           0          0          0
7    0          0             0           0          0          1
8    0          1             0           0          0          0
9    0          0.206795      0           0.734064   0          0.0591411
10   0          0.940247      0.0597527   0          0          0
11   0          8.65974e-15   0           0          1          0
12   0          0             0           0          0          1
13   0          0             0           0          0          0
14   1          0             0           0          0          0
15   0.551468   0             0.448532    0          0          0
16   0          0             0           0          1          0
18   0          0             0           0          0          0
19   1          0             0           0          0          0
21   0          0             1           0          0          0
22   0          0             0.348264    0          0.305096   0

:       8          9          10         11         12         13       :=
1    0          0.544855   0          0          0          0.455145
2    0          0          0          0          0          0
3    0          0          0.177102   0          0.822898   0
4    0          0          0          0          0          0
5    0          0          0          0          0          0
6    0          0          0          0          0.468864   0.531136
7    0          0          0          0          0          0
8    0          0          0          0          0          0
9    0          0          0          0          0          0
10   0          0          0          0          0          0
11   0          0          0          0          0          0
12   0          0          0          0          0          0
13   0          0          1          0          0          0
14   0          0          0          0          0          0
15   0          0          0          0          0          0
16   0          0          0          0          0          0
18   0.364826   0          0          0.421641   0.213533   0
19   0          0          0          0          0          0
21   0          0          0          0          0          0
22   0.346641   0          0          0          0          0

 [*,7,*]
:       1          2          3          4          5          6          8  :=
1    0          0          0          0          0          0          0
2    0          0          0          0          1          0          0
3    0          0          0          0          0          0          0
4    0          0          0          0          0          1          0
5    0          1          0          0          0          0          0
6    0          0          0          0          0          0          0
7    0          0          1          0          0          0          0
8    0          1          0          0          0          0          0
9    0          0.265936   0          0.734064   0          0          0
10   0          0.769689   0.230311   0          0          0          0
11   0          0          0          0          1          0          0
12   0          0          0          0          0          1          0
13   0          0          0          0          0          0          0
14   1          0          0          0          0          0          0
15   0.551468   0          0.448532   0          0          0          0
16   0          0          0          0          1          0          0
18   0          0          0          0          0          0          0.364826
19   1          0          0          0          0          0          0
21   0          0          0.304237   0          0          0.695763   0
22   0          0          0.348264   0          0.305096   0          0.346641

:       9          10         11         12         13       :=
1    0.544855   0          0          0          0.455145
2    0          0          0          0          0
3    0          0.177102   0          0.822898   0
4    0          0          0          0          0
5    0          0          0          0          0
6    0          0          0          0.468864   0.531136
7    0          0          0          0          0
8    0          0          0          0          0
9    0          0          0          0          0
10   0          0          0          0          0
11   0          0          0          0          0
12   0          0          0          0          0
13   0          1          0          0          0
14   0          0          0          0          0
15   0          0          0          0          0
16   0          0          0          0          0
18   0          0          0.421641   0.213533   0
19   0          0          0          0          0
21   0          0          0          0          0
22   0          0          0          0          0

 [*,8,*]
:       1          2          3          4          5          6          7  :=
1    0         0           0          0          0          0          0
2    0         0           0          0          0.895043   0          0.104957
3    0         0           0          0          0          0          0
4    0         0           0          0          0          1          0
5    0         1           0          0          0          0          0
6    0         0           0          0          0          0          0
7    0         0           1          0          0          0          0
8    0         0           0          0          0          0          1
9    0         0.0409621   0          0.629197   0          0          0.32984
10   0         1           0          0          0          0          0
11   0         1           0          0          0          0          0
12   0         0           0          0          0          1          0
13   0         0           0          0          0          0          0
14   1         0           0          0          0          0          0
15   0.30602   0           0.144556   0          0          0          0.549424
16   0         0           0          0          1          0          0
18   0         0           0          0          0          0          0
19   1         0           0          0          0          0          0
21   0         0           0.544463   0          0          0.455537   0
22   0         0           0.348264   0          0.305096   0          0

:       9          10         11         12          13       :=
1    0.653826   0          0          0           0.346174
2    0          0          0          0           0
3    0          1          0          0           0
4    0          0          0          0           0
5    0          0          0          0           0
6    0          0          0          0.0913309   0.908669
7    0          0          0          0           0
8    0          0          0          0           0
9    0          0          0          0           0
10   0          0          0          0           0
11   0          0          0          0           0
12   0          0          0          0           0
13   0          0.839771   0          0           0.160229
14   0          0          0          0           0
15   0          0          0          0           0
16   0          0          0          0           0
18   0          0          0.505969   0.494031    0
19   0          0          0          0           0
21   0          0          0          0           0
22   0          0          0          0           0.346641

 [*,9,*]
:       1          2          3          4          5          6          7  :=
1    0         0           0          0          0          0          0
2    0         0           0          0          0.895043   0          0.104957
3    0         0           0          0          0          0          0
4    0         0           0          0          0          1          0
5    0         1           0          0          0          0          0
6    0         0           0          0          0          0          0
7    0         0           1          0          0          0          0
8    0         0           0          0          0          0          1
9    0         0.0409621   0          0.629197   0          0          0.32984
10   0         1           0          0          0          0          0
11   0         1           0          0          0          0          0
12   0         0           0          0          0          1          0
13   0         0           0          0          0          0          0
14   1         0           0          0          0          0          0
15   0.30602   0           0.144556   0          0          0          0.549424
16   0         0           0          0          1          0          0
18   0         0           0          0          0          0          0
19   1         0           0          0          0          0          0
21   0         0           0.544463   0          0          0.455537   0
22   0         0           0.348264   0          0.305096   0          0

:       8          10         11         12          13       :=
1    0          0          0          0.426933    0.573067
2    0          0          0          0           0
3    0          1          0          0           0
4    0          0          0          0           0
5    0          0          0          0           0
6    0          0          0          1           0
7    0          0          0          0           0
8    0          0          0          0           0
9    0          0          0          0           0
10   0          0          0          0           0
11   0          0          0          0           0
12   0          0          0          0           0
13   0          0.839771   0          0           0.160229
14   0          0          0          0           0
15   0          0          0          0           0
16   0          0          0          0           0
18   0.449154   0          0.505969   0.0448771   0
19   0          0          0          0           0
21   0          0          0          0           0
22   0.346641   0          0          0           0

 [*,10,*]
:       1          2          3          4          5          6          7  :=
1    0         0           0          0          0          0          0
2    0         0           0          0          0.895043   0          0.104957
3    0         0           0          0          0          0          0
4    0         0           0          0          0          1          0
5    0         1           0          0          0          0          0
6    0         0           0          0          0          0          0
7    0         0           1          0          0          0          0
8    0         0           0          0          0          0          1
9    0         0.0409621   0          0.629197   0          0          0.32984
10   0         1           0          0          0          0          0
11   0         1           0          0          0          0          0
12   0         0           0          0          0          1          0
13   0         0           0          0          0          0          0
14   1         0           0          0          0          0          0
15   0.30602   0           0.144556   0          0          0          0.549424
16   0         0           0          0          1          0          0
18   0         0           0          0          0          0          0
19   1         0           0          0          0          0          0
21   0         0           0.544463   0          0          0.455537   0
22   0         0           0.348264   0          0.305096   0          0

:       8          9          11         12          13       :=
1    0          0.653826   0          0.346174    0
2    0          0          0          0           0
3    0          0          0          1           0
4    0          0          0          0           0
5    0          0          0          0           0
6    0          0          0          0.113065    0.886935
7    0          0          0          0           0
8    0          0          0          0           0
9    0          0          0          0           0
10   0          0          0          0           0
11   0          0          0          0           0
12   0          0          0          0           0
13   0          0          0          0           1
14   0          0          0          0           0
15   0          0          0          0           0
16   0          0          0          0           0
18   0.449154   0          0.505969   0.0448771   0
19   0          0          0          0           0
21   0          0          0          0           0
22   0.346641   0          0          0           0

 [*,11,*]
:       1          2          3          4          5          6          7  :=
1    0         0           0          0          0          0          0
2    0         0           0          0          0.895043   0          0.104957
3    0         0           0          0          0          0          0
4    0         0           0          0          0          1          0
5    0         1           0          0          0          0          0
6    0         0           0          0          0          0          0
7    0         0           1          0          0          0          0
8    0         0           0          0          0          0          1
9    0         0.0409621   0          0.629197   0          0          0.32984
10   0         1           0          0          0          0          0
11   0         1           0          0          0          0          0
12   0         0           0          0          0          1          0
13   0         0           0          0          0          0          0
14   1         0           0          0          0          0          0
15   0.30602   0           0.144556   0          0          0          0.549424
16   0         0           0          0          1          0          0
18   0         0           0          0          0          0          0
19   1         0           0          0          0          0          0
21   0         0           0.544463   0          0          0.455537   0
22   0         0           0.348264   0          0.305096   0          0

:       8          9          10         12          13       :=
1    0          0.653826   0          0           0.346174
2    0          0          0          0           0
3    0          0          1          0           0
4    0          0          0          0           0
5    0          0          0          0           0
6    0          0          0          0.0913309   0.908669
7    0          0          0          0           0
8    0          0          0          0           0
9    0          0          0          0           0
10   0          0          0          0           0
11   0          0          0          0           0
12   0          0          0          0           0
13   0          0          0.839771   0           0.160229
14   0          0          0          0           0
15   0          0          0          0           0
16   0          0          0          0           0
18   0.505969   0          0          0.494031    0
19   0          0          0          0           0
21   0          0          0          0           0
22   0          0          0          0           0.346641

 [*,12,*]
:       1          2          3          4          5          6          7  :=
1    0         0           0          0          0          0          0
2    0         0           0          0          0.895043   0          0.104957
3    0         0           0          0          0          0          0
4    0         0           0          0          0          1          0
5    0         1           0          0          0          0          0
6    0         0           0          0          0          0          0
7    0         0           1          0          0          0          0
8    0         0           0          0          0          0          1
9    0         0.0409621   0          0.629197   0          0          0.32984
10   0         1           0          0          0          0          0
11   0         1           0          0          0          0          0
12   0         0           0          0          0          1          0
13   0         0           0          0          0          0          0
14   1         0           0          0          0          0          0
15   0.30602   0           0.144556   0          0          0          0.549424
16   0         0           0          0          1          0          0
18   0         0           0          0          0          0          0
19   1         0           0          0          0          0          0
21   0         0           0.544463   0          0          0.455537   0
22   0         0           0.348264   0          0.305096   0          0

:        8          9          10         11         13       :=
1    0           0.653826   0          0          0.346174
2    0           0          0          0          0
3    0           0          1          0          0
4    0           0          0          0          0
5    0           0          0          0          0
6    0           0          0          0          1
7    0           0          0          0          0
8    0           0          0          0          0
9    0           0          0          0          0
10   0           0          0          0          0
11   0           0          0          0          0
12   0           0          0          0          0
13   0           0          0.839771   0          0.160229
14   0           0          0          0          0
15   0           0          0          0          0
16   0           0          0          0          0
18   0.494031    0          0          0.505969   0
19   0           0          0          0          0
21   0           0          0          0          0
22   0.0728335   0          0          0          0.273807

 [*,13,*]
:       1          2          3          4          5          6          7  :=
1    0         0           0          0          0          0          0
2    0         0           0          0          0.895043   0          0.104957
3    0         0           0          0          0          0          0
4    0         0           0          0          0          1          0
5    0         1           0          0          0          0          0
6    0         0           0          0          0          0          0
7    0         0           1          0          0          0          0
8    0         0           0          0          0          0          1
9    0         0.0409621   0          0.629197   0          0          0.32984
10   0         1           0          0          0          0          0
11   0         1           0          0          0          0          0
12   0         0           0          0          0          1          0
13   0         0           0          0          0          0          0
14   1         0           0          0          0          0          0
15   0.30602   0           0.144556   0          0          0          0.549424
16   0         0           0          0          1          0          0
18   0         0           0          0          0          0          0
19   1         0           0          0          0          0          0
21   0         0           0.544463   0          0          0.455537   0
22   0         0           0.348264   0          0.305096   0          0

:       8          9          10         11         12        :=
1    0          0.653826   0          0          0.346174
2    0          0          0          0          0
3    0          0          0.649732   0          0.350268
4    0          0          0          0          0
5    0          0          0          0          0
6    0          0          0          0          1
7    0          0          0          0          0
8    0          0          0          0          0
9    0          0          0          0          0
10   0          0          0          0          0
11   0          0          0          0          0
12   0          0          0          0          0
13   0          0          1          0          0
14   0          0          0          0          0
15   0          0          0          0          0
16   0          0          0          0          0
18   0.449154   0          0          0.505969   0.0448771
19   0          0          0          0          0
21   0          0          0          0          0
22   0.346641   0          0          0          0
;

