K=7, W/V=3.6845824, B=2, time:0.875

ca [*] :=
1  4
2  3
;

fragment allocation x on node k:

1    2    3    4    5    6    7    
0 1 1 0 1 0 0 0 
1 1 0 0 1 0 0 0 
2 1 1 0 0 0 0 0 
3 1 1 0 0 0 0 0 
4 1 1 0 1 0 0 0 
5 1 1 0 0 0 0 0 
6 1 1 0 0 0 0 0 
7 0 0 0 0 0 0 0 
8 0 0 0 0 0 0 0 
9 1 1 0 1 0 0 0 
10 1 1 0 1 0 0 0 
11 0 0 0 0 0 0 0 
12 1 1 1 1 0 0 0 
13 1 1 1 1 0 0 0 
14 1 1 0 1 0 0 0 
15 0 0 0 0 0 0 0 
16 1 1 1 1 0 0 0 
17 1 1 1 0 0 0 0 
18 1 1 1 0 0 0 0 
19 1 1 1 1 0 0 0 
20 1 1 1 0 0 0 0 
21 1 1 0 0 0 0 0 
22 1 1 0 0 0 0 0 
23 1 1 1 1 1 1 1 
24 0 0 1 1 0 1 1 
25 0 0 1 1 0 0 0 
26 1 0 1 1 0 0 0 
27 0 1 1 1 0 0 0 
28 0 1 1 1 0 0 0 
29 0 0 0 0 1 0 1 
30 0 0 1 1 0 0 0 
31 1 1 0 1 0 0 0 
32 1 1 0 1 0 0 0 
33 1 1 0 0 0 0 0 
34 1 1 0 1 0 0 0 
35 0 0 0 0 0 0 0 
36 1 0 1 1 1 1 1 
37 1 1 1 1 1 1 1 
38 1 0 1 0 0 0 0 
39 0 0 0 0 0 1 1 
40 1 0 1 1 1 1 1 
41 1 0 1 0 0 0 0 
42 0 0 0 0 0 0 0 
43 0 0 0 0 1 0 1 
44 0 0 0 0 1 1 0 
45 1 0 1 1 1 1 1 
46 1 1 0 1 0 0 0 
47 1 0 1 1 0 0 0 
48 0 0 0 0 0 0 0 
49 1 1 0 1 1 1 1 
50 1 1 1 1 1 0 1 
51 1 1 1 1 1 0 1 
52 0 0 0 0 1 0 1 
53 0 0 1 1 1 0 1 
54 0 0 0 0 1 0 1 
55 1 1 1 0 1 0 1 
56 1 0 1 0 0 0 0 
57 1 0 1 0 0 0 0 
58 1 1 0 0 0 0 0 
59 1 1 1 0 0 0 0 

query feasibility y on node k:

1    2    3    4    5    6    7    
1 0 0 0 0 1 0 1 
2 1 1 0 0 0 0 0 
3 0 0 0 0 1 0 1 
4 1 0 1 0 0 0 0 
5 1 0 0 1 0 0 0 
6 1 1 0 0 1 0 1 
7 1 0 1 0 0 0 0 
8 1 0 0 1 0 0 0 
9 1 0 0 1 0 0 0 
10 0 0 1 1 0 0 0 
11 1 1 0 0 0 0 0 
12 1 0 1 0 0 0 0 
13 0 0 0 0 1 1 0 
14 1 1 0 0 0 0 0 
15 1 0 1 0 0 0 0 
16 1 1 0 0 0 0 0 
18 0 0 0 0 0 1 1 
19 1 1 0 0 0 0 0 
21 1 0 1 0 0 0 0 
22 0 1 0 1 0 0 0 

workload distribution ohne node failure:

1    2    3    4    5    6    7    
1 0.00000000 0.00000000 0.00000000 0.00000000 0.50785140 0.00000000 0.49214860 
2 0.25000000 0.75000000 0.00000000 0.00000000 0.00000000 0.00000000 0.00000000 
3 0.00000000 0.00000000 0.00000000 0.00000000 0.00000000 0.00000000 1.00000000 
4 1.00000000 0.00000000 0.00000000 0.00000000 0.00000000 0.00000000 0.00000000 
5 1.00000000 0.00000000 0.00000000 0.00000000 0.00000000 0.00000000 0.00000000 
6 0.00000000 0.94784580 0.00000000 0.00000000 0.00000000 0.00000000 0.05215420 
7 0.00000000 0.00000000 1.00000000 0.00000000 0.00000000 0.00000000 0.00000000 
8 0.00000000 0.00000000 0.00000000 1.00000000 0.00000000 0.00000000 0.00000000 
9 0.21848739 0.00000000 0.00000000 0.78151261 0.00000000 0.00000000 0.00000000 
10 0.00000000 0.00000000 0.00000000 1.00000000 0.00000000 0.00000000 0.00000000 
11 0.00000000 1.00000000 0.00000000 0.00000000 0.00000000 0.00000000 0.00000000 
12 0.00000000 0.00000000 1.00000000 0.00000000 0.00000000 0.00000000 0.00000000 
13 0.00000000 0.00000000 0.00000000 0.00000000 1.00000000 0.00000000 0.00000000 
14 0.06388330 0.93611670 0.00000000 0.00000000 0.00000000 0.00000000 0.00000000 
15 0.00000000 0.00000000 1.00000000 0.00000000 0.00000000 0.00000000 0.00000000 
16 1.00000000 0.00000000 0.00000000 0.00000000 0.00000000 0.00000000 0.00000000 
18 0.00000000 0.00000000 0.00000000 0.00000000 0.00000000 0.78304683 0.21695317 
19 0.00000000 1.00000000 0.00000000 0.00000000 0.00000000 0.00000000 0.00000000 
21 0.52887538 0.00000000 0.47112462 0.00000000 0.00000000 0.00000000 0.00000000 
22 0.00000000 1.00000000 0.00000000 0.00000000 0.00000000 0.00000000 0.00000000 

workload distribution if node 1 fails:

2    3    4    5    6    7    
1 0.00000000 0.00000000 0.00000000 0.50785140 0.00000000 0.49214860 
2 1.00000000 0.00000000 0.00000000 0.00000000 0.00000000 0.00000000 
3 0.00000000 0.00000000 0.00000000 0.00000000 0.00000000 1.00000000 
4 0.00000000 1.00000000 0.00000000 0.00000000 0.00000000 0.00000000 
5 0.00000000 0.00000000 1.00000000 0.00000000 0.00000000 0.00000000 
6 0.94784580 0.00000000 0.00000000 0.00000000 0.00000000 0.05215420 
7 0.00000000 1.00000000 0.00000000 0.00000000 0.00000000 0.00000000 
8 0.00000000 0.00000000 1.00000000 0.00000000 0.00000000 0.00000000 
9 0.00000000 0.00000000 1.00000000 0.00000000 0.00000000 0.00000000 
10 0.00000000 0.05569728 0.94430272 0.00000000 0.00000000 0.00000000 
11 1.00000000 0.00000000 0.00000000 0.00000000 0.00000000 0.00000000 
12 0.00000000 1.00000000 0.00000000 0.00000000 0.00000000 0.00000000 
13 0.00000000 0.00000000 0.00000000 1.00000000 0.00000000 0.00000000 
14 1.00000000 0.00000000 0.00000000 0.00000000 0.00000000 0.00000000 
15 0.00000000 1.00000000 0.00000000 0.00000000 0.00000000 0.00000000 
16 1.00000000 0.00000000 0.00000000 0.00000000 0.00000000 0.00000000 
18 0.00000000 0.00000000 0.00000000 0.00000000 0.78304683 0.21695317 
19 1.00000000 0.00000000 0.00000000 0.00000000 0.00000000 0.00000000 
21 0.00000000 1.00000000 0.00000000 0.00000000 0.00000000 0.00000000 
22 0.88004822 0.00000000 0.11995178 0.00000000 0.00000000 0.00000000 

workload distribution if node 2 fails:

1    3    4    5    6    7    
1 0.00000000 0.00000000 0.00000000 0.50785140 0.00000000 0.49214860 
2 1.00000000 0.00000000 0.00000000 0.00000000 0.00000000 0.00000000 
3 0.00000000 0.00000000 0.00000000 0.00000000 0.00000000 1.00000000 
4 0.00000000 1.00000000 0.00000000 0.00000000 0.00000000 0.00000000 
5 0.00000000 0.00000000 1.00000000 0.00000000 0.00000000 0.00000000 
6 0.94784580 0.00000000 0.00000000 0.00000000 0.00000000 0.05215420 
7 0.00000000 1.00000000 0.00000000 0.00000000 0.00000000 0.00000000 
8 0.00000000 0.00000000 1.00000000 0.00000000 0.00000000 0.00000000 
9 0.00000000 0.00000000 1.00000000 0.00000000 0.00000000 0.00000000 
10 0.00000000 0.67644558 0.32355442 0.00000000 0.00000000 0.00000000 
11 1.00000000 0.00000000 0.00000000 0.00000000 0.00000000 0.00000000 
12 0.00000000 1.00000000 0.00000000 0.00000000 0.00000000 0.00000000 
13 0.00000000 0.00000000 0.00000000 1.00000000 0.00000000 0.00000000 
14 1.00000000 0.00000000 0.00000000 0.00000000 0.00000000 0.00000000 
15 0.50379572 0.49620428 0.00000000 0.00000000 0.00000000 0.00000000 
16 1.00000000 0.00000000 0.00000000 0.00000000 0.00000000 0.00000000 
18 0.00000000 0.00000000 0.00000000 0.00000000 0.78304683 0.21695317 
19 1.00000000 0.00000000 0.00000000 0.00000000 0.00000000 0.00000000 
21 0.00000000 1.00000000 0.00000000 0.00000000 0.00000000 0.00000000 
22 0.00000000 0.00000000 1.00000000 0.00000000 0.00000000 0.00000000 

workload distribution if node 3 fails:

1    2    4    5    6    7    
1 0.00000000 0.00000000 0.00000000 0.50785140 0.00000000 0.49214860 
2 0.00000000 1.00000000 0.00000000 0.00000000 0.00000000 0.00000000 
3 0.00000000 0.00000000 0.00000000 0.00000000 0.00000000 1.00000000 
4 1.00000000 0.00000000 0.00000000 0.00000000 0.00000000 0.00000000 
5 0.00000000 0.00000000 1.00000000 0.00000000 0.00000000 0.00000000 
6 0.00000000 0.94784580 0.00000000 0.00000000 0.00000000 0.05215420 
7 1.00000000 0.00000000 0.00000000 0.00000000 0.00000000 0.00000000 
8 0.00000000 0.00000000 1.00000000 0.00000000 0.00000000 0.00000000 
9 0.01931299 0.00000000 0.98068701 0.00000000 0.00000000 0.00000000 
10 0.00000000 0.00000000 1.00000000 0.00000000 0.00000000 0.00000000 
11 0.00000000 1.00000000 0.00000000 0.00000000 0.00000000 0.00000000 
12 1.00000000 0.00000000 0.00000000 0.00000000 0.00000000 0.00000000 
13 0.00000000 0.00000000 0.00000000 1.00000000 0.00000000 0.00000000 
14 0.00000000 1.00000000 0.00000000 0.00000000 0.00000000 0.00000000 
15 1.00000000 0.00000000 0.00000000 0.00000000 0.00000000 0.00000000 
16 0.00000000 1.00000000 0.00000000 0.00000000 0.00000000 0.00000000 
18 0.00000000 0.00000000 0.00000000 0.00000000 0.78304683 0.21695317 
19 0.00000000 1.00000000 0.00000000 0.00000000 0.00000000 0.00000000 
21 1.00000000 0.00000000 0.00000000 0.00000000 0.00000000 0.00000000 
22 0.00000000 0.88004822 0.11995178 0.00000000 0.00000000 0.00000000 

workload distribution if node 4 fails:

1    2    3    5    6    7    
1 0.00000000 0.00000000 0.00000000 0.50785140 0.00000000 0.49214860 
2 0.00000000 1.00000000 0.00000000 0.00000000 0.00000000 0.00000000 
3 0.00000000 0.00000000 0.00000000 0.00000000 0.00000000 1.00000000 
4 0.00000000 0.00000000 1.00000000 0.00000000 0.00000000 0.00000000 
5 1.00000000 0.00000000 0.00000000 0.00000000 0.00000000 0.00000000 
6 0.00000000 0.94784580 0.00000000 0.00000000 0.00000000 0.05215420 
7 1.00000000 0.00000000 0.00000000 0.00000000 0.00000000 0.00000000 
8 1.00000000 0.00000000 0.00000000 0.00000000 0.00000000 0.00000000 
9 1.00000000 0.00000000 0.00000000 0.00000000 0.00000000 0.00000000 
10 0.00000000 0.00000000 1.00000000 0.00000000 0.00000000 0.00000000 
11 0.00000000 1.00000000 0.00000000 0.00000000 0.00000000 0.00000000 
12 0.00000000 0.00000000 1.00000000 0.00000000 0.00000000 0.00000000 
13 0.00000000 0.00000000 0.00000000 1.00000000 0.00000000 0.00000000 
14 0.00000000 1.00000000 0.00000000 0.00000000 0.00000000 0.00000000 
15 0.19392685 0.00000000 0.80607315 0.00000000 0.00000000 0.00000000 
16 0.00000000 1.00000000 0.00000000 0.00000000 0.00000000 0.00000000 
18 0.00000000 0.00000000 0.00000000 0.00000000 0.78304683 0.21695317 
19 0.10529101 0.89470899 0.00000000 0.00000000 0.00000000 0.00000000 
21 0.00000000 0.00000000 1.00000000 0.00000000 0.00000000 0.00000000 
22 0.00000000 1.00000000 0.00000000 0.00000000 0.00000000 0.00000000 

workload distribution if node 5 fails:

1    2    3    4    6    7    
1 0.00000000 0.00000000 0.00000000 0.00000000 0.00000000 1.00000000 
2 0.25000000 0.75000000 0.00000000 0.00000000 0.00000000 0.00000000 
3 0.00000000 0.00000000 0.00000000 0.00000000 0.00000000 1.00000000 
4 1.00000000 0.00000000 0.00000000 0.00000000 0.00000000 0.00000000 
5 1.00000000 0.00000000 0.00000000 0.00000000 0.00000000 0.00000000 
6 0.00000000 0.94784580 0.00000000 0.00000000 0.00000000 0.05215420 
7 0.00000000 0.00000000 1.00000000 0.00000000 0.00000000 0.00000000 
8 0.00000000 0.00000000 0.00000000 1.00000000 0.00000000 0.00000000 
9 0.21848739 0.00000000 0.00000000 0.78151261 0.00000000 0.00000000 
10 0.00000000 0.00000000 0.00000000 1.00000000 0.00000000 0.00000000 
11 0.00000000 1.00000000 0.00000000 0.00000000 0.00000000 0.00000000 
12 0.00000000 0.00000000 1.00000000 0.00000000 0.00000000 0.00000000 
13 0.00000000 0.00000000 0.00000000 0.00000000 1.00000000 0.00000000 
14 0.06388330 0.93611670 0.00000000 0.00000000 0.00000000 0.00000000 
15 0.00000000 0.00000000 1.00000000 0.00000000 0.00000000 0.00000000 
16 1.00000000 0.00000000 0.00000000 0.00000000 0.00000000 0.00000000 
18 0.00000000 0.00000000 0.00000000 0.00000000 0.78452875 0.21547125 
19 0.00000000 1.00000000 0.00000000 0.00000000 0.00000000 0.00000000 
21 0.52887538 0.00000000 0.47112462 0.00000000 0.00000000 0.00000000 
22 0.00000000 1.00000000 0.00000000 0.00000000 0.00000000 0.00000000 

workload distribution if node 6 fails:

1    2    3    4    5    7    
1 0.00000000 0.00000000 0.00000000 0.00000000 0.77441593 0.22558407 
2 0.25000000 0.75000000 0.00000000 0.00000000 0.00000000 0.00000000 
3 0.00000000 0.00000000 0.00000000 0.00000000 1.00000000 0.00000000 
4 1.00000000 0.00000000 0.00000000 0.00000000 0.00000000 0.00000000 
5 1.00000000 0.00000000 0.00000000 0.00000000 0.00000000 0.00000000 
6 0.00000000 0.94784580 0.00000000 0.00000000 0.05215420 0.00000000 
7 0.00000000 0.00000000 1.00000000 0.00000000 0.00000000 0.00000000 
8 0.00000000 0.00000000 0.00000000 1.00000000 0.00000000 0.00000000 
9 0.21848739 0.00000000 0.00000000 0.78151261 0.00000000 0.00000000 
10 0.00000000 0.00000000 0.00000000 1.00000000 0.00000000 0.00000000 
11 0.00000000 1.00000000 0.00000000 0.00000000 0.00000000 0.00000000 
12 0.00000000 0.00000000 1.00000000 0.00000000 0.00000000 0.00000000 
13 0.00000000 0.00000000 0.00000000 0.00000000 1.00000000 0.00000000 
14 0.06388330 0.93611670 0.00000000 0.00000000 0.00000000 0.00000000 
15 0.00000000 0.00000000 1.00000000 0.00000000 0.00000000 0.00000000 
16 1.00000000 0.00000000 0.00000000 0.00000000 0.00000000 0.00000000 
18 0.00000000 0.00000000 0.00000000 0.00000000 0.00000000 1.00000000 
19 0.00000000 1.00000000 0.00000000 0.00000000 0.00000000 0.00000000 
21 0.52887538 0.00000000 0.47112462 0.00000000 0.00000000 0.00000000 
22 0.00000000 1.00000000 0.00000000 0.00000000 0.00000000 0.00000000 

workload distribution if node 7 fails:

1    2    3    4    5    6    
1 0.00000000 0.00000000 0.00000000 0.00000000 1.00000000 0.00000000 
2 0.25000000 0.75000000 0.00000000 0.00000000 0.00000000 0.00000000 
3 0.00000000 0.00000000 0.00000000 0.00000000 1.00000000 0.00000000 
4 1.00000000 0.00000000 0.00000000 0.00000000 0.00000000 0.00000000 
5 1.00000000 0.00000000 0.00000000 0.00000000 0.00000000 0.00000000 
6 0.00000000 0.94784580 0.00000000 0.00000000 0.05215420 0.00000000 
7 0.00000000 0.00000000 1.00000000 0.00000000 0.00000000 0.00000000 
8 0.00000000 0.00000000 0.00000000 1.00000000 0.00000000 0.00000000 
9 0.21848739 0.00000000 0.00000000 0.78151261 0.00000000 0.00000000 
10 0.00000000 0.00000000 0.00000000 1.00000000 0.00000000 0.00000000 
11 0.00000000 1.00000000 0.00000000 0.00000000 0.00000000 0.00000000 
12 0.00000000 0.00000000 1.00000000 0.00000000 0.00000000 0.00000000 
13 0.00000000 0.00000000 0.00000000 0.00000000 0.55243161 0.44756839 
14 0.06388330 0.93611670 0.00000000 0.00000000 0.00000000 0.00000000 
15 0.00000000 0.00000000 1.00000000 0.00000000 0.00000000 0.00000000 
16 1.00000000 0.00000000 0.00000000 0.00000000 0.00000000 0.00000000 
18 0.00000000 0.00000000 0.00000000 0.00000000 0.00000000 1.00000000 
19 0.00000000 1.00000000 0.00000000 0.00000000 0.00000000 0.00000000 
21 0.52887538 0.00000000 0.47112462 0.00000000 0.00000000 0.00000000 
22 0.00000000 1.00000000 0.00000000 0.00000000 0.00000000 0.00000000 



zz_test [*] :=
 1  1
 2  1
 3  1
 4  1
 5  1
 6  1
 7  1
 8  1
 9  1
10  1
11  1
12  1
13  1
14  1
15  1
16  1
18  1
19  1
21  1
22  1
;

K_test [*] :=
1  0.142857
2  0.142857
3  0.142857
4  0.142857
5  0.142857
6  0.142857
7  0.142857
;

zz2_test [*,*]
:    1   2   3   4   5   6   7    :=
1    1   1   1   1   1   1   1
2    1   1   1   1   1   1   1
3    1   1   1   1   1   1   1
4    1   1   1   1   1   1   1
5    1   1   1   1   1   1   1
6    1   1   1   1   1   1   1
7    1   1   1   1   1   1   1
8    1   1   1   1   1   1   1
9    1   1   1   1   1   1   1
10   1   1   1   1   1   1   1
11   1   1   1   1   1   1   1
12   1   1   1   1   1   1   1
13   1   1   1   1   1   1   1
14   1   1   1   1   1   1   1
15   1   1   1   1   1   1   1
16   1   1   1   1   1   1   1
18   1   1   1   1   1   1   1
19   1   1   1   1   1   1   1
21   1   1   1   1   1   1   1
22   1   1   1   1   1   1   1
;

K2_test [*,*]
:      1          2          3          4          5          6          7   :=
1    .         0.190476   0.190476   0.190476   0.142857   0.142857   0.142857
2   0.190476    .         0.190476   0.190476   0.142857   0.142857   0.142857
3   0.190476   0.190476    .         0.190476   0.142857   0.142857   0.142857
4   0.190476   0.190476   0.190476    .         0.142857   0.142857   0.142857
5   0.142857   0.142857   0.142857   0.142857    .         0.214286   0.214286
6   0.142857   0.142857   0.142857   0.142857   0.214286    .         0.214286
7   0.142857   0.142857   0.142857   0.142857   0.214286   0.214286    .
;

zz2 [*,1,*]
:       2           3          4          5          6           7        :=
1    0          0           0          0.507851   0          0.492149
2    1          0           0          0          0          0
3    0          0           0          0          0          1
4    0          1           0          0          0          0
5    0          0           1          0          0          0
6    0.947846   0           0          0          0          0.0521542
7    0          1           0          0          0          0
8    0          0           1          0          0          0
9    0          0           1          0          0          0
10   0          0.0556973   0.944303   0          0          0
11   1          0           0          0          0          0
12   0          1           0          0          0          0
13   0          0           0          1          0          0
14   1          0           0          0          0          0
15   0          1           0          0          0          0
16   1          0           0          0          0          0
18   0          0           0          0          0.783047   0.216953
19   1          0           0          0          0          0
21   0          1           0          0          0          0
22   0.880048   0           0.119952   0          0          0

 [*,2,*]
:       1          3          4          5          6           7        :=
1    0          0          0          0.507851   0          0.492149
2    1          0          0          0          0          0
3    0          0          0          0          0          1
4    0          1          0          0          0          0
5    0          0          1          0          0          0
6    0.947846   0          0          0          0          0.0521542
7    0          1          0          0          0          0
8    0          0          1          0          0          0
9    0          0          1          0          0          0
10   0          0.676446   0.323554   0          0          0
11   1          0          0          0          0          0
12   0          1          0          0          0          0
13   0          0          0          1          0          0
14   1          0          0          0          0          0
15   0.503796   0.496204   0          0          0          0
16   1          0          0          0          0          0
18   0          0          0          0          0.783047   0.216953
19   1          0          0          0          0          0
21   0          1          0          0          0          0
22   0          0          1          0          0          0

 [*,3,*]
:       1          2          4          5          6           7        :=
1    0          0          0          0.507851   0          0.492149
2    0          1          0          0          0          0
3    0          0          0          0          0          1
4    1          0          0          0          0          0
5    0          0          1          0          0          0
6    0          0.947846   0          0          0          0.0521542
7    1          0          0          0          0          0
8    0          0          1          0          0          0
9    0.019313   0          0.980687   0          0          0
10   0          0          1          0          0          0
11   0          1          0          0          0          0
12   1          0          0          0          0          0
13   0          0          0          1          0          0
14   0          1          0          0          0          0
15   1          0          0          0          0          0
16   0          1          0          0          0          0
18   0          0          0          0          0.783047   0.216953
19   0          1          0          0          0          0
21   1          0          0          0          0          0
22   0          0.880048   0.119952   0          0          0

 [*,4,*]
:       1          2          3          5          6           7        :=
1    0          0          0          0.507851   0          0.492149
2    0          1          0          0          0          0
3    0          0          0          0          0          1
4    0          0          1          0          0          0
5    1          0          0          0          0          0
6    0          0.947846   0          0          0          0.0521542
7    1          0          0          0          0          0
8    1          0          0          0          0          0
9    1          0          0          0          0          0
10   0          0          1          0          0          0
11   0          1          0          0          0          0
12   0          0          1          0          0          0
13   0          0          0          1          0          0
14   0          1          0          0          0          0
15   0.193927   0          0.806073   0          0          0
16   0          1          0          0          0          0
18   0          0          0          0          0.783047   0.216953
19   0.105291   0.894709   0          0          0          0
21   0          0          1          0          0          0
22   0          1          0          0          0          0

 [*,5,*]
:        1          2          3          4          6           7        :=
1    0           0          0          0          0          1
2    0.25        0.75       0          0          0          0
3    0           0          0          0          0          1
4    1           0          0          0          0          0
5    1           0          0          0          0          0
6    0           0.947846   0          0          0          0.0521542
7    0           0          1          0          0          0
8    0           0          0          1          0          0
9    0.218487    0          0          0.781513   0          0
10   0           0          0          1          0          0
11   0           1          0          0          0          0
12   0           0          1          0          0          0
13   0           0          0          0          1          0
14   0.0638833   0.936117   0          0          0          0
15   0           0          1          0          0          0
16   1           0          0          0          0          0
18   0           0          0          0          0.784529   0.215471
19   0           1          0          0          0          0
21   0.528875    0          0.471125   0          0          0
22   0           1          0          0          0          0

 [*,6,*]
:        1          2          3          4           5          7        :=
1    0           0          0          0          0.774416    0.225584
2    0.25        0.75       0          0          0           0
3    0           0          0          0          1           0
4    1           0          0          0          0           0
5    1           0          0          0          0           0
6    0           0.947846   0          0          0.0521542   0
7    0           0          1          0          0           0
8    0           0          0          1          0           0
9    0.218487    0          0          0.781513   0           0
10   0           0          0          1          0           0
11   0           1          0          0          0           0
12   0           0          1          0          0           0
13   0           0          0          0          1           0
14   0.0638833   0.936117   0          0          0           0
15   0           0          1          0          0           0
16   1           0          0          0          0           0
18   0           0          0          0          0           1
19   0           1          0          0          0           0
21   0.528875    0          0.471125   0          0           0
22   0           1          0          0          0           0

 [*,7,*]
:        1          2          3          4           5          6        :=
1    0           0          0          0          1           0
2    0.25        0.75       0          0          0           0
3    0           0          0          0          1           0
4    1           0          0          0          0           0
5    1           0          0          0          0           0
6    0           0.947846   0          0          0.0521542   0
7    0           0          1          0          0           0
8    0           0          0          1          0           0
9    0.218487    0          0          0.781513   0           0
10   0           0          0          1          0           0
11   0           1          0          0          0           0
12   0           0          1          0          0           0
13   0           0          0          0          0.552432    0.447568
14   0.0638833   0.936117   0          0          0           0
15   0           0          1          0          0           0
16   1           0          0          0          0           0
18   0           0          0          0          0           1
19   0           1          0          0          0           0
21   0.528875    0          0.471125   0          0           0
22   0           1          0          0          0           0
;

