K=12, W/V=5.0342953, B=2, time:14.172

ca [*] :=
1  6
2  6
;

fragment allocation x on node k:

1    2    3    4    5    6    7    8    9    10    11    12    
0 1 1 0 1 1 1 0 0 0 0 0 0 
1 1 0 0 0 1 1 0 0 0 0 0 0 
2 1 1 0 0 0 0 0 0 0 0 0 0 
3 1 1 0 1 0 0 0 0 0 0 0 0 
4 1 1 0 1 0 1 0 0 0 0 0 0 
5 1 1 0 1 0 0 0 0 0 0 0 0 
6 1 0 0 1 0 0 0 0 0 0 0 0 
7 0 0 0 0 0 0 0 0 0 0 0 0 
8 0 0 0 0 0 0 0 0 0 0 0 0 
9 1 1 0 0 0 1 0 0 0 0 0 0 
10 1 1 0 0 0 1 0 0 0 0 0 0 
11 0 0 0 0 0 0 0 0 0 0 0 0 
12 1 1 1 0 1 1 0 0 0 0 1 1 
13 1 1 1 0 1 1 0 0 0 0 1 1 
14 1 1 0 0 0 1 0 0 0 0 0 0 
15 0 0 0 0 0 0 0 0 0 0 0 0 
16 1 1 1 1 1 1 0 0 0 0 0 0 
17 1 1 1 1 1 0 0 0 0 0 0 0 
18 1 1 0 1 0 0 0 0 0 0 0 0 
19 1 1 1 0 1 1 0 0 0 0 0 0 
20 1 1 0 1 0 0 0 0 0 0 0 0 
21 1 1 0 0 0 0 0 0 0 0 0 0 
22 1 1 0 0 0 0 0 0 0 0 0 0 
23 1 1 0 0 0 1 1 0 1 1 1 1 
24 0 1 0 0 0 1 0 0 1 1 1 1 
25 0 0 0 0 0 0 0 0 0 0 1 1 
26 1 0 0 0 0 1 0 0 0 0 1 1 
27 0 0 0 0 0 0 1 0 0 0 1 1 
28 0 0 0 0 0 0 1 0 0 0 1 1 
29 0 0 0 0 0 0 0 0 0 1 0 1 
30 0 0 0 0 0 0 0 0 0 0 1 1 
31 1 1 0 0 1 1 0 0 0 0 0 0 
32 1 1 0 0 1 1 0 0 0 0 0 0 
33 0 1 0 0 1 0 0 0 0 0 0 0 
34 1 1 0 0 1 1 0 0 0 0 0 0 
35 0 0 0 0 0 0 0 0 0 0 0 0 
36 1 1 1 0 1 1 1 0 1 1 1 1 
37 1 1 0 0 0 1 1 0 1 1 1 1 
38 0 0 1 0 1 0 0 0 0 0 0 0 
39 0 1 0 0 0 1 0 0 1 1 1 0 
40 1 1 1 0 1 1 0 0 1 1 1 1 
41 1 0 1 0 0 0 0 0 0 0 0 0 
42 0 0 0 0 0 0 0 0 0 0 0 0 
43 0 0 0 0 0 0 0 0 0 1 0 1 
44 0 0 0 0 0 0 1 0 0 0 1 0 
45 1 1 1 0 1 1 0 0 1 1 1 1 
46 1 0 0 1 1 1 0 0 0 0 0 0 
47 1 0 1 1 1 1 0 0 0 0 0 0 
48 0 0 0 0 0 0 0 0 0 0 0 0 
49 1 1 0 1 1 1 0 1 1 1 1 1 
50 1 0 0 1 1 1 0 1 0 1 1 1 
51 1 0 0 1 1 1 0 1 0 1 1 1 
52 0 0 0 0 0 0 0 1 0 1 0 1 
53 0 0 0 0 0 0 0 1 0 1 1 1 
54 0 0 0 0 0 0 0 1 0 1 0 1 
55 1 0 1 1 0 1 0 1 0 1 0 1 
56 1 0 1 0 1 0 0 0 0 0 0 0 
57 1 0 1 0 1 0 0 0 0 0 0 0 
58 1 0 0 1 0 0 0 0 0 0 0 0 
59 1 0 1 1 0 0 0 0 0 0 0 0 

query feasibility y on node k:

1    2    3    4    5    6    7    8    9    10    11    12    
1 0 0 0 0 0 0 0 1 0 1 0 1 
2 1 1 0 0 0 0 0 0 0 0 0 0 
3 0 0 0 0 0 0 0 0 0 1 0 1 
4 1 0 1 0 0 0 0 0 0 0 0 0 
5 1 0 0 0 0 1 0 0 0 0 0 0 
6 0 0 0 0 0 0 0 1 0 1 0 1 
7 1 0 0 0 0 1 0 0 0 0 0 0 
8 1 0 0 0 0 1 0 0 0 0 0 0 
9 1 0 0 0 1 1 0 0 0 0 0 0 
10 0 0 0 0 0 0 0 0 0 0 1 1 
11 0 1 0 0 1 0 0 0 0 0 0 0 
12 1 0 1 0 0 0 0 0 0 0 0 0 
13 0 0 0 0 0 0 1 0 0 0 1 0 
14 1 0 0 1 0 1 0 0 0 0 0 0 
15 1 0 0 1 0 0 0 0 0 0 0 0 
16 1 1 0 0 0 0 0 0 0 0 0 0 
18 0 1 0 0 0 1 0 0 1 1 1 0 
19 1 0 0 1 0 0 0 0 0 0 0 0 
21 0 0 1 0 1 0 0 0 0 0 0 0 
22 0 0 0 0 0 0 1 0 0 0 0 1 

workload distribution ohne node failure:

1    2    3    4    5    6    7    8    9    10    11    12    
1 0.00000000 0.00000000 0.00000000 0.00000000 0.00000000 0.00000000 0.00000000 0.59025916 0.00000000 0.11974978 0.00000000 0.28999106 
2 0.00000000 1.00000000 0.00000000 0.00000000 0.00000000 0.00000000 0.00000000 0.00000000 0.00000000 0.00000000 0.00000000 0.00000000 
3 0.00000000 0.00000000 0.00000000 0.00000000 0.00000000 0.00000000 0.00000000 0.00000000 0.00000000 1.00000000 0.00000000 0.00000000 
4 0.00000000 0.00000000 1.00000000 0.00000000 0.00000000 0.00000000 0.00000000 0.00000000 0.00000000 0.00000000 0.00000000 0.00000000 
5 1.00000000 0.00000000 0.00000000 0.00000000 0.00000000 0.00000000 0.00000000 0.00000000 0.00000000 0.00000000 0.00000000 0.00000000 
6 0.00000000 0.00000000 0.00000000 0.00000000 0.00000000 0.00000000 0.00000000 0.00000000 0.00000000 1.00000000 0.00000000 0.00000000 
7 0.00000000 0.00000000 0.00000000 0.00000000 0.00000000 1.00000000 0.00000000 0.00000000 0.00000000 0.00000000 0.00000000 0.00000000 
8 1.00000000 0.00000000 0.00000000 0.00000000 0.00000000 0.00000000 0.00000000 0.00000000 0.00000000 0.00000000 0.00000000 0.00000000 
9 0.23632611 0.00000000 0.00000000 0.00000000 0.49638803 0.26728586 0.00000000 0.00000000 0.00000000 0.00000000 0.00000000 0.00000000 
10 0.00000000 0.00000000 0.00000000 0.00000000 0.00000000 0.00000000 0.00000000 0.00000000 0.00000000 0.00000000 0.00000000 1.00000000 
11 0.00000000 1.00000000 0.00000000 0.00000000 0.00000000 0.00000000 0.00000000 0.00000000 0.00000000 0.00000000 0.00000000 0.00000000 
12 0.00000000 0.00000000 1.00000000 0.00000000 0.00000000 0.00000000 0.00000000 0.00000000 0.00000000 0.00000000 0.00000000 0.00000000 
13 0.00000000 0.00000000 0.00000000 0.00000000 0.00000000 0.00000000 0.75088652 0.00000000 0.00000000 0.00000000 0.24911348 0.00000000 
14 0.49014085 0.00000000 0.00000000 0.50985915 0.00000000 0.00000000 0.00000000 0.00000000 0.00000000 0.00000000 0.00000000 0.00000000 
15 0.31908213 0.00000000 0.00000000 0.68091787 0.00000000 0.00000000 0.00000000 0.00000000 0.00000000 0.00000000 0.00000000 0.00000000 
16 0.00000000 1.00000000 0.00000000 0.00000000 0.00000000 0.00000000 0.00000000 0.00000000 0.00000000 0.00000000 0.00000000 0.00000000 
18 0.00000000 0.01486860 0.00000000 0.00000000 0.00000000 0.11376210 0.00000000 0.00000000 0.45677732 0.05497925 0.35961272 0.00000000 
19 0.00000000 0.00000000 0.00000000 1.00000000 0.00000000 0.00000000 0.00000000 0.00000000 0.00000000 0.00000000 0.00000000 0.00000000 
21 0.00000000 0.00000000 0.57565012 0.00000000 0.42434988 0.00000000 0.00000000 0.00000000 0.00000000 0.00000000 0.00000000 0.00000000 
22 0.00000000 0.00000000 0.00000000 0.00000000 0.00000000 0.00000000 1.00000000 0.00000000 0.00000000 0.00000000 0.00000000 0.00000000 

workload distribution if node 1 fails:

2    3    4    5    6    7    8    9    10    11    12    
1 0.00000000 0.00000000 0.00000000 0.00000000 0.00000000 0.00000000 0.59025916 0.00000000 0.11974978 0.00000000 0.28999106 
2 1.00000000 0.00000000 0.00000000 0.00000000 0.00000000 0.00000000 0.00000000 0.00000000 0.00000000 0.00000000 0.00000000 
3 0.00000000 0.00000000 0.00000000 0.00000000 0.00000000 0.00000000 0.00000000 0.00000000 1.00000000 0.00000000 0.00000000 
4 0.00000000 1.00000000 0.00000000 0.00000000 0.00000000 0.00000000 0.00000000 0.00000000 0.00000000 0.00000000 0.00000000 
5 0.00000000 0.00000000 0.00000000 0.00000000 1.00000000 0.00000000 0.00000000 0.00000000 0.00000000 0.00000000 0.00000000 
6 0.00000000 0.00000000 0.00000000 0.00000000 0.00000000 0.00000000 0.00000000 0.00000000 1.00000000 0.00000000 0.00000000 
7 0.00000000 0.00000000 0.00000000 0.00000000 1.00000000 0.00000000 0.00000000 0.00000000 0.00000000 0.00000000 0.00000000 
8 0.00000000 0.00000000 0.00000000 0.00000000 1.00000000 0.00000000 0.00000000 0.00000000 0.00000000 0.00000000 0.00000000 
9 0.00000000 0.00000000 0.00000000 0.76904025 0.23095975 0.00000000 0.00000000 0.00000000 0.00000000 0.00000000 0.00000000 
10 0.00000000 0.00000000 0.00000000 0.00000000 0.00000000 0.00000000 0.00000000 0.00000000 0.00000000 0.00000000 1.00000000 
11 1.00000000 0.00000000 0.00000000 0.00000000 0.00000000 0.00000000 0.00000000 0.00000000 0.00000000 0.00000000 0.00000000 
12 0.00000000 1.00000000 0.00000000 0.00000000 0.00000000 0.00000000 0.00000000 0.00000000 0.00000000 0.00000000 0.00000000 
13 0.00000000 0.00000000 0.00000000 0.00000000 0.00000000 0.75088652 0.00000000 0.00000000 0.00000000 0.24911348 0.00000000 
14 0.00000000 0.00000000 0.50985915 0.00000000 0.49014085 0.00000000 0.00000000 0.00000000 0.00000000 0.00000000 0.00000000 
15 0.00000000 0.00000000 1.00000000 0.00000000 0.00000000 0.00000000 0.00000000 0.00000000 0.00000000 0.00000000 0.00000000 
16 1.00000000 0.00000000 0.00000000 0.00000000 0.00000000 0.00000000 0.00000000 0.00000000 0.00000000 0.00000000 0.00000000 
18 0.10622407 0.00000000 0.00000000 0.00000000 0.02240664 0.00000000 0.00000000 0.45677732 0.05497925 0.35961272 0.00000000 
19 0.00000000 0.00000000 1.00000000 0.00000000 0.00000000 0.00000000 0.00000000 0.00000000 0.00000000 0.00000000 0.00000000 
21 0.00000000 0.88794326 0.00000000 0.11205674 0.00000000 0.00000000 0.00000000 0.00000000 0.00000000 0.00000000 0.00000000 
22 0.00000000 0.00000000 0.00000000 0.00000000 0.00000000 1.00000000 0.00000000 0.00000000 0.00000000 0.00000000 0.00000000 

workload distribution if node 2 fails:

1    3    4    5    6    7    8    9    10    11    12    
1 0.00000000 0.00000000 0.00000000 0.00000000 0.00000000 0.00000000 0.59025916 0.00000000 0.11974978 0.00000000 0.28999106 
2 1.00000000 0.00000000 0.00000000 0.00000000 0.00000000 0.00000000 0.00000000 0.00000000 0.00000000 0.00000000 0.00000000 
3 0.00000000 0.00000000 0.00000000 0.00000000 0.00000000 0.00000000 0.00000000 0.00000000 1.00000000 0.00000000 0.00000000 
4 0.00000000 1.00000000 0.00000000 0.00000000 0.00000000 0.00000000 0.00000000 0.00000000 0.00000000 0.00000000 0.00000000 
5 0.00000000 0.00000000 0.00000000 0.00000000 1.00000000 0.00000000 0.00000000 0.00000000 0.00000000 0.00000000 0.00000000 
6 0.00000000 0.00000000 0.00000000 0.00000000 0.00000000 0.00000000 0.00000000 0.00000000 1.00000000 0.00000000 0.00000000 
7 0.53670886 0.00000000 0.00000000 0.00000000 0.46329114 0.00000000 0.00000000 0.00000000 0.00000000 0.00000000 0.00000000 
8 0.00000000 0.00000000 0.00000000 0.00000000 1.00000000 0.00000000 0.00000000 0.00000000 0.00000000 0.00000000 0.00000000 
9 0.00000000 0.00000000 0.00000000 0.68854489 0.31145511 0.00000000 0.00000000 0.00000000 0.00000000 0.00000000 0.00000000 
10 0.00000000 0.00000000 0.00000000 0.00000000 0.00000000 0.00000000 0.00000000 0.00000000 0.00000000 0.00000000 1.00000000 
11 0.00000000 0.00000000 0.00000000 1.00000000 0.00000000 0.00000000 0.00000000 0.00000000 0.00000000 0.00000000 0.00000000 
12 0.00000000 1.00000000 0.00000000 0.00000000 0.00000000 0.00000000 0.00000000 0.00000000 0.00000000 0.00000000 0.00000000 
13 0.00000000 0.00000000 0.00000000 0.00000000 0.00000000 0.75088652 0.00000000 0.00000000 0.00000000 0.24911348 0.00000000 
14 0.49014085 0.00000000 0.50985915 0.00000000 0.00000000 0.00000000 0.00000000 0.00000000 0.00000000 0.00000000 0.00000000 
15 0.00000000 0.00000000 1.00000000 0.00000000 0.00000000 0.00000000 0.00000000 0.00000000 0.00000000 0.00000000 0.00000000 
16 1.00000000 0.00000000 0.00000000 0.00000000 0.00000000 0.00000000 0.00000000 0.00000000 0.00000000 0.00000000 0.00000000 
18 0.00000000 0.00000000 0.00000000 0.00000000 0.12863071 0.00000000 0.00000000 0.45677732 0.05497925 0.35961272 0.00000000 
19 0.00000000 0.00000000 1.00000000 0.00000000 0.00000000 0.00000000 0.00000000 0.00000000 0.00000000 0.00000000 0.00000000 
21 0.00000000 0.88794326 0.00000000 0.11205674 0.00000000 0.00000000 0.00000000 0.00000000 0.00000000 0.00000000 0.00000000 
22 0.00000000 0.00000000 0.00000000 0.00000000 0.00000000 1.00000000 0.00000000 0.00000000 0.00000000 0.00000000 0.00000000 

workload distribution if node 3 fails:

1    2    4    5    6    7    8    9    10    11    12    
1 0.00000000 0.00000000 0.00000000 0.00000000 0.00000000 0.00000000 0.59025916 0.00000000 0.11974978 0.00000000 0.28999106 
2 0.00000000 1.00000000 0.00000000 0.00000000 0.00000000 0.00000000 0.00000000 0.00000000 0.00000000 0.00000000 0.00000000 
3 0.00000000 0.00000000 0.00000000 0.00000000 0.00000000 0.00000000 0.00000000 0.00000000 1.00000000 0.00000000 0.00000000 
4 1.00000000 0.00000000 0.00000000 0.00000000 0.00000000 0.00000000 0.00000000 0.00000000 0.00000000 0.00000000 0.00000000 
5 1.00000000 0.00000000 0.00000000 0.00000000 0.00000000 0.00000000 0.00000000 0.00000000 0.00000000 0.00000000 0.00000000 
6 0.00000000 0.00000000 0.00000000 0.00000000 0.00000000 0.00000000 0.00000000 0.00000000 1.00000000 0.00000000 0.00000000 
7 0.00000000 0.00000000 0.00000000 0.00000000 1.00000000 0.00000000 0.00000000 0.00000000 0.00000000 0.00000000 0.00000000 
8 0.00000000 0.00000000 0.00000000 0.00000000 1.00000000 0.00000000 0.00000000 0.00000000 0.00000000 0.00000000 0.00000000 
9 0.22662539 0.00000000 0.00000000 0.38142415 0.39195046 0.00000000 0.00000000 0.00000000 0.00000000 0.00000000 0.00000000 
10 0.00000000 0.00000000 0.00000000 0.00000000 0.00000000 0.00000000 0.00000000 0.00000000 0.00000000 0.00000000 1.00000000 
11 0.00000000 1.00000000 0.00000000 0.00000000 0.00000000 0.00000000 0.00000000 0.00000000 0.00000000 0.00000000 0.00000000 
12 1.00000000 0.00000000 0.00000000 0.00000000 0.00000000 0.00000000 0.00000000 0.00000000 0.00000000 0.00000000 0.00000000 
13 0.00000000 0.00000000 0.00000000 0.00000000 0.00000000 0.75088652 0.00000000 0.00000000 0.00000000 0.24911348 0.00000000 
14 0.00000000 0.00000000 0.50985915 0.00000000 0.49014085 0.00000000 0.00000000 0.00000000 0.00000000 0.00000000 0.00000000 
15 0.00000000 0.00000000 1.00000000 0.00000000 0.00000000 0.00000000 0.00000000 0.00000000 0.00000000 0.00000000 0.00000000 
16 0.00000000 1.00000000 0.00000000 0.00000000 0.00000000 0.00000000 0.00000000 0.00000000 0.00000000 0.00000000 0.00000000 
18 0.00000000 0.10622407 0.00000000 0.00000000 0.02240664 0.00000000 0.00000000 0.45677732 0.05497925 0.35961272 0.00000000 
19 0.00000000 0.00000000 1.00000000 0.00000000 0.00000000 0.00000000 0.00000000 0.00000000 0.00000000 0.00000000 0.00000000 
21 0.00000000 0.00000000 0.00000000 1.00000000 0.00000000 0.00000000 0.00000000 0.00000000 0.00000000 0.00000000 0.00000000 
22 0.00000000 0.00000000 0.00000000 0.00000000 0.00000000 1.00000000 0.00000000 0.00000000 0.00000000 0.00000000 0.00000000 

workload distribution if node 4 fails:

1    2    3    5    6    7    8    9    10    11    12    
1 0.00000000 0.00000000 0.00000000 0.00000000 0.00000000 0.00000000 0.59025916 0.00000000 0.11974978 0.00000000 0.28999106 
2 0.00000000 1.00000000 0.00000000 0.00000000 0.00000000 0.00000000 0.00000000 0.00000000 0.00000000 0.00000000 0.00000000 
3 0.00000000 0.00000000 0.00000000 0.00000000 0.00000000 0.00000000 0.00000000 0.00000000 1.00000000 0.00000000 0.00000000 
4 0.00000000 0.00000000 1.00000000 0.00000000 0.00000000 0.00000000 0.00000000 0.00000000 0.00000000 0.00000000 0.00000000 
5 0.69615385 0.00000000 0.00000000 0.00000000 0.30384615 0.00000000 0.00000000 0.00000000 0.00000000 0.00000000 0.00000000 
6 0.00000000 0.00000000 0.00000000 0.00000000 0.00000000 0.00000000 0.00000000 0.00000000 1.00000000 0.00000000 0.00000000 
7 0.00000000 0.00000000 0.00000000 0.00000000 1.00000000 0.00000000 0.00000000 0.00000000 0.00000000 0.00000000 0.00000000 
8 0.00000000 0.00000000 0.00000000 0.00000000 1.00000000 0.00000000 0.00000000 0.00000000 0.00000000 0.00000000 0.00000000 
9 0.00000000 0.00000000 0.00000000 0.76904025 0.23095975 0.00000000 0.00000000 0.00000000 0.00000000 0.00000000 0.00000000 
10 0.00000000 0.00000000 0.00000000 0.00000000 0.00000000 0.00000000 0.00000000 0.00000000 0.00000000 0.00000000 1.00000000 
11 0.00000000 1.00000000 0.00000000 0.00000000 0.00000000 0.00000000 0.00000000 0.00000000 0.00000000 0.00000000 0.00000000 
12 0.00000000 0.00000000 1.00000000 0.00000000 0.00000000 0.00000000 0.00000000 0.00000000 0.00000000 0.00000000 0.00000000 
13 0.00000000 0.00000000 0.00000000 0.00000000 0.00000000 0.75088652 0.00000000 0.00000000 0.00000000 0.24911348 0.00000000 
14 0.00000000 0.00000000 0.00000000 0.00000000 1.00000000 0.00000000 0.00000000 0.00000000 0.00000000 0.00000000 0.00000000 
15 1.00000000 0.00000000 0.00000000 0.00000000 0.00000000 0.00000000 0.00000000 0.00000000 0.00000000 0.00000000 0.00000000 
16 0.00000000 1.00000000 0.00000000 0.00000000 0.00000000 0.00000000 0.00000000 0.00000000 0.00000000 0.00000000 0.00000000 
18 0.00000000 0.10622407 0.00000000 0.00000000 0.02240664 0.00000000 0.00000000 0.45677732 0.05497925 0.35961272 0.00000000 
19 1.00000000 0.00000000 0.00000000 0.00000000 0.00000000 0.00000000 0.00000000 0.00000000 0.00000000 0.00000000 0.00000000 
21 0.00000000 0.00000000 0.88794326 0.11205674 0.00000000 0.00000000 0.00000000 0.00000000 0.00000000 0.00000000 0.00000000 
22 0.00000000 0.00000000 0.00000000 0.00000000 0.00000000 1.00000000 0.00000000 0.00000000 0.00000000 0.00000000 0.00000000 

workload distribution if node 5 fails:

1    2    3    4    6    7    8    9    10    11    12    
1 0.00000000 0.00000000 0.00000000 0.00000000 0.00000000 0.00000000 0.59025916 0.00000000 0.11974978 0.00000000 0.28999106 
2 0.00000000 1.00000000 0.00000000 0.00000000 0.00000000 0.00000000 0.00000000 0.00000000 0.00000000 0.00000000 0.00000000 
3 0.00000000 0.00000000 0.00000000 0.00000000 0.00000000 0.00000000 0.00000000 0.00000000 1.00000000 0.00000000 0.00000000 
4 0.00000000 0.00000000 1.00000000 0.00000000 0.00000000 0.00000000 0.00000000 0.00000000 0.00000000 0.00000000 0.00000000 
5 0.00000000 0.00000000 0.00000000 0.00000000 1.00000000 0.00000000 0.00000000 0.00000000 0.00000000 0.00000000 0.00000000 
6 0.00000000 0.00000000 0.00000000 0.00000000 0.00000000 0.00000000 0.00000000 0.00000000 1.00000000 0.00000000 0.00000000 
7 0.00000000 0.00000000 0.00000000 0.00000000 1.00000000 0.00000000 0.00000000 0.00000000 0.00000000 0.00000000 0.00000000 
8 1.00000000 0.00000000 0.00000000 0.00000000 0.00000000 0.00000000 0.00000000 0.00000000 0.00000000 0.00000000 0.00000000 
9 0.72879257 0.00000000 0.00000000 0.00000000 0.27120743 0.00000000 0.00000000 0.00000000 0.00000000 0.00000000 0.00000000 
10 0.00000000 0.00000000 0.00000000 0.00000000 0.00000000 0.00000000 0.00000000 0.00000000 0.00000000 0.00000000 1.00000000 
11 0.00000000 1.00000000 0.00000000 0.00000000 0.00000000 0.00000000 0.00000000 0.00000000 0.00000000 0.00000000 0.00000000 
12 0.16808511 0.00000000 0.83191489 0.00000000 0.00000000 0.00000000 0.00000000 0.00000000 0.00000000 0.00000000 0.00000000 
13 0.00000000 0.00000000 0.00000000 0.00000000 0.00000000 0.75088652 0.00000000 0.00000000 0.00000000 0.24911348 0.00000000 
14 0.00000000 0.00000000 0.00000000 0.50985915 0.49014085 0.00000000 0.00000000 0.00000000 0.00000000 0.00000000 0.00000000 
15 0.00000000 0.00000000 0.00000000 1.00000000 0.00000000 0.00000000 0.00000000 0.00000000 0.00000000 0.00000000 0.00000000 
16 0.00000000 1.00000000 0.00000000 0.00000000 0.00000000 0.00000000 0.00000000 0.00000000 0.00000000 0.00000000 0.00000000 
18 0.00000000 0.10622407 0.00000000 0.00000000 0.02240664 0.00000000 0.00000000 0.45677732 0.05497925 0.35961272 0.00000000 
19 0.00000000 0.00000000 0.00000000 1.00000000 0.00000000 0.00000000 0.00000000 0.00000000 0.00000000 0.00000000 0.00000000 
21 0.00000000 0.00000000 1.00000000 0.00000000 0.00000000 0.00000000 0.00000000 0.00000000 0.00000000 0.00000000 0.00000000 
22 0.00000000 0.00000000 0.00000000 0.00000000 0.00000000 1.00000000 0.00000000 0.00000000 0.00000000 0.00000000 0.00000000 

workload distribution if node 6 fails:

1    2    3    4    5    7    8    9    10    11    12    
1 0.00000000 0.00000000 0.00000000 0.00000000 0.00000000 0.00000000 0.59025916 0.00000000 0.11974978 0.00000000 0.28999106 
2 0.00000000 1.00000000 0.00000000 0.00000000 0.00000000 0.00000000 0.00000000 0.00000000 0.00000000 0.00000000 0.00000000 
3 0.00000000 0.00000000 0.00000000 0.00000000 0.00000000 0.00000000 0.00000000 0.00000000 1.00000000 0.00000000 0.00000000 
4 0.00000000 0.00000000 1.00000000 0.00000000 0.00000000 0.00000000 0.00000000 0.00000000 0.00000000 0.00000000 0.00000000 
5 1.00000000 0.00000000 0.00000000 0.00000000 0.00000000 0.00000000 0.00000000 0.00000000 0.00000000 0.00000000 0.00000000 
6 0.00000000 0.00000000 0.00000000 0.00000000 0.00000000 0.00000000 0.00000000 0.00000000 1.00000000 0.00000000 0.00000000 
7 1.00000000 0.00000000 0.00000000 0.00000000 0.00000000 0.00000000 0.00000000 0.00000000 0.00000000 0.00000000 0.00000000 
8 1.00000000 0.00000000 0.00000000 0.00000000 0.00000000 0.00000000 0.00000000 0.00000000 0.00000000 0.00000000 0.00000000 
9 0.23095975 0.00000000 0.00000000 0.00000000 0.76904025 0.00000000 0.00000000 0.00000000 0.00000000 0.00000000 0.00000000 
10 0.00000000 0.00000000 0.00000000 0.00000000 0.00000000 0.00000000 0.00000000 0.00000000 0.00000000 0.00000000 1.00000000 
11 0.00000000 1.00000000 0.00000000 0.00000000 0.00000000 0.00000000 0.00000000 0.00000000 0.00000000 0.00000000 0.00000000 
12 0.00000000 0.00000000 1.00000000 0.00000000 0.00000000 0.00000000 0.00000000 0.00000000 0.00000000 0.00000000 0.00000000 
13 0.00000000 0.00000000 0.00000000 0.00000000 0.00000000 0.75088652 0.00000000 0.00000000 0.00000000 0.24911348 0.00000000 
14 0.49014085 0.00000000 0.00000000 0.50985915 0.00000000 0.00000000 0.00000000 0.00000000 0.00000000 0.00000000 0.00000000 
15 0.00000000 0.00000000 0.00000000 1.00000000 0.00000000 0.00000000 0.00000000 0.00000000 0.00000000 0.00000000 0.00000000 
16 0.09642857 0.90357143 0.00000000 0.00000000 0.00000000 0.00000000 0.00000000 0.00000000 0.00000000 0.00000000 0.00000000 
18 0.00000000 0.12863071 0.00000000 0.00000000 0.00000000 0.00000000 0.00000000 0.45677732 0.05497925 0.35961272 0.00000000 
19 0.00000000 0.00000000 0.00000000 1.00000000 0.00000000 0.00000000 0.00000000 0.00000000 0.00000000 0.00000000 0.00000000 
21 0.00000000 0.00000000 0.88794326 0.00000000 0.11205674 0.00000000 0.00000000 0.00000000 0.00000000 0.00000000 0.00000000 
22 0.00000000 0.00000000 0.00000000 0.00000000 0.00000000 1.00000000 0.00000000 0.00000000 0.00000000 0.00000000 0.00000000 

workload distribution if node 7 fails:

1    2    3    4    5    6    8    9    10    11    12    
1 0.00000000 0.00000000 0.00000000 0.00000000 0.00000000 0.00000000 0.53941019 0.00000000 0.26434316 0.00000000 0.19624665 
2 0.00000000 1.00000000 0.00000000 0.00000000 0.00000000 0.00000000 0.00000000 0.00000000 0.00000000 0.00000000 0.00000000 
3 0.00000000 0.00000000 0.00000000 0.00000000 0.00000000 0.00000000 0.00000000 0.00000000 1.00000000 0.00000000 0.00000000 
4 0.00000000 0.00000000 1.00000000 0.00000000 0.00000000 0.00000000 0.00000000 0.00000000 0.00000000 0.00000000 0.00000000 
5 1.00000000 0.00000000 0.00000000 0.00000000 0.00000000 0.00000000 0.00000000 0.00000000 0.00000000 0.00000000 0.00000000 
6 0.00000000 0.00000000 0.00000000 0.00000000 0.00000000 0.00000000 1.00000000 0.00000000 0.00000000 0.00000000 0.00000000 
7 0.00000000 0.00000000 0.00000000 0.00000000 0.00000000 1.00000000 0.00000000 0.00000000 0.00000000 0.00000000 0.00000000 
8 1.00000000 0.00000000 0.00000000 0.00000000 0.00000000 0.00000000 0.00000000 0.00000000 0.00000000 0.00000000 0.00000000 
9 0.23632611 0.00000000 0.00000000 0.00000000 0.49638803 0.26728586 0.00000000 0.00000000 0.00000000 0.00000000 0.00000000 
10 0.00000000 0.00000000 0.00000000 0.00000000 0.00000000 0.00000000 0.00000000 0.00000000 0.00000000 0.00000000 1.00000000 
11 0.00000000 1.00000000 0.00000000 0.00000000 0.00000000 0.00000000 0.00000000 0.00000000 0.00000000 0.00000000 0.00000000 
12 0.00000000 0.00000000 1.00000000 0.00000000 0.00000000 0.00000000 0.00000000 0.00000000 0.00000000 0.00000000 0.00000000 
13 0.00000000 0.00000000 0.00000000 0.00000000 0.00000000 0.00000000 0.00000000 0.00000000 0.00000000 1.00000000 0.00000000 
14 0.49014085 0.00000000 0.00000000 0.50985915 0.00000000 0.00000000 0.00000000 0.00000000 0.00000000 0.00000000 0.00000000 
15 0.31908213 0.00000000 0.00000000 0.68091787 0.00000000 0.00000000 0.00000000 0.00000000 0.00000000 0.00000000 0.00000000 
16 0.00000000 1.00000000 0.00000000 0.00000000 0.00000000 0.00000000 0.00000000 0.00000000 0.00000000 0.00000000 0.00000000 
18 0.00000000 0.01486860 0.00000000 0.00000000 0.00000000 0.11376210 0.00000000 0.54813278 0.16514523 0.15809129 0.00000000 
19 0.00000000 0.00000000 0.00000000 1.00000000 0.00000000 0.00000000 0.00000000 0.00000000 0.00000000 0.00000000 0.00000000 
21 0.00000000 0.00000000 0.57565012 0.00000000 0.42434988 0.00000000 0.00000000 0.00000000 0.00000000 0.00000000 0.00000000 
22 0.00000000 0.00000000 0.00000000 0.00000000 0.00000000 0.00000000 0.00000000 0.00000000 0.00000000 0.00000000 1.00000000 

workload distribution if node 8 fails:

1    2    3    4    5    6    7    9    10    11    12    
1 0.00000000 0.00000000 0.00000000 0.00000000 0.00000000 0.00000000 0.00000000 0.00000000 0.46058981 0.00000000 0.53941019 
2 0.00000000 1.00000000 0.00000000 0.00000000 0.00000000 0.00000000 0.00000000 0.00000000 0.00000000 0.00000000 0.00000000 
3 0.00000000 0.00000000 0.00000000 0.00000000 0.00000000 0.00000000 0.00000000 0.00000000 1.00000000 0.00000000 0.00000000 
4 0.00000000 0.00000000 1.00000000 0.00000000 0.00000000 0.00000000 0.00000000 0.00000000 0.00000000 0.00000000 0.00000000 
5 1.00000000 0.00000000 0.00000000 0.00000000 0.00000000 0.00000000 0.00000000 0.00000000 0.00000000 0.00000000 0.00000000 
6 0.00000000 0.00000000 0.00000000 0.00000000 0.00000000 0.00000000 0.00000000 0.00000000 0.00000000 0.00000000 1.00000000 
7 0.00000000 0.00000000 0.00000000 0.00000000 0.00000000 1.00000000 0.00000000 0.00000000 0.00000000 0.00000000 0.00000000 
8 1.00000000 0.00000000 0.00000000 0.00000000 0.00000000 0.00000000 0.00000000 0.00000000 0.00000000 0.00000000 0.00000000 
9 0.23632611 0.00000000 0.00000000 0.00000000 0.49638803 0.26728586 0.00000000 0.00000000 0.00000000 0.00000000 0.00000000 
10 0.00000000 0.00000000 0.00000000 0.00000000 0.00000000 0.00000000 0.00000000 0.00000000 0.00000000 1.00000000 0.00000000 
11 0.00000000 1.00000000 0.00000000 0.00000000 0.00000000 0.00000000 0.00000000 0.00000000 0.00000000 0.00000000 0.00000000 
12 0.00000000 0.00000000 1.00000000 0.00000000 0.00000000 0.00000000 0.00000000 0.00000000 0.00000000 0.00000000 0.00000000 
13 0.00000000 0.00000000 0.00000000 0.00000000 0.00000000 0.00000000 0.98510638 0.00000000 0.00000000 0.01489362 0.00000000 
14 0.49014085 0.00000000 0.00000000 0.50985915 0.00000000 0.00000000 0.00000000 0.00000000 0.00000000 0.00000000 0.00000000 
15 0.31908213 0.00000000 0.00000000 0.68091787 0.00000000 0.00000000 0.00000000 0.00000000 0.00000000 0.00000000 0.00000000 
16 0.00000000 1.00000000 0.00000000 0.00000000 0.00000000 0.00000000 0.00000000 0.00000000 0.00000000 0.00000000 0.00000000 
18 0.00000000 0.01486860 0.00000000 0.00000000 0.00000000 0.11376210 0.00000000 0.54813278 0.01327801 0.30995851 0.00000000 
19 0.00000000 0.00000000 0.00000000 1.00000000 0.00000000 0.00000000 0.00000000 0.00000000 0.00000000 0.00000000 0.00000000 
21 0.00000000 0.00000000 0.57565012 0.00000000 0.42434988 0.00000000 0.00000000 0.00000000 0.00000000 0.00000000 0.00000000 
22 0.00000000 0.00000000 0.00000000 0.00000000 0.00000000 0.00000000 1.00000000 0.00000000 0.00000000 0.00000000 0.00000000 

workload distribution if node 9 fails:

1    2    3    4    5    6    7    8    10    11    12    
1 0.00000000 0.00000000 0.00000000 0.00000000 0.00000000 0.00000000 0.00000000 0.70831099 0.00000000 0.00000000 0.29168901 
2 0.00000000 1.00000000 0.00000000 0.00000000 0.00000000 0.00000000 0.00000000 0.00000000 0.00000000 0.00000000 0.00000000 
3 0.00000000 0.00000000 0.00000000 0.00000000 0.00000000 0.00000000 0.00000000 0.00000000 0.49534884 0.00000000 0.50465116 
4 0.00000000 0.00000000 1.00000000 0.00000000 0.00000000 0.00000000 0.00000000 0.00000000 0.00000000 0.00000000 0.00000000 
5 1.00000000 0.00000000 0.00000000 0.00000000 0.00000000 0.00000000 0.00000000 0.00000000 0.00000000 0.00000000 0.00000000 
6 0.00000000 0.00000000 0.00000000 0.00000000 0.00000000 0.00000000 0.00000000 0.00000000 1.00000000 0.00000000 0.00000000 
7 0.00000000 0.00000000 0.00000000 0.00000000 0.00000000 1.00000000 0.00000000 0.00000000 0.00000000 0.00000000 0.00000000 
8 1.00000000 0.00000000 0.00000000 0.00000000 0.00000000 0.00000000 0.00000000 0.00000000 0.00000000 0.00000000 0.00000000 
9 0.23632611 0.00000000 0.00000000 0.00000000 0.49638803 0.26728586 0.00000000 0.00000000 0.00000000 0.00000000 0.00000000 
10 0.00000000 0.00000000 0.00000000 0.00000000 0.00000000 0.00000000 0.00000000 0.00000000 0.00000000 0.00000000 1.00000000 
11 0.00000000 1.00000000 0.00000000 0.00000000 0.00000000 0.00000000 0.00000000 0.00000000 0.00000000 0.00000000 0.00000000 
12 0.00000000 0.00000000 1.00000000 0.00000000 0.00000000 0.00000000 0.00000000 0.00000000 0.00000000 0.00000000 0.00000000 
13 0.00000000 0.00000000 0.00000000 0.00000000 0.00000000 0.00000000 0.98510638 0.00000000 0.00000000 0.01489362 0.00000000 
14 0.49014085 0.00000000 0.00000000 0.50985915 0.00000000 0.00000000 0.00000000 0.00000000 0.00000000 0.00000000 0.00000000 
15 0.31908213 0.00000000 0.00000000 0.68091787 0.00000000 0.00000000 0.00000000 0.00000000 0.00000000 0.00000000 0.00000000 
16 0.00000000 1.00000000 0.00000000 0.00000000 0.00000000 0.00000000 0.00000000 0.00000000 0.00000000 0.00000000 0.00000000 
18 0.00000000 0.01486860 0.00000000 0.00000000 0.00000000 0.11376210 0.00000000 0.00000000 0.32904564 0.54232365 0.00000000 
19 0.00000000 0.00000000 0.00000000 1.00000000 0.00000000 0.00000000 0.00000000 0.00000000 0.00000000 0.00000000 0.00000000 
21 0.00000000 0.00000000 0.57565012 0.00000000 0.42434988 0.00000000 0.00000000 0.00000000 0.00000000 0.00000000 0.00000000 
22 0.00000000 0.00000000 0.00000000 0.00000000 0.00000000 0.00000000 1.00000000 0.00000000 0.00000000 0.00000000 0.00000000 

workload distribution if node 10 fails:

1    2    3    4    5    6    7    8    9    11    12    
1 0.00000000 0.00000000 0.00000000 0.00000000 0.00000000 0.00000000 0.00000000 0.70831099 0.00000000 0.00000000 0.29168901 
2 0.00000000 1.00000000 0.00000000 0.00000000 0.00000000 0.00000000 0.00000000 0.00000000 0.00000000 0.00000000 0.00000000 
3 0.00000000 0.00000000 0.00000000 0.00000000 0.00000000 0.00000000 0.00000000 0.00000000 0.00000000 0.00000000 1.00000000 
4 0.00000000 0.00000000 1.00000000 0.00000000 0.00000000 0.00000000 0.00000000 0.00000000 0.00000000 0.00000000 0.00000000 
5 1.00000000 0.00000000 0.00000000 0.00000000 0.00000000 0.00000000 0.00000000 0.00000000 0.00000000 0.00000000 0.00000000 
6 0.00000000 0.00000000 0.00000000 0.00000000 0.00000000 0.00000000 0.00000000 0.00000000 0.00000000 0.00000000 1.00000000 
7 0.00000000 0.00000000 0.00000000 0.00000000 0.00000000 1.00000000 0.00000000 0.00000000 0.00000000 0.00000000 0.00000000 
8 1.00000000 0.00000000 0.00000000 0.00000000 0.00000000 0.00000000 0.00000000 0.00000000 0.00000000 0.00000000 0.00000000 
9 0.23632611 0.00000000 0.00000000 0.00000000 0.49638803 0.26728586 0.00000000 0.00000000 0.00000000 0.00000000 0.00000000 
10 0.00000000 0.00000000 0.00000000 0.00000000 0.00000000 0.00000000 0.00000000 0.00000000 0.00000000 0.94285714 0.05714286 
11 0.00000000 1.00000000 0.00000000 0.00000000 0.00000000 0.00000000 0.00000000 0.00000000 0.00000000 0.00000000 0.00000000 
12 0.00000000 0.00000000 1.00000000 0.00000000 0.00000000 0.00000000 0.00000000 0.00000000 0.00000000 0.00000000 0.00000000 
13 0.00000000 0.00000000 0.00000000 0.00000000 0.00000000 0.00000000 0.98510638 0.00000000 0.00000000 0.01489362 0.00000000 
14 0.49014085 0.00000000 0.00000000 0.50985915 0.00000000 0.00000000 0.00000000 0.00000000 0.00000000 0.00000000 0.00000000 
15 0.31908213 0.00000000 0.00000000 0.68091787 0.00000000 0.00000000 0.00000000 0.00000000 0.00000000 0.00000000 0.00000000 
16 0.00000000 1.00000000 0.00000000 0.00000000 0.00000000 0.00000000 0.00000000 0.00000000 0.00000000 0.00000000 0.00000000 
18 0.00000000 0.01486860 0.00000000 0.00000000 0.00000000 0.11376210 0.00000000 0.00000000 0.54813278 0.32323651 0.00000000 
19 0.00000000 0.00000000 0.00000000 1.00000000 0.00000000 0.00000000 0.00000000 0.00000000 0.00000000 0.00000000 0.00000000 
21 0.00000000 0.00000000 0.57565012 0.00000000 0.42434988 0.00000000 0.00000000 0.00000000 0.00000000 0.00000000 0.00000000 
22 0.00000000 0.00000000 0.00000000 0.00000000 0.00000000 0.00000000 1.00000000 0.00000000 0.00000000 0.00000000 0.00000000 

workload distribution if node 11 fails:

1    2    3    4    5    6    7    8    9    10    12    
1 0.00000000 0.00000000 0.00000000 0.00000000 0.00000000 0.00000000 0.00000000 0.70831099 0.00000000 0.29061662 0.00107239 
2 0.00000000 1.00000000 0.00000000 0.00000000 0.00000000 0.00000000 0.00000000 0.00000000 0.00000000 0.00000000 0.00000000 
3 0.00000000 0.00000000 0.00000000 0.00000000 0.00000000 0.00000000 0.00000000 0.00000000 0.00000000 0.00000000 1.00000000 
4 0.00000000 0.00000000 1.00000000 0.00000000 0.00000000 0.00000000 0.00000000 0.00000000 0.00000000 0.00000000 0.00000000 
5 1.00000000 0.00000000 0.00000000 0.00000000 0.00000000 0.00000000 0.00000000 0.00000000 0.00000000 0.00000000 0.00000000 
6 0.00000000 0.00000000 0.00000000 0.00000000 0.00000000 0.00000000 0.00000000 0.00000000 0.00000000 0.00000000 1.00000000 
7 0.00000000 0.00000000 0.00000000 0.00000000 0.00000000 1.00000000 0.00000000 0.00000000 0.00000000 0.00000000 0.00000000 
8 1.00000000 0.00000000 0.00000000 0.00000000 0.00000000 0.00000000 0.00000000 0.00000000 0.00000000 0.00000000 0.00000000 
9 0.23632611 0.00000000 0.00000000 0.00000000 0.49638803 0.26728586 0.00000000 0.00000000 0.00000000 0.00000000 0.00000000 
10 0.00000000 0.00000000 0.00000000 0.00000000 0.00000000 0.00000000 0.00000000 0.00000000 0.00000000 0.00000000 1.00000000 
11 0.00000000 1.00000000 0.00000000 0.00000000 0.00000000 0.00000000 0.00000000 0.00000000 0.00000000 0.00000000 0.00000000 
12 0.00000000 0.00000000 1.00000000 0.00000000 0.00000000 0.00000000 0.00000000 0.00000000 0.00000000 0.00000000 0.00000000 
13 0.00000000 0.00000000 0.00000000 0.00000000 0.00000000 0.00000000 1.00000000 0.00000000 0.00000000 0.00000000 0.00000000 
14 0.49014085 0.00000000 0.00000000 0.50985915 0.00000000 0.00000000 0.00000000 0.00000000 0.00000000 0.00000000 0.00000000 
15 0.31908213 0.00000000 0.00000000 0.68091787 0.00000000 0.00000000 0.00000000 0.00000000 0.00000000 0.00000000 0.00000000 
16 0.00000000 1.00000000 0.00000000 0.00000000 0.00000000 0.00000000 0.00000000 0.00000000 0.00000000 0.00000000 0.00000000 
18 0.00000000 0.01486860 0.00000000 0.00000000 0.00000000 0.11376210 0.00000000 0.00000000 0.54813278 0.32323651 0.00000000 
19 0.00000000 0.00000000 0.00000000 1.00000000 0.00000000 0.00000000 0.00000000 0.00000000 0.00000000 0.00000000 0.00000000 
21 0.00000000 0.00000000 0.57565012 0.00000000 0.42434988 0.00000000 0.00000000 0.00000000 0.00000000 0.00000000 0.00000000 
22 0.00000000 0.00000000 0.00000000 0.00000000 0.00000000 0.00000000 0.96455696 0.00000000 0.00000000 0.00000000 0.03544304 

workload distribution if node 12 fails:

1    2    3    4    5    6    7    8    9    10    11    
1 0.00000000 0.00000000 0.00000000 0.00000000 0.00000000 0.00000000 0.00000000 0.70831099 0.00000000 0.29168901 0.00000000 
2 0.00000000 1.00000000 0.00000000 0.00000000 0.00000000 0.00000000 0.00000000 0.00000000 0.00000000 0.00000000 0.00000000 
3 0.00000000 0.00000000 0.00000000 0.00000000 0.00000000 0.00000000 0.00000000 0.00000000 0.00000000 1.00000000 0.00000000 
4 0.00000000 0.00000000 1.00000000 0.00000000 0.00000000 0.00000000 0.00000000 0.00000000 0.00000000 0.00000000 0.00000000 
5 1.00000000 0.00000000 0.00000000 0.00000000 0.00000000 0.00000000 0.00000000 0.00000000 0.00000000 0.00000000 0.00000000 
6 0.00000000 0.00000000 0.00000000 0.00000000 0.00000000 0.00000000 0.00000000 0.00000000 0.00000000 1.00000000 0.00000000 
7 0.00000000 0.00000000 0.00000000 0.00000000 0.00000000 1.00000000 0.00000000 0.00000000 0.00000000 0.00000000 0.00000000 
8 1.00000000 0.00000000 0.00000000 0.00000000 0.00000000 0.00000000 0.00000000 0.00000000 0.00000000 0.00000000 0.00000000 
9 0.23632611 0.00000000 0.00000000 0.00000000 0.49638803 0.26728586 0.00000000 0.00000000 0.00000000 0.00000000 0.00000000 
10 0.00000000 0.00000000 0.00000000 0.00000000 0.00000000 0.00000000 0.00000000 0.00000000 0.00000000 0.00000000 1.00000000 
11 0.00000000 1.00000000 0.00000000 0.00000000 0.00000000 0.00000000 0.00000000 0.00000000 0.00000000 0.00000000 0.00000000 
12 0.00000000 0.00000000 1.00000000 0.00000000 0.00000000 0.00000000 0.00000000 0.00000000 0.00000000 0.00000000 0.00000000 
13 0.00000000 0.00000000 0.00000000 0.00000000 0.00000000 0.00000000 0.98510638 0.00000000 0.00000000 0.00000000 0.01489362 
14 0.49014085 0.00000000 0.00000000 0.50985915 0.00000000 0.00000000 0.00000000 0.00000000 0.00000000 0.00000000 0.00000000 
15 0.31908213 0.00000000 0.00000000 0.68091787 0.00000000 0.00000000 0.00000000 0.00000000 0.00000000 0.00000000 0.00000000 
16 0.00000000 1.00000000 0.00000000 0.00000000 0.00000000 0.00000000 0.00000000 0.00000000 0.00000000 0.00000000 0.00000000 
18 0.00000000 0.01486860 0.00000000 0.00000000 0.00000000 0.11376210 0.00000000 0.00000000 0.54813278 0.01327801 0.30995851 
19 0.00000000 0.00000000 0.00000000 1.00000000 0.00000000 0.00000000 0.00000000 0.00000000 0.00000000 0.00000000 0.00000000 
21 0.00000000 0.00000000 0.57565012 0.00000000 0.42434988 0.00000000 0.00000000 0.00000000 0.00000000 0.00000000 0.00000000 
22 0.00000000 0.00000000 0.00000000 0.00000000 0.00000000 0.00000000 1.00000000 0.00000000 0.00000000 0.00000000 0.00000000 



zz_test [*] :=
 1  1
 2  1
 3  1
 4  1
 5  1
 6  1
 7  1
 8  1
 9  1
10  1
11  1
12  1
13  1
14  1
15  1
16  1
18  1
19  1
21  1
22  1
;

K_test [*] :=
 1  0.0833333
 2  0.0833333
 3  0.0833333
 4  0.0833333
 5  0.0833333
 6  0.0833333
 7  0.0833333
 8  0.0833333
 9  0.0833333
10  0.0833333
11  0.0833333
12  0.0833333
;

zz2_test [*,*]
:    1   2   3   4   5   6   7   8   9  10  11  12    :=
1    1   1   1   1   1   1   1   1   1   1   1   1
2    1   1   1   1   1   1   1   1   1   1   1   1
3    1   1   1   1   1   1   1   1   1   1   1   1
4    1   1   1   1   1   1   1   1   1   1   1   1
5    1   1   1   1   1   1   1   1   1   1   1   1
6    1   1   1   1   1   1   1   1   1   1   1   1
7    1   1   1   1   1   1   1   1   1   1   1   1
8    1   1   1   1   1   1   1   1   1   1   1   1
9    1   1   1   1   1   1   1   1   1   1   1   1
10   1   1   1   1   1   1   1   1   1   1   1   1
11   1   1   1   1   1   1   1   1   1   1   1   1
12   1   1   1   1   1   1   1   1   1   1   1   1
13   1   1   1   1   1   1   1   1   1   1   1   1
14   1   1   1   1   1   1   1   1   1   1   1   1
15   1   1   1   1   1   1   1   1   1   1   1   1
16   1   1   1   1   1   1   1   1   1   1   1   1
18   1   1   1   1   1   1   1   1   1   1   1   1
19   1   1   1   1   1   1   1   1   1   1   1   1
21   1   1   1   1   1   1   1   1   1   1   1   1
22   1   1   1   1   1   1   1   1   1   1   1   1
;

K2_test [*,*]
:        1           2           3           4           5           6       :=
1     .          0.1         0.1         0.1         0.1         0.1
2    0.1          .          0.1         0.1         0.1         0.1
3    0.1         0.1          .          0.1         0.1         0.1
4    0.1         0.1         0.1          .          0.1         0.1
5    0.1         0.1         0.1         0.1          .          0.1
6    0.1         0.1         0.1         0.1         0.1          .
7    0.0833333   0.0833333   0.0833333   0.0833333   0.0833333   0.0833333
8    0.0833333   0.0833333   0.0833333   0.0833333   0.0833333   0.0833333
9    0.0833333   0.0833333   0.0833333   0.0833333   0.0833333   0.0833333
10   0.0833333   0.0833333   0.0833333   0.0833333   0.0833333   0.0833333
11   0.0833333   0.0833333   0.0833333   0.0833333   0.0833333   0.0833333
12   0.0833333   0.0833333   0.0833333   0.0833333   0.0833333   0.0833333

:        7           8           9          10          11          12       :=
1    0.0833333   0.0833333   0.0833333   0.0833333   0.0833333   0.0833333
2    0.0833333   0.0833333   0.0833333   0.0833333   0.0833333   0.0833333
3    0.0833333   0.0833333   0.0833333   0.0833333   0.0833333   0.0833333
4    0.0833333   0.0833333   0.0833333   0.0833333   0.0833333   0.0833333
5    0.0833333   0.0833333   0.0833333   0.0833333   0.0833333   0.0833333
6    0.0833333   0.0833333   0.0833333   0.0833333   0.0833333   0.0833333
7     .          0.1         0.1         0.1         0.1         0.1
8    0.1          .          0.1         0.1         0.1         0.1
9    0.1         0.1          .          0.1         0.1         0.1
10   0.1         0.1         0.1          .          0.1         0.1
11   0.1         0.1         0.1         0.1          .          0.1
12   0.1         0.1         0.1         0.1         0.1          .
;

zz2 [*,1,*]
:       2          3          4          5           6          7        :=
1    0          0          0          0          0           0
2    1          0          0          0          0           0
3    0          0          0          0          0           0
4    0          1          0          0          0           0
5    0          0          0          0          1           0
6    0          0          0          0          0           0
7    0          0          0          0          1           0
8    0          0          0          0          1           0
9    0          0          0          0.76904    0.23096     0
10   0          0          0          0          0           0
11   1          0          0          0          0           0
12   0          1          0          0          0           0
13   0          0          0          0          0           0.750887
14   0          0          0.509859   0          0.490141    0
15   0          0          1          0          0           0
16   1          0          0          0          0           0
18   0.106224   0          0          0          0.0224066   0
19   0          0          1          0          0           0
21   0          0.887943   0          0.112057   0           0
22   0          0          0          0          0           1

:       8          9          10          11         12       :=
1    0.590259   0          0.11975     0          0.289991
2    0          0          0           0          0
3    0          0          1           0          0
4    0          0          0           0          0
5    0          0          0           0          0
6    0          0          1           0          0
7    0          0          0           0          0
8    0          0          0           0          0
9    0          0          0           0          0
10   0          0          0           0          1
11   0          0          0           0          0
12   0          0          0           0          0
13   0          0          0           0.249113   0
14   0          0          0           0          0
15   0          0          0           0          0
16   0          0          0           0          0
18   0          0.456777   0.0549793   0.359613   0
19   0          0          0           0          0
21   0          0          0           0          0
22   0          0          0           0          0

 [*,2,*]
:       1          3          4          5          6          7          8  :=
1    0          0          0          0          0          0          0.590259
2    1          0          0          0          0          0          0
3    0          0          0          0          0          0          0
4    0          1          0          0          0          0          0
5    0          0          0          0          1          0          0
6    0          0          0          0          0          0          0
7    0.536709   0          0          0          0.463291   0          0
8    0          0          0          0          1          0          0
9    0          0          0          0.688545   0.311455   0          0
10   0          0          0          0          0          0          0
11   0          0          0          1          0          0          0
12   0          1          0          0          0          0          0
13   0          0          0          0          0          0.750887   0
14   0.490141   0          0.509859   0          0          0          0
15   0          0          1          0          0          0          0
16   1          0          0          0          0          0          0
18   0          0          0          0          0.128631   0          0
19   0          0          1          0          0          0          0
21   0          0.887943   0          0.112057   0          0          0
22   0          0          0          0          0          1          0

:       9          10          11         12       :=
1    0          0.11975     0          0.289991
2    0          0           0          0
3    0          1           0          0
4    0          0           0          0
5    0          0           0          0
6    0          1           0          0
7    0          0           0          0
8    0          0           0          0
9    0          0           0          0
10   0          0           0          1
11   0          0           0          0
12   0          0           0          0
13   0          0           0.249113   0
14   0          0           0          0
15   0          0           0          0
16   0          0           0          0
18   0.456777   0.0549793   0.359613   0
19   0          0           0          0
21   0          0           0          0
22   0          0           0          0

 [*,3,*]
:       1          2          4          5           6          7        :=
1    0          0          0          0          0           0
2    0          1          0          0          0           0
3    0          0          0          0          0           0
4    1          0          0          0          0           0
5    1          0          0          0          0           0
6    0          0          0          0          0           0
7    0          0          0          0          1           0
8    0          0          0          0          1           0
9    0.226625   0          0          0.381424   0.39195     0
10   0          0          0          0          0           0
11   0          1          0          0          0           0
12   1          0          0          0          0           0
13   0          0          0          0          0           0.750887
14   0          0          0.509859   0          0.490141    0
15   0          0          1          0          0           0
16   0          1          0          0          0           0
18   0          0.106224   0          0          0.0224066   0
19   0          0          1          0          0           0
21   0          0          0          1          0           0
22   0          0          0          0          0           1

:       8          9          10          11         12       :=
1    0.590259   0          0.11975     0          0.289991
2    0          0          0           0          0
3    0          0          1           0          0
4    0          0          0           0          0
5    0          0          0           0          0
6    0          0          1           0          0
7    0          0          0           0          0
8    0          0          0           0          0
9    0          0          0           0          0
10   0          0          0           0          1
11   0          0          0           0          0
12   0          0          0           0          0
13   0          0          0           0.249113   0
14   0          0          0           0          0
15   0          0          0           0          0
16   0          0          0           0          0
18   0          0.456777   0.0549793   0.359613   0
19   0          0          0           0          0
21   0          0          0           0          0
22   0          0          0           0          0

 [*,4,*]
:       1          2          3          5           6          7        :=
1    0          0          0          0          0           0
2    0          1          0          0          0           0
3    0          0          0          0          0           0
4    0          0          1          0          0           0
5    0.696154   0          0          0          0.303846    0
6    0          0          0          0          0           0
7    0          0          0          0          1           0
8    0          0          0          0          1           0
9    0          0          0          0.76904    0.23096     0
10   0          0          0          0          0           0
11   0          1          0          0          0           0
12   0          0          1          0          0           0
13   0          0          0          0          0           0.750887
14   0          0          0          0          1           0
15   1          0          0          0          0           0
16   0          1          0          0          0           0
18   0          0.106224   0          0          0.0224066   0
19   1          0          0          0          0           0
21   0          0          0.887943   0.112057   0           0
22   0          0          0          0          0           1

:       8          9          10          11         12       :=
1    0.590259   0          0.11975     0          0.289991
2    0          0          0           0          0
3    0          0          1           0          0
4    0          0          0           0          0
5    0          0          0           0          0
6    0          0          1           0          0
7    0          0          0           0          0
8    0          0          0           0          0
9    0          0          0           0          0
10   0          0          0           0          1
11   0          0          0           0          0
12   0          0          0           0          0
13   0          0          0           0.249113   0
14   0          0          0           0          0
15   0          0          0           0          0
16   0          0          0           0          0
18   0          0.456777   0.0549793   0.359613   0
19   0          0          0           0          0
21   0          0          0           0          0
22   0          0          0           0          0

 [*,5,*]
:       1          2          3          4           6          7        :=
1    0          0          0          0          0           0
2    0          1          0          0          0           0
3    0          0          0          0          0           0
4    0          0          1          0          0           0
5    0          0          0          0          1           0
6    0          0          0          0          0           0
7    0          0          0          0          1           0
8    1          0          0          0          0           0
9    0.728793   0          0          0          0.271207    0
10   0          0          0          0          0           0
11   0          1          0          0          0           0
12   0.168085   0          0.831915   0          0           0
13   0          0          0          0          0           0.750887
14   0          0          0          0.509859   0.490141    0
15   0          0          0          1          0           0
16   0          1          0          0          0           0
18   0          0.106224   0          0          0.0224066   0
19   0          0          0          1          0           0
21   0          0          1          0          0           0
22   0          0          0          0          0           1

:       8          9          10          11         12       :=
1    0.590259   0          0.11975     0          0.289991
2    0          0          0           0          0
3    0          0          1           0          0
4    0          0          0           0          0
5    0          0          0           0          0
6    0          0          1           0          0
7    0          0          0           0          0
8    0          0          0           0          0
9    0          0          0           0          0
10   0          0          0           0          1
11   0          0          0           0          0
12   0          0          0           0          0
13   0          0          0           0.249113   0
14   0          0          0           0          0
15   0          0          0           0          0
16   0          0          0           0          0
18   0          0.456777   0.0549793   0.359613   0
19   0          0          0           0          0
21   0          0          0           0          0
22   0          0          0           0          0

 [*,6,*]
:        1          2          3          4          5          7        :=
1    0           0          0          0          0          0
2    0           1          0          0          0          0
3    0           0          0          0          0          0
4    0           0          1          0          0          0
5    1           0          0          0          0          0
6    0           0          0          0          0          0
7    1           0          0          0          0          0
8    1           0          0          0          0          0
9    0.23096     0          0          0          0.76904    0
10   0           0          0          0          0          0
11   0           1          0          0          0          0
12   0           0          1          0          0          0
13   0           0          0          0          0          0.750887
14   0.490141    0          0          0.509859   0          0
15   0           0          0          1          0          0
16   0.0964286   0.903571   0          0          0          0
18   0           0.128631   0          0          0          0
19   0           0          0          1          0          0
21   0           0          0.887943   0          0.112057   0
22   0           0          0          0          0          1

:       8          9          10          11         12       :=
1    0.590259   0          0.11975     0          0.289991
2    0          0          0           0          0
3    0          0          1           0          0
4    0          0          0           0          0
5    0          0          0           0          0
6    0          0          1           0          0
7    0          0          0           0          0
8    0          0          0           0          0
9    0          0          0           0          0
10   0          0          0           0          1
11   0          0          0           0          0
12   0          0          0           0          0
13   0          0          0           0.249113   0
14   0          0          0           0          0
15   0          0          0           0          0
16   0          0          0           0          0
18   0          0.456777   0.0549793   0.359613   0
19   0          0          0           0          0
21   0          0          0           0          0
22   0          0          0           0          0

 [*,7,*]
:       1           2          3         4          5          6          8  :=
1    0          0           0         0          0          0          0.53941
2    0          1           0         0          0          0          0
3    0          0           0         0          0          0          0
4    0          0           1         0          0          0          0
5    1          0           0         0          0          0          0
6    0          0           0         0          0          0          1
7    0          0           0         0          0          1          0
8    1          0           0         0          0          0          0
9    0.236326   0           0         0          0.496388   0.267286   0
10   0          0           0         0          0          0          0
11   0          1           0         0          0          0          0
12   0          0           1         0          0          0          0
13   0          0           0         0          0          0          0
14   0.490141   0           0         0.509859   0          0          0
15   0.319082   0           0         0.680918   0          0          0
16   0          1           0         0          0          0          0
18   0          0.0148686   0         0          0          0.113762   0
19   0          0           0         1          0          0          0
21   0          0           0.57565   0          0.42435    0          0
22   0          0           0         0          0          0          0

:       9          10         11         12       :=
1    0          0.264343   0          0.196247
2    0          0          0          0
3    0          1          0          0
4    0          0          0          0
5    0          0          0          0
6    0          0          0          0
7    0          0          0          0
8    0          0          0          0
9    0          0          0          0
10   0          0          0          1
11   0          0          0          0
12   0          0          0          0
13   0          0          1          0
14   0          0          0          0
15   0          0          0          0
16   0          0          0          0
18   0.548133   0.165145   0.158091   0
19   0          0          0          0
21   0          0          0          0
22   0          0          0          1

 [*,8,*]
:       1           2          3         4          5          6          7  :=
1    0          0           0         0          0          0          0
2    0          1           0         0          0          0          0
3    0          0           0         0          0          0          0
4    0          0           1         0          0          0          0
5    1          0           0         0          0          0          0
6    0          0           0         0          0          0          0
7    0          0           0         0          0          1          0
8    1          0           0         0          0          0          0
9    0.236326   0           0         0          0.496388   0.267286   0
10   0          0           0         0          0          0          0
11   0          1           0         0          0          0          0
12   0          0           1         0          0          0          0
13   0          0           0         0          0          0          0.985106
14   0.490141   0           0         0.509859   0          0          0
15   0.319082   0           0         0.680918   0          0          0
16   0          1           0         0          0          0          0
18   0          0.0148686   0         0          0          0.113762   0
19   0          0           0         1          0          0          0
21   0          0           0.57565   0          0.42435    0          0
22   0          0           0         0          0          0          1

:       9          10         11         12       :=
1    0          0.46059    0           0.53941
2    0          0          0           0
3    0          1          0           0
4    0          0          0           0
5    0          0          0           0
6    0          0          0           1
7    0          0          0           0
8    0          0          0           0
9    0          0          0           0
10   0          0          1           0
11   0          0          0           0
12   0          0          0           0
13   0          0          0.0148936   0
14   0          0          0           0
15   0          0          0           0
16   0          0          0           0
18   0.548133   0.013278   0.309959    0
19   0          0          0           0
21   0          0          0           0
22   0          0          0           0

 [*,9,*]
:       1           2          3         4          5          6          7  :=
1    0          0           0         0          0          0          0
2    0          1           0         0          0          0          0
3    0          0           0         0          0          0          0
4    0          0           1         0          0          0          0
5    1          0           0         0          0          0          0
6    0          0           0         0          0          0          0
7    0          0           0         0          0          1          0
8    1          0           0         0          0          0          0
9    0.236326   0           0         0          0.496388   0.267286   0
10   0          0           0         0          0          0          0
11   0          1           0         0          0          0          0
12   0          0           1         0          0          0          0
13   0          0           0         0          0          0          0.985106
14   0.490141   0           0         0.509859   0          0          0
15   0.319082   0           0         0.680918   0          0          0
16   0          1           0         0          0          0          0
18   0          0.0148686   0         0          0          0.113762   0
19   0          0           0         1          0          0          0
21   0          0           0.57565   0          0.42435    0          0
22   0          0           0         0          0          0          1

:       8          10         11          12       :=
1    0.708311   0          0           0.291689
2    0          0          0           0
3    0          0.495349   0           0.504651
4    0          0          0           0
5    0          0          0           0
6    0          1          0           0
7    0          0          0           0
8    0          0          0           0
9    0          0          0           0
10   0          0          0           1
11   0          0          0           0
12   0          0          0           0
13   0          0          0.0148936   0
14   0          0          0           0
15   0          0          0           0
16   0          0          0           0
18   0          0.329046   0.542324    0
19   0          0          0           0
21   0          0          0           0
22   0          0          0           0

 [*,10,*]
:       1           2          3         4          5          6          7  :=
1    0          0           0         0          0          0          0
2    0          1           0         0          0          0          0
3    0          0           0         0          0          0          0
4    0          0           1         0          0          0          0
5    1          0           0         0          0          0          0
6    0          0           0         0          0          0          0
7    0          0           0         0          0          1          0
8    1          0           0         0          0          0          0
9    0.236326   0           0         0          0.496388   0.267286   0
10   0          0           0         0          0          0          0
11   0          1           0         0          0          0          0
12   0          0           1         0          0          0          0
13   0          0           0         0          0          0          0.985106
14   0.490141   0           0         0.509859   0          0          0
15   0.319082   0           0         0.680918   0          0          0
16   0          1           0         0          0          0          0
18   0          0.0148686   0         0          0          0.113762   0
19   0          0           0         1          0          0          0
21   0          0           0.57565   0          0.42435    0          0
22   0          0           0         0          0          0          1

:       8          9          11          12        :=
1    0.708311   0          0           0.291689
2    0          0          0           0
3    0          0          0           1
4    0          0          0           0
5    0          0          0           0
6    0          0          0           1
7    0          0          0           0
8    0          0          0           0
9    0          0          0           0
10   0          0          0.942857    0.0571429
11   0          0          0           0
12   0          0          0           0
13   0          0          0.0148936   0
14   0          0          0           0
15   0          0          0           0
16   0          0          0           0
18   0          0.548133   0.323237    0
19   0          0          0           0
21   0          0          0           0
22   0          0          0           0

 [*,11,*]
:       1           2          3         4          5          6          7  :=
1    0          0           0         0          0          0          0
2    0          1           0         0          0          0          0
3    0          0           0         0          0          0          0
4    0          0           1         0          0          0          0
5    1          0           0         0          0          0          0
6    0          0           0         0          0          0          0
7    0          0           0         0          0          1          0
8    1          0           0         0          0          0          0
9    0.236326   0           0         0          0.496388   0.267286   0
10   0          0           0         0          0          0          0
11   0          1           0         0          0          0          0
12   0          0           1         0          0          0          0
13   0          0           0         0          0          0          1
14   0.490141   0           0         0.509859   0          0          0
15   0.319082   0           0         0.680918   0          0          0
16   0          1           0         0          0          0          0
18   0          0.0148686   0         0          0          0.113762   0
19   0          0           0         1          0          0          0
21   0          0           0.57565   0          0.42435    0          0
22   0          0           0         0          0          0          0.964557

:       8          9          10          12        :=
1    0.708311   0          0.290617   0.00107239
2    0          0          0          0
3    0          0          0          1
4    0          0          0          0
5    0          0          0          0
6    0          0          0          1
7    0          0          0          0
8    0          0          0          0
9    0          0          0          0
10   0          0          0          1
11   0          0          0          0
12   0          0          0          0
13   0          0          0          0
14   0          0          0          0
15   0          0          0          0
16   0          0          0          0
18   0          0.548133   0.323237   0
19   0          0          0          0
21   0          0          0          0
22   0          0          0          0.035443

 [*,12,*]
:       1           2          3         4          5          6          7  :=
1    0          0           0         0          0          0          0
2    0          1           0         0          0          0          0
3    0          0           0         0          0          0          0
4    0          0           1         0          0          0          0
5    1          0           0         0          0          0          0
6    0          0           0         0          0          0          0
7    0          0           0         0          0          1          0
8    1          0           0         0          0          0          0
9    0.236326   0           0         0          0.496388   0.267286   0
10   0          0           0         0          0          0          0
11   0          1           0         0          0          0          0
12   0          0           1         0          0          0          0
13   0          0           0         0          0          0          0.985106
14   0.490141   0           0         0.509859   0          0          0
15   0.319082   0           0         0.680918   0          0          0
16   0          1           0         0          0          0          0
18   0          0.0148686   0         0          0          0.113762   0
19   0          0           0         1          0          0          0
21   0          0           0.57565   0          0.42435    0          0
22   0          0           0         0          0          0          1

:       8          9          10         11        :=
1    0.708311   0          0.291689   0
2    0          0          0          0
3    0          0          1          0
4    0          0          0          0
5    0          0          0          0
6    0          0          1          0
7    0          0          0          0
8    0          0          0          0
9    0          0          0          0
10   0          0          0          1
11   0          0          0          0
12   0          0          0          0
13   0          0          0          0.0148936
14   0          0          0          0
15   0          0          0          0
16   0          0          0          0
18   0          0.548133   0.013278   0.309959
19   0          0          0          0
21   0          0          0          0
22   0          0          0          0
;

