K=11, W/V=4.7761852, B=2, time:17.765

ca [*] :=
1  6
2  5
;

fragment allocation x on node k:

1    2    3    4    5    6    7    8    9    10    11    
0 1 1 1 0 1 1 0 0 0 0 0 
1 0 1 1 0 1 0 0 0 0 0 0 
2 0 1 1 0 0 0 0 0 0 0 0 
3 1 0 1 0 0 1 0 0 0 0 0 
4 1 1 1 0 0 1 0 0 0 0 0 
5 1 1 1 0 0 1 0 0 0 0 0 
6 1 0 1 0 0 0 0 0 0 0 0 
7 0 0 0 0 0 0 0 0 0 0 0 
8 0 0 0 0 0 0 0 0 0 0 0 
9 0 1 1 0 0 0 0 0 0 0 0 
10 0 1 1 0 0 0 0 0 0 0 0 
11 0 0 0 0 0 0 0 0 0 0 0 
12 0 1 1 1 1 1 0 0 1 0 1 
13 0 1 1 1 1 1 0 0 1 0 1 
14 0 1 1 0 0 0 0 0 0 0 0 
15 0 0 0 0 0 0 0 0 0 0 0 
16 1 1 1 1 1 1 0 0 0 0 0 
17 1 1 1 1 0 0 0 0 0 0 0 
18 1 1 1 0 0 0 0 0 0 0 0 
19 0 1 1 1 1 1 0 0 0 0 0 
20 1 1 1 0 0 0 0 0 0 0 0 
21 0 1 1 0 0 0 0 0 0 0 0 
22 0 1 1 0 0 1 0 0 0 0 0 
23 0 1 1 1 0 1 1 0 1 1 1 
24 0 0 0 1 0 1 0 0 1 1 1 
25 0 0 0 0 0 0 0 0 1 0 1 
26 0 1 1 0 0 0 0 0 1 0 1 
27 0 0 0 0 0 0 0 0 1 1 1 
28 0 0 0 0 0 0 0 0 1 1 1 
29 0 0 0 0 0 0 0 0 1 0 1 
30 0 0 0 0 0 0 0 0 1 0 1 
31 0 1 1 0 1 1 0 0 0 0 0 
32 0 1 1 0 1 1 0 0 0 0 0 
33 0 1 0 0 0 1 0 0 0 0 0 
34 0 1 1 0 1 1 0 0 0 0 0 
35 0 0 0 0 0 0 0 0 0 0 0 
36 0 1 1 1 1 1 1 0 1 1 1 
37 0 1 1 1 0 1 1 0 1 1 1 
38 0 0 1 1 0 0 0 0 0 0 0 
39 0 0 0 1 0 1 0 0 1 1 0 
40 0 1 1 1 1 1 0 0 1 1 1 
41 0 0 1 1 0 0 0 0 0 0 0 
42 0 0 0 0 0 0 0 0 0 0 0 
43 0 0 0 0 0 0 0 0 1 0 1 
44 0 0 0 0 0 0 1 0 0 0 1 
45 0 1 1 1 1 1 0 0 1 1 1 
46 1 1 1 0 1 0 0 0 0 0 0 
47 1 1 1 1 1 0 0 0 0 0 0 
48 0 0 0 0 0 0 0 0 0 0 0 
49 1 1 1 1 1 1 1 1 1 1 0 
50 1 1 1 0 1 0 1 1 1 0 1 
51 1 1 1 0 1 0 1 1 1 0 1 
52 0 0 0 0 0 0 1 1 1 0 0 
53 0 0 0 0 0 0 1 1 1 0 1 
54 0 0 0 0 0 0 1 1 1 0 0 
55 1 1 1 1 0 0 1 1 1 0 1 
56 0 0 1 1 0 0 0 0 0 0 0 
57 0 0 1 1 0 0 0 0 0 0 0 
58 1 0 1 0 0 0 0 0 0 0 0 
59 1 0 1 1 0 0 0 0 0 0 0 

query feasibility y on node k:

1    2    3    4    5    6    7    8    9    10    11    
1 0 0 0 0 0 0 1 1 1 0 0 
2 0 1 1 0 0 0 0 0 0 0 0 
3 0 0 0 0 0 0 0 0 1 0 1 
4 0 0 1 1 0 0 0 0 0 0 0 
5 0 1 1 0 0 0 0 0 0 0 0 
6 0 0 0 0 0 0 1 1 0 0 0 
7 0 1 1 0 0 0 0 0 0 0 0 
8 0 1 1 0 0 0 0 0 0 0 0 
9 0 1 1 0 1 0 0 0 0 0 0 
10 0 0 0 0 0 0 0 0 1 0 1 
11 0 1 0 0 0 1 0 0 0 0 0 
12 0 0 1 1 0 0 0 0 0 0 0 
13 0 0 0 0 0 0 1 0 0 0 1 
14 1 1 1 0 0 0 0 0 0 0 0 
15 1 1 0 0 0 0 0 0 0 0 0 
16 0 0 1 0 0 1 0 0 0 0 0 
18 0 0 0 1 0 1 0 0 1 1 0 
19 1 0 1 0 0 0 0 0 0 0 0 
21 0 0 1 1 0 0 0 0 0 0 0 
22 0 0 0 0 0 0 0 0 1 1 1 

workload distribution ohne node failure:

1    2    3    4    5    6    7    8    9    10    11    
1 0.00000000 0.00000000 0.00000000 0.00000000 0.00000000 0.00000000 0.20000000 0.64391908 0.15608092 0.00000000 0.00000000 
2 0.00000000 1.00000000 0.00000000 0.00000000 0.00000000 0.00000000 0.00000000 0.00000000 0.00000000 0.00000000 0.00000000 
3 0.00000000 0.00000000 0.00000000 0.00000000 0.00000000 0.00000000 0.00000000 0.00000000 0.00000000 0.00000000 1.00000000 
4 0.00000000 0.00000000 0.00000000 1.00000000 0.00000000 0.00000000 0.00000000 0.00000000 0.00000000 0.00000000 0.00000000 
5 0.00000000 1.00000000 0.00000000 0.00000000 0.00000000 0.00000000 0.00000000 0.00000000 0.00000000 0.00000000 0.00000000 
6 0.00000000 0.00000000 0.00000000 0.00000000 0.00000000 0.00000000 1.00000000 0.00000000 0.00000000 0.00000000 0.00000000 
7 0.00000000 0.00000000 1.00000000 0.00000000 0.00000000 0.00000000 0.00000000 0.00000000 0.00000000 0.00000000 0.00000000 
8 0.00000000 1.00000000 0.00000000 0.00000000 0.00000000 0.00000000 0.00000000 0.00000000 0.00000000 0.00000000 0.00000000 
9 0.00000000 0.12806079 0.12834225 0.00000000 0.74359696 0.00000000 0.00000000 0.00000000 0.00000000 0.00000000 0.00000000 
10 0.00000000 0.00000000 0.00000000 0.00000000 0.00000000 0.00000000 0.00000000 0.00000000 0.38603896 0.00000000 0.61396104 
11 0.00000000 0.00000000 0.00000000 0.00000000 0.00000000 1.00000000 0.00000000 0.00000000 0.00000000 0.00000000 0.00000000 
12 0.00000000 0.00000000 0.00000000 1.00000000 0.00000000 0.00000000 0.00000000 0.00000000 0.00000000 0.00000000 0.00000000 
13 0.00000000 0.00000000 0.00000000 0.00000000 0.00000000 0.00000000 0.54564797 0.00000000 0.00000000 0.00000000 0.45435203 
14 0.17157490 0.82842510 0.00000000 0.00000000 0.00000000 0.00000000 0.00000000 0.00000000 0.00000000 0.00000000 0.00000000 
15 1.00000000 0.00000000 0.00000000 0.00000000 0.00000000 0.00000000 0.00000000 0.00000000 0.00000000 0.00000000 0.00000000 
16 0.00000000 0.00000000 0.71347403 0.00000000 0.00000000 0.28652597 0.00000000 0.00000000 0.00000000 0.00000000 0.00000000 
18 0.00000000 0.00000000 0.00000000 0.00000000 0.00000000 0.37778197 0.00000000 0.00000000 0.28781592 0.33440211 0.00000000 
19 1.00000000 0.00000000 0.00000000 0.00000000 0.00000000 0.00000000 0.00000000 0.00000000 0.00000000 0.00000000 0.00000000 
21 0.00000000 0.00000000 0.28239845 0.71760155 0.00000000 0.00000000 0.00000000 0.00000000 0.00000000 0.00000000 0.00000000 
22 0.00000000 0.00000000 0.00000000 0.00000000 0.00000000 0.00000000 0.00000000 0.00000000 0.00000000 1.00000000 0.00000000 

workload distribution if node 1 fails:

2    3    4    5    6    7    8    9    10    11    
1 0.00000000 0.00000000 0.00000000 0.00000000 0.00000000 0.20000000 0.64391908 0.15608092 0.00000000 0.00000000 
2 1.00000000 0.00000000 0.00000000 0.00000000 0.00000000 0.00000000 0.00000000 0.00000000 0.00000000 0.00000000 
3 0.00000000 0.00000000 0.00000000 0.00000000 0.00000000 0.00000000 0.00000000 0.00000000 0.00000000 1.00000000 
4 0.00000000 0.00000000 1.00000000 0.00000000 0.00000000 0.00000000 0.00000000 0.00000000 0.00000000 0.00000000 
5 0.00000000 1.00000000 0.00000000 0.00000000 0.00000000 0.00000000 0.00000000 0.00000000 0.00000000 0.00000000 
6 0.00000000 0.00000000 0.00000000 0.00000000 0.00000000 1.00000000 0.00000000 0.00000000 0.00000000 0.00000000 
7 0.78757192 0.21242808 0.00000000 0.00000000 0.00000000 0.00000000 0.00000000 0.00000000 0.00000000 0.00000000 
8 1.00000000 0.00000000 0.00000000 0.00000000 0.00000000 0.00000000 0.00000000 0.00000000 0.00000000 0.00000000 
9 0.00000000 0.10768365 0.00000000 0.89231635 0.00000000 0.00000000 0.00000000 0.00000000 0.00000000 0.00000000 
10 0.00000000 0.00000000 0.00000000 0.00000000 0.00000000 0.00000000 0.00000000 0.38603896 0.00000000 0.61396104 
11 0.00000000 0.00000000 0.00000000 0.00000000 1.00000000 0.00000000 0.00000000 0.00000000 0.00000000 0.00000000 
12 0.00000000 0.00000000 1.00000000 0.00000000 0.00000000 0.00000000 0.00000000 0.00000000 0.00000000 0.00000000 
13 0.00000000 0.00000000 0.00000000 0.00000000 0.00000000 0.54564797 0.00000000 0.00000000 0.00000000 0.45435203 
14 0.00000000 1.00000000 0.00000000 0.00000000 0.00000000 0.00000000 0.00000000 0.00000000 0.00000000 0.00000000 
15 1.00000000 0.00000000 0.00000000 0.00000000 0.00000000 0.00000000 0.00000000 0.00000000 0.00000000 0.00000000 
16 0.00000000 0.21120130 0.00000000 0.00000000 0.78879870 0.00000000 0.00000000 0.00000000 0.00000000 0.00000000 
18 0.00000000 0.00000000 0.01705017 0.00000000 0.36073180 0.00000000 0.00000000 0.28781592 0.33440211 0.00000000 
19 0.00000000 1.00000000 0.00000000 0.00000000 0.00000000 0.00000000 0.00000000 0.00000000 0.00000000 0.00000000 
21 0.00000000 0.00000000 1.00000000 0.00000000 0.00000000 0.00000000 0.00000000 0.00000000 0.00000000 0.00000000 
22 0.00000000 0.00000000 0.00000000 0.00000000 0.00000000 0.00000000 0.00000000 0.00000000 1.00000000 0.00000000 

workload distribution if node 2 fails:

1    3    4    5    6    7    8    9    10    11    
1 0.00000000 0.00000000 0.00000000 0.00000000 0.00000000 0.20000000 0.64391908 0.15608092 0.00000000 0.00000000 
2 0.00000000 1.00000000 0.00000000 0.00000000 0.00000000 0.00000000 0.00000000 0.00000000 0.00000000 0.00000000 
3 0.00000000 0.00000000 0.00000000 0.00000000 0.00000000 0.00000000 0.00000000 0.00000000 0.00000000 1.00000000 
4 0.00000000 0.00000000 1.00000000 0.00000000 0.00000000 0.00000000 0.00000000 0.00000000 0.00000000 0.00000000 
5 0.00000000 1.00000000 0.00000000 0.00000000 0.00000000 0.00000000 0.00000000 0.00000000 0.00000000 0.00000000 
6 0.00000000 0.00000000 0.00000000 0.00000000 0.00000000 1.00000000 0.00000000 0.00000000 0.00000000 0.00000000 
7 0.00000000 1.00000000 0.00000000 0.00000000 0.00000000 0.00000000 0.00000000 0.00000000 0.00000000 0.00000000 
8 0.00000000 1.00000000 0.00000000 0.00000000 0.00000000 0.00000000 0.00000000 0.00000000 0.00000000 0.00000000 
9 0.00000000 0.10768365 0.00000000 0.89231635 0.00000000 0.00000000 0.00000000 0.00000000 0.00000000 0.00000000 
10 0.00000000 0.00000000 0.00000000 0.00000000 0.00000000 0.00000000 0.00000000 0.38603896 0.00000000 0.61396104 
11 0.00000000 0.00000000 0.00000000 0.00000000 1.00000000 0.00000000 0.00000000 0.00000000 0.00000000 0.00000000 
12 0.00000000 0.00000000 1.00000000 0.00000000 0.00000000 0.00000000 0.00000000 0.00000000 0.00000000 0.00000000 
13 0.00000000 0.00000000 0.00000000 0.00000000 0.00000000 0.54564797 0.00000000 0.00000000 0.00000000 0.45435203 
14 0.84814341 0.15185659 0.00000000 0.00000000 0.00000000 0.00000000 0.00000000 0.00000000 0.00000000 0.00000000 
15 1.00000000 0.00000000 0.00000000 0.00000000 0.00000000 0.00000000 0.00000000 0.00000000 0.00000000 0.00000000 
16 0.00000000 0.00000000 0.00000000 0.00000000 1.00000000 0.00000000 0.00000000 0.00000000 0.00000000 0.00000000 
18 0.00000000 0.00000000 0.06612599 0.00000000 0.31165598 0.00000000 0.00000000 0.28781592 0.33440211 0.00000000 
19 1.00000000 0.00000000 0.00000000 0.00000000 0.00000000 0.00000000 0.00000000 0.00000000 0.00000000 0.00000000 
21 0.00000000 0.16776273 0.83223727 0.00000000 0.00000000 0.00000000 0.00000000 0.00000000 0.00000000 0.00000000 
22 0.00000000 0.00000000 0.00000000 0.00000000 0.00000000 0.00000000 0.00000000 0.00000000 1.00000000 0.00000000 

workload distribution if node 3 fails:

1    2    4    5    6    7    8    9    10    11    
1 0.00000000 0.00000000 0.00000000 0.00000000 0.00000000 0.20000000 0.64391908 0.15608092 0.00000000 0.00000000 
2 0.00000000 1.00000000 0.00000000 0.00000000 0.00000000 0.00000000 0.00000000 0.00000000 0.00000000 0.00000000 
3 0.00000000 0.00000000 0.00000000 0.00000000 0.00000000 0.00000000 0.00000000 0.00000000 0.00000000 1.00000000 
4 0.00000000 0.00000000 1.00000000 0.00000000 0.00000000 0.00000000 0.00000000 0.00000000 0.00000000 0.00000000 
5 0.00000000 1.00000000 0.00000000 0.00000000 0.00000000 0.00000000 0.00000000 0.00000000 0.00000000 0.00000000 
6 0.00000000 0.00000000 0.00000000 0.00000000 0.00000000 1.00000000 0.00000000 0.00000000 0.00000000 0.00000000 
7 0.00000000 1.00000000 0.00000000 0.00000000 0.00000000 0.00000000 0.00000000 0.00000000 0.00000000 0.00000000 
8 0.00000000 1.00000000 0.00000000 0.00000000 0.00000000 0.00000000 0.00000000 0.00000000 0.00000000 0.00000000 
9 0.00000000 0.10768365 0.00000000 0.89231635 0.00000000 0.00000000 0.00000000 0.00000000 0.00000000 0.00000000 
10 0.00000000 0.00000000 0.00000000 0.00000000 0.00000000 0.00000000 0.00000000 0.38603896 0.00000000 0.61396104 
11 0.00000000 0.90979021 0.00000000 0.00000000 0.09020979 0.00000000 0.00000000 0.00000000 0.00000000 0.00000000 
12 0.00000000 0.00000000 1.00000000 0.00000000 0.00000000 0.00000000 0.00000000 0.00000000 0.00000000 0.00000000 
13 0.00000000 0.00000000 0.00000000 0.00000000 0.00000000 0.54564797 0.00000000 0.00000000 0.00000000 0.45435203 
14 0.84814341 0.15185659 0.00000000 0.00000000 0.00000000 0.00000000 0.00000000 0.00000000 0.00000000 0.00000000 
15 1.00000000 0.00000000 0.00000000 0.00000000 0.00000000 0.00000000 0.00000000 0.00000000 0.00000000 0.00000000 
16 0.00000000 0.00000000 0.00000000 0.00000000 1.00000000 0.00000000 0.00000000 0.00000000 0.00000000 0.00000000 
18 0.00000000 0.00000000 0.01705017 0.00000000 0.36073180 0.00000000 0.00000000 0.28781592 0.33440211 0.00000000 
19 1.00000000 0.00000000 0.00000000 0.00000000 0.00000000 0.00000000 0.00000000 0.00000000 0.00000000 0.00000000 
21 0.00000000 0.00000000 1.00000000 0.00000000 0.00000000 0.00000000 0.00000000 0.00000000 0.00000000 0.00000000 
22 0.00000000 0.00000000 0.00000000 0.00000000 0.00000000 0.00000000 0.00000000 0.00000000 1.00000000 0.00000000 

workload distribution if node 4 fails:

1    2    3    5    6    7    8    9    10    11    
1 0.00000000 0.00000000 0.00000000 0.00000000 0.00000000 0.20000000 0.64391908 0.15608092 0.00000000 0.00000000 
2 0.00000000 1.00000000 0.00000000 0.00000000 0.00000000 0.00000000 0.00000000 0.00000000 0.00000000 0.00000000 
3 0.00000000 0.00000000 0.00000000 0.00000000 0.00000000 0.00000000 0.00000000 0.00000000 0.00000000 1.00000000 
4 0.00000000 0.00000000 1.00000000 0.00000000 0.00000000 0.00000000 0.00000000 0.00000000 0.00000000 0.00000000 
5 0.00000000 1.00000000 0.00000000 0.00000000 0.00000000 0.00000000 0.00000000 0.00000000 0.00000000 0.00000000 
6 0.00000000 0.00000000 0.00000000 0.00000000 0.00000000 1.00000000 0.00000000 0.00000000 0.00000000 0.00000000 
7 0.00000000 1.00000000 0.00000000 0.00000000 0.00000000 0.00000000 0.00000000 0.00000000 0.00000000 0.00000000 
8 0.00000000 1.00000000 0.00000000 0.00000000 0.00000000 0.00000000 0.00000000 0.00000000 0.00000000 0.00000000 
9 0.00000000 0.10042218 0.00726147 0.89231635 0.00000000 0.00000000 0.00000000 0.00000000 0.00000000 0.00000000 
10 0.00000000 0.00000000 0.00000000 0.00000000 0.00000000 0.00000000 0.00000000 0.38603896 0.00000000 0.61396104 
11 0.00000000 1.00000000 0.00000000 0.00000000 0.00000000 0.00000000 0.00000000 0.00000000 0.00000000 0.00000000 
12 0.00000000 0.00000000 1.00000000 0.00000000 0.00000000 0.00000000 0.00000000 0.00000000 0.00000000 0.00000000 
13 0.00000000 0.00000000 0.00000000 0.00000000 0.00000000 0.54564797 0.00000000 0.00000000 0.00000000 0.45435203 
14 0.84814341 0.15185659 0.00000000 0.00000000 0.00000000 0.00000000 0.00000000 0.00000000 0.00000000 0.00000000 
15 1.00000000 0.00000000 0.00000000 0.00000000 0.00000000 0.00000000 0.00000000 0.00000000 0.00000000 0.00000000 
16 0.00000000 0.00000000 0.05243506 0.00000000 0.94756494 0.00000000 0.00000000 0.00000000 0.00000000 0.00000000 
18 0.00000000 0.00000000 0.00000000 0.00000000 0.37778197 0.00000000 0.00000000 0.28781592 0.33440211 0.00000000 
19 1.00000000 0.00000000 0.00000000 0.00000000 0.00000000 0.00000000 0.00000000 0.00000000 0.00000000 0.00000000 
21 0.00000000 0.00000000 1.00000000 0.00000000 0.00000000 0.00000000 0.00000000 0.00000000 0.00000000 0.00000000 
22 0.00000000 0.00000000 0.00000000 0.00000000 0.00000000 0.00000000 0.00000000 0.00000000 1.00000000 0.00000000 

workload distribution if node 5 fails:

1    2    3    4    6    7    8    9    10    11    
1 0.00000000 0.00000000 0.00000000 0.00000000 0.00000000 0.20000000 0.64391908 0.15608092 0.00000000 0.00000000 
2 0.00000000 1.00000000 0.00000000 0.00000000 0.00000000 0.00000000 0.00000000 0.00000000 0.00000000 0.00000000 
3 0.00000000 0.00000000 0.00000000 0.00000000 0.00000000 0.00000000 0.00000000 0.00000000 0.00000000 1.00000000 
4 0.00000000 0.00000000 0.00000000 1.00000000 0.00000000 0.00000000 0.00000000 0.00000000 0.00000000 0.00000000 
5 0.00000000 1.00000000 0.00000000 0.00000000 0.00000000 0.00000000 0.00000000 0.00000000 0.00000000 0.00000000 
6 0.00000000 0.00000000 0.00000000 0.00000000 0.00000000 1.00000000 0.00000000 0.00000000 0.00000000 0.00000000 
7 0.00000000 1.00000000 0.00000000 0.00000000 0.00000000 0.00000000 0.00000000 0.00000000 0.00000000 0.00000000 
8 0.00000000 1.00000000 0.00000000 0.00000000 0.00000000 0.00000000 0.00000000 0.00000000 0.00000000 0.00000000 
9 0.00000000 0.21429778 0.78570222 0.00000000 0.00000000 0.00000000 0.00000000 0.00000000 0.00000000 0.00000000 
10 0.00000000 0.00000000 0.00000000 0.00000000 0.00000000 0.00000000 0.00000000 0.38603896 0.00000000 0.61396104 
11 0.00000000 0.00000000 0.00000000 0.00000000 1.00000000 0.00000000 0.00000000 0.00000000 0.00000000 0.00000000 
12 0.00000000 0.00000000 0.00000000 1.00000000 0.00000000 0.00000000 0.00000000 0.00000000 0.00000000 0.00000000 
13 0.00000000 0.00000000 0.00000000 0.00000000 0.00000000 0.54564797 0.00000000 0.00000000 0.00000000 0.45435203 
14 1.00000000 0.00000000 0.00000000 0.00000000 0.00000000 0.00000000 0.00000000 0.00000000 0.00000000 0.00000000 
15 1.00000000 0.00000000 0.00000000 0.00000000 0.00000000 0.00000000 0.00000000 0.00000000 0.00000000 0.00000000 
16 0.00000000 0.00000000 0.00000000 0.00000000 1.00000000 0.00000000 0.00000000 0.00000000 0.00000000 0.00000000 
18 0.00000000 0.00000000 0.00000000 0.06612599 0.31165598 0.00000000 0.00000000 0.28781592 0.33440211 0.00000000 
19 0.88020202 0.00000000 0.11979798 0.00000000 0.00000000 0.00000000 0.00000000 0.00000000 0.00000000 0.00000000 
21 0.00000000 0.00000000 0.16776273 0.83223727 0.00000000 0.00000000 0.00000000 0.00000000 0.00000000 0.00000000 
22 0.00000000 0.00000000 0.00000000 0.00000000 0.00000000 0.00000000 0.00000000 0.00000000 1.00000000 0.00000000 

workload distribution if node 6 fails:

1    2    3    4    5    7    8    9    10    11    
1 0.00000000 0.00000000 0.00000000 0.00000000 0.00000000 0.20000000 0.64391908 0.15608092 0.00000000 0.00000000 
2 0.00000000 1.00000000 0.00000000 0.00000000 0.00000000 0.00000000 0.00000000 0.00000000 0.00000000 0.00000000 
3 0.00000000 0.00000000 0.00000000 0.00000000 0.00000000 0.00000000 0.00000000 0.00000000 0.00000000 1.00000000 
4 0.00000000 0.00000000 1.00000000 0.00000000 0.00000000 0.00000000 0.00000000 0.00000000 0.00000000 0.00000000 
5 0.00000000 1.00000000 0.00000000 0.00000000 0.00000000 0.00000000 0.00000000 0.00000000 0.00000000 0.00000000 
6 0.00000000 0.00000000 0.00000000 0.00000000 0.00000000 1.00000000 0.00000000 0.00000000 0.00000000 0.00000000 
7 0.00000000 1.00000000 0.00000000 0.00000000 0.00000000 0.00000000 0.00000000 0.00000000 0.00000000 0.00000000 
8 0.00000000 1.00000000 0.00000000 0.00000000 0.00000000 0.00000000 0.00000000 0.00000000 0.00000000 0.00000000 
9 0.00000000 0.10768365 0.00000000 0.00000000 0.89231635 0.00000000 0.00000000 0.00000000 0.00000000 0.00000000 
10 0.00000000 0.00000000 0.00000000 0.00000000 0.00000000 0.00000000 0.00000000 0.38603896 0.00000000 0.61396104 
11 0.00000000 1.00000000 0.00000000 0.00000000 0.00000000 0.00000000 0.00000000 0.00000000 0.00000000 0.00000000 
12 0.00000000 0.00000000 1.00000000 0.00000000 0.00000000 0.00000000 0.00000000 0.00000000 0.00000000 0.00000000 
13 0.00000000 0.00000000 0.00000000 0.00000000 0.00000000 0.54564797 0.00000000 0.00000000 0.00000000 0.45435203 
14 0.88117798 0.11882202 0.00000000 0.00000000 0.00000000 0.00000000 0.00000000 0.00000000 0.00000000 0.00000000 
15 1.00000000 0.00000000 0.00000000 0.00000000 0.00000000 0.00000000 0.00000000 0.00000000 0.00000000 0.00000000 
16 0.00000000 0.00000000 1.00000000 0.00000000 0.00000000 0.00000000 0.00000000 0.00000000 0.00000000 0.00000000 
18 0.00000000 0.00000000 0.00000000 0.37778197 0.00000000 0.00000000 0.00000000 0.28781592 0.33440211 0.00000000 
19 0.97393939 0.00000000 0.02606061 0.00000000 0.00000000 0.00000000 0.00000000 0.00000000 0.00000000 0.00000000 
21 0.00000000 0.00000000 0.24732431 0.75267569 0.00000000 0.00000000 0.00000000 0.00000000 0.00000000 0.00000000 
22 0.00000000 0.00000000 0.00000000 0.00000000 0.00000000 0.00000000 0.00000000 0.00000000 1.00000000 0.00000000 

workload distribution if node 7 fails:

1    2    3    4    5    6    8    9    10    11    
1 0.00000000 0.00000000 0.00000000 0.00000000 0.00000000 0.00000000 0.63599805 0.36400195 0.00000000 0.00000000 
2 0.00000000 1.00000000 0.00000000 0.00000000 0.00000000 0.00000000 0.00000000 0.00000000 0.00000000 0.00000000 
3 0.00000000 0.00000000 0.00000000 0.00000000 0.00000000 0.00000000 0.00000000 0.00000000 0.00000000 1.00000000 
4 0.00000000 0.00000000 0.00000000 1.00000000 0.00000000 0.00000000 0.00000000 0.00000000 0.00000000 0.00000000 
5 0.00000000 1.00000000 0.00000000 0.00000000 0.00000000 0.00000000 0.00000000 0.00000000 0.00000000 0.00000000 
6 0.00000000 0.00000000 0.00000000 0.00000000 0.00000000 0.00000000 1.00000000 0.00000000 0.00000000 0.00000000 
7 0.00000000 0.00000000 1.00000000 0.00000000 0.00000000 0.00000000 0.00000000 0.00000000 0.00000000 0.00000000 
8 0.00000000 1.00000000 0.00000000 0.00000000 0.00000000 0.00000000 0.00000000 0.00000000 0.00000000 0.00000000 
9 0.00000000 0.12806079 0.12834225 0.00000000 0.74359696 0.00000000 0.00000000 0.00000000 0.00000000 0.00000000 
10 0.00000000 0.00000000 0.00000000 0.00000000 0.00000000 0.00000000 0.00000000 0.76582792 0.00000000 0.23417208 
11 0.00000000 0.00000000 0.00000000 0.00000000 0.00000000 1.00000000 0.00000000 0.00000000 0.00000000 0.00000000 
12 0.00000000 0.00000000 0.00000000 1.00000000 0.00000000 0.00000000 0.00000000 0.00000000 0.00000000 0.00000000 
13 0.00000000 0.00000000 0.00000000 0.00000000 0.00000000 0.00000000 0.00000000 0.00000000 0.00000000 1.00000000 
14 0.17157490 0.82842510 0.00000000 0.00000000 0.00000000 0.00000000 0.00000000 0.00000000 0.00000000 0.00000000 
15 1.00000000 0.00000000 0.00000000 0.00000000 0.00000000 0.00000000 0.00000000 0.00000000 0.00000000 0.00000000 
16 0.00000000 0.00000000 0.71347403 0.00000000 0.00000000 0.28652597 0.00000000 0.00000000 0.00000000 0.00000000 
18 0.00000000 0.00000000 0.00000000 0.00000000 0.00000000 0.37778197 0.00000000 0.00000000 0.62221803 0.00000000 
19 1.00000000 0.00000000 0.00000000 0.00000000 0.00000000 0.00000000 0.00000000 0.00000000 0.00000000 0.00000000 
21 0.00000000 0.00000000 0.28239845 0.71760155 0.00000000 0.00000000 0.00000000 0.00000000 0.00000000 0.00000000 
22 0.00000000 0.00000000 0.00000000 0.00000000 0.00000000 0.00000000 0.00000000 0.99597238 0.00402762 0.00000000 

workload distribution if node 8 fails:

1    2    3    4    5    6    7    9    10    11    
1 0.00000000 0.00000000 0.00000000 0.00000000 0.00000000 0.00000000 0.63599805 0.36400195 0.00000000 0.00000000 
2 0.00000000 1.00000000 0.00000000 0.00000000 0.00000000 0.00000000 0.00000000 0.00000000 0.00000000 0.00000000 
3 0.00000000 0.00000000 0.00000000 0.00000000 0.00000000 0.00000000 0.00000000 0.00000000 0.00000000 1.00000000 
4 0.00000000 0.00000000 0.00000000 1.00000000 0.00000000 0.00000000 0.00000000 0.00000000 0.00000000 0.00000000 
5 0.00000000 1.00000000 0.00000000 0.00000000 0.00000000 0.00000000 0.00000000 0.00000000 0.00000000 0.00000000 
6 0.00000000 0.00000000 0.00000000 0.00000000 0.00000000 0.00000000 1.00000000 0.00000000 0.00000000 0.00000000 
7 0.00000000 0.00000000 1.00000000 0.00000000 0.00000000 0.00000000 0.00000000 0.00000000 0.00000000 0.00000000 
8 0.00000000 1.00000000 0.00000000 0.00000000 0.00000000 0.00000000 0.00000000 0.00000000 0.00000000 0.00000000 
9 0.00000000 0.12806079 0.12834225 0.00000000 0.74359696 0.00000000 0.00000000 0.00000000 0.00000000 0.00000000 
10 0.00000000 0.00000000 0.00000000 0.00000000 0.00000000 0.00000000 0.00000000 0.76582792 0.00000000 0.23417208 
11 0.00000000 0.00000000 0.00000000 0.00000000 0.00000000 1.00000000 0.00000000 0.00000000 0.00000000 0.00000000 
12 0.00000000 0.00000000 0.00000000 1.00000000 0.00000000 0.00000000 0.00000000 0.00000000 0.00000000 0.00000000 
13 0.00000000 0.00000000 0.00000000 0.00000000 0.00000000 0.00000000 0.00000000 0.00000000 0.00000000 1.00000000 
14 0.17157490 0.82842510 0.00000000 0.00000000 0.00000000 0.00000000 0.00000000 0.00000000 0.00000000 0.00000000 
15 1.00000000 0.00000000 0.00000000 0.00000000 0.00000000 0.00000000 0.00000000 0.00000000 0.00000000 0.00000000 
16 0.00000000 0.00000000 0.71347403 0.00000000 0.00000000 0.28652597 0.00000000 0.00000000 0.00000000 0.00000000 
18 0.00000000 0.00000000 0.00000000 0.00000000 0.00000000 0.37778197 0.00000000 0.16324029 0.45897774 0.00000000 
19 1.00000000 0.00000000 0.00000000 0.00000000 0.00000000 0.00000000 0.00000000 0.00000000 0.00000000 0.00000000 
21 0.00000000 0.00000000 0.28239845 0.71760155 0.00000000 0.00000000 0.00000000 0.00000000 0.00000000 0.00000000 
22 0.00000000 0.00000000 0.00000000 0.00000000 0.00000000 0.00000000 0.00000000 0.00000000 1.00000000 0.00000000 

workload distribution if node 9 fails:

1    2    3    4    5    6    7    8    10    11    
1 0.00000000 0.00000000 0.00000000 0.00000000 0.00000000 0.00000000 0.19510115 0.80489885 0.00000000 0.00000000 
2 0.00000000 1.00000000 0.00000000 0.00000000 0.00000000 0.00000000 0.00000000 0.00000000 0.00000000 0.00000000 
3 0.00000000 0.00000000 0.00000000 0.00000000 0.00000000 0.00000000 0.00000000 0.00000000 0.00000000 1.00000000 
4 0.00000000 0.00000000 0.00000000 1.00000000 0.00000000 0.00000000 0.00000000 0.00000000 0.00000000 0.00000000 
5 0.00000000 1.00000000 0.00000000 0.00000000 0.00000000 0.00000000 0.00000000 0.00000000 0.00000000 0.00000000 
6 0.00000000 0.00000000 0.00000000 0.00000000 0.00000000 0.00000000 1.00000000 0.00000000 0.00000000 0.00000000 
7 0.00000000 0.00000000 1.00000000 0.00000000 0.00000000 0.00000000 0.00000000 0.00000000 0.00000000 0.00000000 
8 0.00000000 1.00000000 0.00000000 0.00000000 0.00000000 0.00000000 0.00000000 0.00000000 0.00000000 0.00000000 
9 0.00000000 0.12806079 0.12834225 0.00000000 0.74359696 0.00000000 0.00000000 0.00000000 0.00000000 0.00000000 
10 0.00000000 0.00000000 0.00000000 0.00000000 0.00000000 0.00000000 0.00000000 0.00000000 0.00000000 1.00000000 
11 0.00000000 0.00000000 0.00000000 0.00000000 0.00000000 1.00000000 0.00000000 0.00000000 0.00000000 0.00000000 
12 0.00000000 0.00000000 0.00000000 1.00000000 0.00000000 0.00000000 0.00000000 0.00000000 0.00000000 0.00000000 
13 0.00000000 0.00000000 0.00000000 0.00000000 0.00000000 0.00000000 0.87475822 0.00000000 0.00000000 0.12524178 
14 0.17157490 0.82842510 0.00000000 0.00000000 0.00000000 0.00000000 0.00000000 0.00000000 0.00000000 0.00000000 
15 1.00000000 0.00000000 0.00000000 0.00000000 0.00000000 0.00000000 0.00000000 0.00000000 0.00000000 0.00000000 
16 0.00000000 0.00000000 0.71347403 0.00000000 0.00000000 0.28652597 0.00000000 0.00000000 0.00000000 0.00000000 
18 0.00000000 0.00000000 0.00000000 0.00000000 0.00000000 0.37778197 0.00000000 0.00000000 0.62221803 0.00000000 
19 1.00000000 0.00000000 0.00000000 0.00000000 0.00000000 0.00000000 0.00000000 0.00000000 0.00000000 0.00000000 
21 0.00000000 0.00000000 0.28239845 0.71760155 0.00000000 0.00000000 0.00000000 0.00000000 0.00000000 0.00000000 
22 0.00000000 0.00000000 0.00000000 0.00000000 0.00000000 0.00000000 0.00000000 0.00000000 0.00402762 0.99597238 

workload distribution if node 10 fails:

1    2    3    4    5    6    7    8    9    11    
1 0.00000000 0.00000000 0.00000000 0.00000000 0.00000000 0.00000000 0.19510115 0.80489885 0.00000000 0.00000000 
2 0.00000000 1.00000000 0.00000000 0.00000000 0.00000000 0.00000000 0.00000000 0.00000000 0.00000000 0.00000000 
3 0.00000000 0.00000000 0.00000000 0.00000000 0.00000000 0.00000000 0.00000000 0.00000000 0.00000000 1.00000000 
4 0.00000000 0.00000000 0.00000000 1.00000000 0.00000000 0.00000000 0.00000000 0.00000000 0.00000000 0.00000000 
5 0.00000000 1.00000000 0.00000000 0.00000000 0.00000000 0.00000000 0.00000000 0.00000000 0.00000000 0.00000000 
6 0.00000000 0.00000000 0.00000000 0.00000000 0.00000000 0.00000000 1.00000000 0.00000000 0.00000000 0.00000000 
7 0.00000000 0.00000000 1.00000000 0.00000000 0.00000000 0.00000000 0.00000000 0.00000000 0.00000000 0.00000000 
8 0.00000000 1.00000000 0.00000000 0.00000000 0.00000000 0.00000000 0.00000000 0.00000000 0.00000000 0.00000000 
9 0.00000000 0.12806079 0.12834225 0.00000000 0.74359696 0.00000000 0.00000000 0.00000000 0.00000000 0.00000000 
10 0.00000000 0.00000000 0.00000000 0.00000000 0.00000000 0.00000000 0.00000000 0.00000000 0.00000000 1.00000000 
11 0.00000000 0.00000000 0.00000000 0.00000000 0.00000000 1.00000000 0.00000000 0.00000000 0.00000000 0.00000000 
12 0.00000000 0.00000000 0.00000000 1.00000000 0.00000000 0.00000000 0.00000000 0.00000000 0.00000000 0.00000000 
13 0.00000000 0.00000000 0.00000000 0.00000000 0.00000000 0.00000000 0.87475822 0.00000000 0.00000000 0.12524178 
14 0.17157490 0.82842510 0.00000000 0.00000000 0.00000000 0.00000000 0.00000000 0.00000000 0.00000000 0.00000000 
15 1.00000000 0.00000000 0.00000000 0.00000000 0.00000000 0.00000000 0.00000000 0.00000000 0.00000000 0.00000000 
16 0.00000000 0.00000000 0.71347403 0.00000000 0.00000000 0.28652597 0.00000000 0.00000000 0.00000000 0.00000000 
18 0.00000000 0.00000000 0.00000000 0.00000000 0.00000000 0.37778197 0.00000000 0.00000000 0.62221803 0.00000000 
19 1.00000000 0.00000000 0.00000000 0.00000000 0.00000000 0.00000000 0.00000000 0.00000000 0.00000000 0.00000000 
21 0.00000000 0.00000000 0.28239845 0.71760155 0.00000000 0.00000000 0.00000000 0.00000000 0.00000000 0.00000000 
22 0.00000000 0.00000000 0.00000000 0.00000000 0.00000000 0.00000000 0.00000000 0.00000000 0.00402762 0.99597238 

workload distribution if node 11 fails:

1    2    3    4    5    6    7    8    9    10    
1 0.00000000 0.00000000 0.00000000 0.00000000 0.00000000 0.00000000 0.30087741 0.63599805 0.06312454 0.00000000 
2 0.00000000 1.00000000 0.00000000 0.00000000 0.00000000 0.00000000 0.00000000 0.00000000 0.00000000 0.00000000 
3 0.00000000 0.00000000 0.00000000 0.00000000 0.00000000 0.00000000 0.00000000 0.00000000 1.00000000 0.00000000 
4 0.00000000 0.00000000 0.00000000 1.00000000 0.00000000 0.00000000 0.00000000 0.00000000 0.00000000 0.00000000 
5 0.00000000 1.00000000 0.00000000 0.00000000 0.00000000 0.00000000 0.00000000 0.00000000 0.00000000 0.00000000 
6 0.00000000 0.00000000 0.00000000 0.00000000 0.00000000 0.00000000 0.00000000 1.00000000 0.00000000 0.00000000 
7 0.00000000 0.00000000 1.00000000 0.00000000 0.00000000 0.00000000 0.00000000 0.00000000 0.00000000 0.00000000 
8 0.00000000 1.00000000 0.00000000 0.00000000 0.00000000 0.00000000 0.00000000 0.00000000 0.00000000 0.00000000 
9 0.00000000 0.12806079 0.12834225 0.00000000 0.74359696 0.00000000 0.00000000 0.00000000 0.00000000 0.00000000 
10 0.00000000 0.00000000 0.00000000 0.00000000 0.00000000 0.00000000 0.00000000 0.00000000 1.00000000 0.00000000 
11 0.00000000 0.00000000 0.00000000 0.00000000 0.00000000 1.00000000 0.00000000 0.00000000 0.00000000 0.00000000 
12 0.00000000 0.00000000 0.00000000 1.00000000 0.00000000 0.00000000 0.00000000 0.00000000 0.00000000 0.00000000 
13 0.00000000 0.00000000 0.00000000 0.00000000 0.00000000 0.00000000 1.00000000 0.00000000 0.00000000 0.00000000 
14 0.17157490 0.82842510 0.00000000 0.00000000 0.00000000 0.00000000 0.00000000 0.00000000 0.00000000 0.00000000 
15 1.00000000 0.00000000 0.00000000 0.00000000 0.00000000 0.00000000 0.00000000 0.00000000 0.00000000 0.00000000 
16 0.00000000 0.00000000 0.71347403 0.00000000 0.00000000 0.28652597 0.00000000 0.00000000 0.00000000 0.00000000 
18 0.00000000 0.00000000 0.00000000 0.00000000 0.00000000 0.37778197 0.00000000 0.00000000 0.16324029 0.45897774 
19 1.00000000 0.00000000 0.00000000 0.00000000 0.00000000 0.00000000 0.00000000 0.00000000 0.00000000 0.00000000 
21 0.00000000 0.00000000 0.28239845 0.71760155 0.00000000 0.00000000 0.00000000 0.00000000 0.00000000 0.00000000 
22 0.00000000 0.00000000 0.00000000 0.00000000 0.00000000 0.00000000 0.00000000 0.00000000 0.00000000 1.00000000 



zz_test [*] :=
 1  1
 2  1
 3  1
 4  1
 5  1
 6  1
 7  1
 8  1
 9  1
10  1
11  1
12  1
13  1
14  1
15  1
16  1
18  1
19  1
21  1
22  1
;

K_test [*] :=
 1  0.0909091
 2  0.0909091
 3  0.0909091
 4  0.0909091
 5  0.0909091
 6  0.0909091
 7  0.0909091
 8  0.0909091
 9  0.0909091
10  0.0909091
11  0.0909091
;

zz2_test [*,*]
:    1   2   3   4   5   6   7   8   9  10  11    :=
1    1   1   1   1   1   1   1   1   1   1   1
2    1   1   1   1   1   1   1   1   1   1   1
3    1   1   1   1   1   1   1   1   1   1   1
4    1   1   1   1   1   1   1   1   1   1   1
5    1   1   1   1   1   1   1   1   1   1   1
6    1   1   1   1   1   1   1   1   1   1   1
7    1   1   1   1   1   1   1   1   1   1   1
8    1   1   1   1   1   1   1   1   1   1   1
9    1   1   1   1   1   1   1   1   1   1   1
10   1   1   1   1   1   1   1   1   1   1   1
11   1   1   1   1   1   1   1   1   1   1   1
12   1   1   1   1   1   1   1   1   1   1   1
13   1   1   1   1   1   1   1   1   1   1   1
14   1   1   1   1   1   1   1   1   1   1   1
15   1   1   1   1   1   1   1   1   1   1   1
16   1   1   1   1   1   1   1   1   1   1   1
18   1   1   1   1   1   1   1   1   1   1   1
19   1   1   1   1   1   1   1   1   1   1   1
21   1   1   1   1   1   1   1   1   1   1   1
22   1   1   1   1   1   1   1   1   1   1   1
;

K2_test [*,*]
:        1           2           3           4           5           6       :=
1     .          0.109091    0.109091    0.109091    0.109091    0.109091
2    0.109091     .          0.109091    0.109091    0.109091    0.109091
3    0.109091    0.109091     .          0.109091    0.109091    0.109091
4    0.109091    0.109091    0.109091     .          0.109091    0.109091
5    0.109091    0.109091    0.109091    0.109091     .          0.109091
6    0.109091    0.109091    0.109091    0.109091    0.109091     .
7    0.0909091   0.0909091   0.0909091   0.0909091   0.0909091   0.0909091
8    0.0909091   0.0909091   0.0909091   0.0909091   0.0909091   0.0909091
9    0.0909091   0.0909091   0.0909091   0.0909091   0.0909091   0.0909091
10   0.0909091   0.0909091   0.0909091   0.0909091   0.0909091   0.0909091
11   0.0909091   0.0909091   0.0909091   0.0909091   0.0909091   0.0909091

:        7           8           9          10          11        :=
1    0.0909091   0.0909091   0.0909091   0.0909091   0.0909091
2    0.0909091   0.0909091   0.0909091   0.0909091   0.0909091
3    0.0909091   0.0909091   0.0909091   0.0909091   0.0909091
4    0.0909091   0.0909091   0.0909091   0.0909091   0.0909091
5    0.0909091   0.0909091   0.0909091   0.0909091   0.0909091
6    0.0909091   0.0909091   0.0909091   0.0909091   0.0909091
7     .          0.113636    0.113636    0.113636    0.113636
8    0.113636     .          0.113636    0.113636    0.113636
9    0.113636    0.113636     .          0.113636    0.113636
10   0.113636    0.113636    0.113636     .          0.113636
11   0.113636    0.113636    0.113636    0.113636     .
;

zz2 [*,1,*]
:       2          3           4          5          6          7        :=
1    0          0          0           0          0          0.2
2    1          0          0           0          0          0
3    0          0          0           0          0          0
4    0          0          1           0          0          0
5    0          1          0           0          0          0
6    0          0          0           0          0          1
7    0.787572   0.212428   0           0          0          0
8    1          0          0           0          0          0
9    0          0.107684   0           0.892316   0          0
10   0          0          0           0          0          0
11   0          0          0           0          1          0
12   0          0          1           0          0          0
13   0          0          0           0          0          0.545648
14   0          1          0           0          0          0
15   1          0          0           0          0          0
16   0          0.211201   0           0          0.788799   0
18   0          0          0.0170502   0          0.360732   0
19   0          1          0           0          0          0
21   0          0          1           0          0          0
22   0          0          0           0          0          0

:       8          9          10         11       :=
1    0.643919   0.156081   0          0
2    0          0          0          0
3    0          0          0          1
4    0          0          0          0
5    0          0          0          0
6    0          0          0          0
7    0          0          0          0
8    0          0          0          0
9    0          0          0          0
10   0          0.386039   0          0.613961
11   0          0          0          0
12   0          0          0          0
13   0          0          0          0.454352
14   0          0          0          0
15   0          0          0          0
16   0          0          0          0
18   0          0.287816   0.334402   0
19   0          0          0          0
21   0          0          0          0
22   0          0          1          0

 [*,2,*]
:       1          3          4          5          6          7          8  :=
1    0          0          0          0          0          0.2        0.643919
2    0          1          0          0          0          0          0
3    0          0          0          0          0          0          0
4    0          0          1          0          0          0          0
5    0          1          0          0          0          0          0
6    0          0          0          0          0          1          0
7    0          1          0          0          0          0          0
8    0          1          0          0          0          0          0
9    0          0.107684   0          0.892316   0          0          0
10   0          0          0          0          0          0          0
11   0          0          0          0          1          0          0
12   0          0          1          0          0          0          0
13   0          0          0          0          0          0.545648   0
14   0.848143   0.151857   0          0          0          0          0
15   1          0          0          0          0          0          0
16   0          0          0          0          1          0          0
18   0          0          0.066126   0          0.311656   0          0
19   1          0          0          0          0          0          0
21   0          0.167763   0.832237   0          0          0          0
22   0          0          0          0          0          0          0

:       9          10         11       :=
1    0.156081   0          0
2    0          0          0
3    0          0          1
4    0          0          0
5    0          0          0
6    0          0          0
7    0          0          0
8    0          0          0
9    0          0          0
10   0.386039   0          0.613961
11   0          0          0
12   0          0          0
13   0          0          0.454352
14   0          0          0
15   0          0          0
16   0          0          0
18   0.287816   0.334402   0
19   0          0          0
21   0          0          0
22   0          1          0

 [*,3,*]
:       1          2           4          5           6          7        :=
1    0          0          0           0          0           0.2
2    0          1          0           0          0           0
3    0          0          0           0          0           0
4    0          0          1           0          0           0
5    0          1          0           0          0           0
6    0          0          0           0          0           1
7    0          1          0           0          0           0
8    0          1          0           0          0           0
9    0          0.107684   0           0.892316   0           0
10   0          0          0           0          0           0
11   0          0.90979    0           0          0.0902098   0
12   0          0          1           0          0           0
13   0          0          0           0          0           0.545648
14   0.848143   0.151857   0           0          0           0
15   1          0          0           0          0           0
16   0          0          0           0          1           0
18   0          0          0.0170502   0          0.360732    0
19   1          0          0           0          0           0
21   0          0          1           0          0           0
22   0          0          0           0          0           0

:       8          9          10         11       :=
1    0.643919   0.156081   0          0
2    0          0          0          0
3    0          0          0          1
4    0          0          0          0
5    0          0          0          0
6    0          0          0          0
7    0          0          0          0
8    0          0          0          0
9    0          0          0          0
10   0          0.386039   0          0.613961
11   0          0          0          0
12   0          0          0          0
13   0          0          0          0.454352
14   0          0          0          0
15   0          0          0          0
16   0          0          0          0
18   0          0.287816   0.334402   0
19   0          0          0          0
21   0          0          0          0
22   0          0          1          0

 [*,4,*]
:       1          2           3           5          6          7        :=
1    0          0          0            0          0          0.2
2    0          1          0            0          0          0
3    0          0          0            0          0          0
4    0          0          1            0          0          0
5    0          1          0            0          0          0
6    0          0          0            0          0          1
7    0          1          0            0          0          0
8    0          1          0            0          0          0
9    0          0.100422   0.00726147   0.892316   0          0
10   0          0          0            0          0          0
11   0          1          0            0          0          0
12   0          0          1            0          0          0
13   0          0          0            0          0          0.545648
14   0.848143   0.151857   0            0          0          0
15   1          0          0            0          0          0
16   0          0          0.0524351    0          0.947565   0
18   0          0          0            0          0.377782   0
19   1          0          0            0          0          0
21   0          0          1            0          0          0
22   0          0          0            0          0          0

:       8          9          10         11       :=
1    0.643919   0.156081   0          0
2    0          0          0          0
3    0          0          0          1
4    0          0          0          0
5    0          0          0          0
6    0          0          0          0
7    0          0          0          0
8    0          0          0          0
9    0          0          0          0
10   0          0.386039   0          0.613961
11   0          0          0          0
12   0          0          0          0
13   0          0          0          0.454352
14   0          0          0          0
15   0          0          0          0
16   0          0          0          0
18   0          0.287816   0.334402   0
19   0          0          0          0
21   0          0          0          0
22   0          0          1          0

 [*,5,*]
:       1          2          3          4          6          7          8  :=
1    0          0          0          0          0          0.2        0.643919
2    0          1          0          0          0          0          0
3    0          0          0          0          0          0          0
4    0          0          0          1          0          0          0
5    0          1          0          0          0          0          0
6    0          0          0          0          0          1          0
7    0          1          0          0          0          0          0
8    0          1          0          0          0          0          0
9    0          0.214298   0.785702   0          0          0          0
10   0          0          0          0          0          0          0
11   0          0          0          0          1          0          0
12   0          0          0          1          0          0          0
13   0          0          0          0          0          0.545648   0
14   1          0          0          0          0          0          0
15   1          0          0          0          0          0          0
16   0          0          0          0          1          0          0
18   0          0          0          0.066126   0.311656   0          0
19   0.880202   0          0.119798   0          0          0          0
21   0          0          0.167763   0.832237   0          0          0
22   0          0          0          0          0          0          0

:       9          10         11       :=
1    0.156081   0          0
2    0          0          0
3    0          0          1
4    0          0          0
5    0          0          0
6    0          0          0
7    0          0          0
8    0          0          0
9    0          0          0
10   0.386039   0          0.613961
11   0          0          0
12   0          0          0
13   0          0          0.454352
14   0          0          0
15   0          0          0
16   0          0          0
18   0.287816   0.334402   0
19   0          0          0
21   0          0          0
22   0          1          0

 [*,6,*]
:       1          2           3            4           5          7        :=
1    0          0          0           0             0          0.2
2    0          1          0           0             0          0
3    0          0          0           0             0          0
4    0          0          1           0             0          0
5    0          1          0           0             0          0
6    0          0          0           0             0          1
7    0          1          0           0             0          0
8    0          1          0           0             0          0
9    0          0.107684   0           0             0.892316   0
10   0          0          0           0             0          0
11   0          1          0           0             0          0
12   0          0          1           2.22045e-16   0          0
13   0          0          0           0             0          0.545648
14   0.881178   0.118822   0           0             0          0
15   1          0          0           0             0          0
16   0          0          1           0             0          0
18   0          0          0           0.377782      0          0
19   0.973939   0          0.0260606   0             0          0
21   0          0          0.247324    0.752676      0          0
22   0          0          0           0             0          0

:       8          9          10         11       :=
1    0.643919   0.156081   0          0
2    0          0          0          0
3    0          0          0          1
4    0          0          0          0
5    0          0          0          0
6    0          0          0          0
7    0          0          0          0
8    0          0          0          0
9    0          0          0          0
10   0          0.386039   0          0.613961
11   0          0          0          0
12   0          0          0          0
13   0          0          0          0.454352
14   0          0          0          0
15   0          0          0          0
16   0          0          0          0
18   0          0.287816   0.334402   0
19   0          0          0          0
21   0          0          0          0
22   0          0          1          0

 [*,7,*]
:       1          2          3          4          5          6          8  :=
1    0          0          0          0          0          0          0.635998
2    0          1          0          0          0          0          0
3    0          0          0          0          0          0          0
4    0          0          0          1          0          0          0
5    0          1          0          0          0          0          0
6    0          0          0          0          0          0          1
7    0          0          1          0          0          0          0
8    0          1          0          0          0          0          0
9    0          0.128061   0.128342   0          0.743597   0          0
10   0          0          0          0          0          0          0
11   0          0          0          0          0          1          0
12   0          0          0          1          0          0          0
13   0          0          0          0          0          0          0
14   0.171575   0.828425   0          0          0          0          0
15   1          0          0          0          0          0          0
16   0          0          0.713474   0          0          0.286526   0
18   0          0          0          0          0          0.377782   0
19   1          0          0          0          0          0          0
21   0          0          0.282398   0.717602   0          0          0
22   0          0          0          0          0          0          0

:       9           10          11       :=
1    0.364002   0            0
2    0          0            0
3    0          0            1
4    0          0            0
5    0          0            0
6    0          0            0
7    0          0            0
8    0          0            0
9    0          0            0
10   0.765828   0            0.234172
11   0          0            0
12   0          0            0
13   0          0            1
14   0          0            0
15   0          0            0
16   0          0            0
18   0          0.622218     0
19   0          0            0
21   0          0            0
22   0.995972   0.00402762   0

 [*,8,*]
:       1          2          3          4          5          6          7  :=
1    0          0          0          0          0          0          0.635998
2    0          1          0          0          0          0          0
3    0          0          0          0          0          0          0
4    0          0          0          1          0          0          0
5    0          1          0          0          0          0          0
6    0          0          0          0          0          0          1
7    0          0          1          0          0          0          0
8    0          1          0          0          0          0          0
9    0          0.128061   0.128342   0          0.743597   0          0
10   0          0          0          0          0          0          0
11   0          0          0          0          0          1          0
12   0          0          0          1          0          0          0
13   0          0          0          0          0          0          0
14   0.171575   0.828425   0          0          0          0          0
15   1          0          0          0          0          0          0
16   0          0          0.713474   0          0          0.286526   0
18   0          0          0          0          0          0.377782   0
19   1          0          0          0          0          0          0
21   0          0          0.282398   0.717602   0          0          0
22   0          0          0          0          0          0          0

:       9          10         11       :=
1    0.364002   0          0
2    0          0          0
3    0          0          1
4    0          0          0
5    0          0          0
6    0          0          0
7    0          0          0
8    0          0          0
9    0          0          0
10   0.765828   0          0.234172
11   0          0          0
12   0          0          0
13   0          0          1
14   0          0          0
15   0          0          0
16   0          0          0
18   0.16324    0.458978   0
19   0          0          0
21   0          0          0
22   0          1          0

 [*,9,*]
:       1          2          3          4          5          6          7  :=
1    0          0          0          0          0          0          0.195101
2    0          1          0          0          0          0          0
3    0          0          0          0          0          0          0
4    0          0          0          1          0          0          0
5    0          1          0          0          0          0          0
6    0          0          0          0          0          0          1
7    0          0          1          0          0          0          0
8    0          1          0          0          0          0          0
9    0          0.128061   0.128342   0          0.743597   0          0
10   0          0          0          0          0          0          0
11   0          0          0          0          0          1          0
12   0          0          0          1          0          0          0
13   0          0          0          0          0          0          0.874758
14   0.171575   0.828425   0          0          0          0          0
15   1          0          0          0          0          0          0
16   0          0          0.713474   0          0          0.286526   0
18   0          0          0          0          0          0.377782   0
19   1          0          0          0          0          0          0
21   0          0          0.282398   0.717602   0          0          0
22   0          0          0          0          0          0          0

:       8           10          11       :=
1    0.804899   0            0
2    0          0            0
3    0          0            1
4    0          0            0
5    0          0            0
6    0          0            0
7    0          0            0
8    0          0            0
9    0          0            0
10   0          0            1
11   0          0            0
12   0          0            0
13   0          0            0.125242
14   0          0            0
15   0          0            0
16   0          0            0
18   0          0.622218     0
19   0          0            0
21   0          0            0
22   0          0.00402762   0.995972

 [*,10,*]
:       1          2          3          4          5          6          7  :=
1    0          0          0          0          0          0          0.195101
2    0          1          0          0          0          0          0
3    0          0          0          0          0          0          0
4    0          0          0          1          0          0          0
5    0          1          0          0          0          0          0
6    0          0          0          0          0          0          1
7    0          0          1          0          0          0          0
8    0          1          0          0          0          0          0
9    0          0.128061   0.128342   0          0.743597   0          0
10   0          0          0          0          0          0          0
11   0          0          0          0          0          1          0
12   0          0          0          1          0          0          0
13   0          0          0          0          0          0          0.874758
14   0.171575   0.828425   0          0          0          0          0
15   1          0          0          0          0          0          0
16   0          0          0.713474   0          0          0.286526   0
18   0          0          0          0          0          0.377782   0
19   1          0          0          0          0          0          0
21   0          0          0.282398   0.717602   0          0          0
22   0          0          0          0          0          0          0

:       8           9           11       :=
1    0.804899   0            0
2    0          0            0
3    0          0            1
4    0          0            0
5    0          0            0
6    0          0            0
7    0          0            0
8    0          0            0
9    0          0            0
10   0          0            1
11   0          0            0
12   0          0            0
13   0          0            0.125242
14   0          0            0
15   0          0            0
16   0          0            0
18   0          0.622218     0
19   0          0            0
21   0          0            0
22   0          0.00402762   0.995972

 [*,11,*]
:       1          2          3          4          5          6          7  :=
1    0          0          0          0          0          0          0.300877
2    0          1          0          0          0          0          0
3    0          0          0          0          0          0          0
4    0          0          0          1          0          0          0
5    0          1          0          0          0          0          0
6    0          0          0          0          0          0          0
7    0          0          1          0          0          0          0
8    0          1          0          0          0          0          0
9    0          0.128061   0.128342   0          0.743597   0          0
10   0          0          0          0          0          0          0
11   0          0          0          0          0          1          0
12   0          0          0          1          0          0          0
13   0          0          0          0          0          0          1
14   0.171575   0.828425   0          0          0          0          0
15   1          0          0          0          0          0          0
16   0          0          0.713474   0          0          0.286526   0
18   0          0          0          0          0          0.377782   0
19   1          0          0          0          0          0          0
21   0          0          0.282398   0.717602   0          0          0
22   0          0          0          0          0          0          0

:       8           9          10       :=
1    0.635998   0.0631245   0
2    0          0           0
3    0          1           0
4    0          0           0
5    0          0           0
6    1          0           0
7    0          0           0
8    0          0           0
9    0          0           0
10   0          1           0
11   0          0           0
12   0          0           0
13   0          0           0
14   0          0           0
15   0          0           0
16   0          0           0
18   0          0.16324     0.458978
19   0          0           0
21   0          0           0
22   0          0           1
;

