K=6, W/V=3.3984510, B=2, time:0.391

ca [*] :=
1  3
2  3
;

fragment allocation x on node k:

1    2    3    4    5    6    
0 1 1 1 0 0 0 
1 0 1 1 0 0 0 
2 0 1 1 0 0 0 
3 1 1 1 0 0 0 
4 1 1 1 0 0 0 
5 1 1 1 0 0 0 
6 1 0 1 0 0 0 
7 0 0 0 0 0 0 
8 0 0 0 0 0 0 
9 0 1 1 0 0 0 
10 0 1 1 0 0 0 
11 0 0 0 0 0 0 
12 1 1 1 1 1 0 
13 1 1 1 1 1 0 
14 0 1 1 0 0 0 
15 0 0 0 0 0 0 
16 1 1 1 0 0 0 
17 1 1 1 0 0 0 
18 1 1 1 0 0 0 
19 1 1 1 0 0 0 
20 1 1 1 0 0 0 
21 0 1 1 0 0 0 
22 0 1 1 0 0 0 
23 1 1 1 1 1 1 
24 1 1 0 1 1 0 
25 0 0 0 1 1 0 
26 1 1 1 1 1 0 
27 0 0 0 1 1 1 
28 0 0 0 1 1 1 
29 0 0 0 1 1 0 
30 0 0 0 1 1 0 
31 0 1 1 0 0 0 
32 0 1 1 0 0 0 
33 0 1 1 0 0 0 
34 0 1 1 0 0 0 
35 0 0 0 0 0 0 
36 1 1 1 1 1 1 
37 1 1 1 1 1 1 
38 1 0 1 0 0 0 
39 1 1 0 1 1 0 
40 1 1 1 1 1 0 
41 1 0 1 0 0 0 
42 0 0 0 0 0 0 
43 0 0 0 1 1 0 
44 0 0 0 0 1 1 
45 1 1 1 1 1 0 
46 1 1 1 0 0 0 
47 1 1 1 0 0 0 
48 0 0 0 0 0 0 
49 1 1 1 1 1 1 
50 1 1 1 1 1 1 
51 1 1 1 1 1 1 
52 0 0 0 0 1 1 
53 0 0 0 1 1 1 
54 0 0 0 0 1 1 
55 1 0 1 1 1 1 
56 1 0 1 0 0 0 
57 1 0 1 0 0 0 
58 1 0 1 0 0 0 
59 1 0 1 0 0 0 

query feasibility y on node k:

1    2    3    4    5    6    
1 0 0 0 0 1 1 
2 0 1 1 0 0 0 
3 0 0 0 1 1 0 
4 1 0 1 0 0 0 
5 0 1 1 0 0 0 
6 0 0 0 1 1 1 
7 1 0 1 0 0 0 
8 0 1 1 0 0 0 
9 0 1 1 0 0 0 
10 0 0 0 1 1 0 
11 0 1 1 0 0 0 
12 1 0 1 0 0 0 
13 0 0 0 0 1 1 
14 1 0 1 0 0 0 
15 1 0 1 0 0 0 
16 0 1 1 0 0 0 
18 1 1 0 1 1 0 
19 1 0 1 0 0 0 
21 1 0 1 0 0 0 
22 0 0 0 1 0 1 

workload distribution ohne node failure:

1    2    3    4    5    6    
1 0.00000000 0.00000000 0.00000000 0.00000000 0.00000000 1.00000000 
2 0.00000000 0.69777778 0.30222222 0.00000000 0.00000000 0.00000000 
3 0.00000000 0.00000000 0.00000000 1.00000000 0.00000000 0.00000000 
4 0.98518519 0.00000000 0.01481481 0.00000000 0.00000000 0.00000000 
5 0.00000000 1.00000000 0.00000000 0.00000000 0.00000000 0.00000000 
6 0.00000000 0.00000000 0.00000000 0.00000000 0.00000000 1.00000000 
7 1.00000000 0.00000000 0.00000000 0.00000000 0.00000000 0.00000000 
8 0.00000000 1.00000000 0.00000000 0.00000000 0.00000000 0.00000000 
9 0.00000000 1.00000000 0.00000000 0.00000000 0.00000000 0.00000000 
10 0.00000000 0.00000000 0.00000000 1.00000000 0.00000000 0.00000000 
11 0.00000000 0.00000000 1.00000000 0.00000000 0.00000000 0.00000000 
12 1.00000000 0.00000000 0.00000000 0.00000000 0.00000000 0.00000000 
13 0.00000000 0.00000000 0.00000000 0.00000000 0.97695035 0.02304965 
14 1.00000000 0.00000000 0.00000000 0.00000000 0.00000000 0.00000000 
15 0.00000000 0.00000000 1.00000000 0.00000000 0.00000000 0.00000000 
16 0.00000000 0.00000000 1.00000000 0.00000000 0.00000000 0.00000000 
18 0.12863071 0.00000000 0.00000000 0.33886584 0.53250346 0.00000000 
19 1.00000000 0.00000000 0.00000000 0.00000000 0.00000000 0.00000000 
21 0.00000000 0.00000000 1.00000000 0.00000000 0.00000000 0.00000000 
22 0.00000000 0.00000000 0.00000000 1.00000000 0.00000000 0.00000000 

workload distribution if node 1 fails:

2    3    4    5    6    
1 0.00000000 0.00000000 0.00000000 0.00000000 1.00000000 
2 1.00000000 0.00000000 0.00000000 0.00000000 0.00000000 
3 0.00000000 0.00000000 1.00000000 0.00000000 0.00000000 
4 0.00000000 1.00000000 0.00000000 0.00000000 0.00000000 
5 1.00000000 0.00000000 0.00000000 0.00000000 0.00000000 
6 0.00000000 0.00000000 0.00000000 0.00000000 1.00000000 
7 0.00000000 1.00000000 0.00000000 0.00000000 0.00000000 
8 0.80768390 0.19231610 0.00000000 0.00000000 0.00000000 
9 1.00000000 0.00000000 0.00000000 0.00000000 0.00000000 
10 0.00000000 0.00000000 1.00000000 0.00000000 0.00000000 
11 1.00000000 0.00000000 0.00000000 0.00000000 0.00000000 
12 0.00000000 1.00000000 0.00000000 0.00000000 0.00000000 
13 0.00000000 0.00000000 0.00000000 0.97695035 0.02304965 
14 0.00000000 1.00000000 0.00000000 0.00000000 0.00000000 
15 0.00000000 1.00000000 0.00000000 0.00000000 0.00000000 
16 1.00000000 0.00000000 0.00000000 0.00000000 0.00000000 
18 0.12863093 -0.00000022 0.33886584 0.53250346 0.00000000 
19 0.00000000 1.00000000 0.00000000 0.00000000 0.00000000 
21 0.00000000 1.00000000 0.00000000 0.00000000 0.00000000 
22 0.00000000 0.00000000 1.00000000 0.00000000 0.00000000 

workload distribution if node 2 fails:

1    3    4    5    6    
1 0.00000000 0.00000000 0.00000000 0.00000000 1.00000000 
2 0.00000000 1.00000000 0.00000000 0.00000000 0.00000000 
3 0.00000000 0.00000000 1.00000000 0.00000000 0.00000000 
4 0.00000000 1.00000000 0.00000000 0.00000000 0.00000000 
5 0.00000000 1.00000000 0.00000000 0.00000000 0.00000000 
6 0.00000000 0.00000000 0.00000000 0.00000000 1.00000000 
7 1.00000000 0.00000000 0.00000000 0.00000000 0.00000000 
8 0.00000000 1.00000000 0.00000000 0.00000000 0.00000000 
9 0.00000000 1.00000000 0.00000000 0.00000000 0.00000000 
10 0.00000000 0.00000000 1.00000000 0.00000000 0.00000000 
11 0.00000000 1.00000000 0.00000000 0.00000000 0.00000000 
12 1.00000000 0.00000000 0.00000000 0.00000000 0.00000000 
13 0.00000000 0.00000000 0.00000000 0.97695035 0.02304965 
14 0.79577465 0.20422535 0.00000000 0.00000000 0.00000000 
15 1.00000000 0.00000000 0.00000000 0.00000000 0.00000000 
16 0.00000000 1.00000000 0.00000000 0.00000000 0.00000000 
18 0.12863071 0.00000000 0.33886584 0.53250346 0.00000000 
19 1.00000000 0.00000000 0.00000000 0.00000000 0.00000000 
21 1.00000000 0.00000000 0.00000000 0.00000000 0.00000000 
22 0.00000000 0.00000000 1.00000000 0.00000000 0.00000000 

workload distribution if node 3 fails:

1    2    4    5    6    
1 0.00000000 0.00000000 0.00000000 0.00000000 1.00000000 
2 0.00000000 1.00000000 0.00000000 0.00000000 0.00000000 
3 0.00000000 0.00000000 1.00000000 0.00000000 0.00000000 
4 1.00000000 0.00000000 0.00000000 0.00000000 0.00000000 
5 0.00000000 1.00000000 0.00000000 0.00000000 0.00000000 
6 0.00000000 0.00000000 0.00000000 0.00000000 1.00000000 
7 1.00000000 0.00000000 0.00000000 0.00000000 0.00000000 
8 0.00000000 1.00000000 0.00000000 0.00000000 0.00000000 
9 0.00000000 1.00000000 0.00000000 0.00000000 0.00000000 
10 0.00000000 0.00000000 1.00000000 0.00000000 0.00000000 
11 0.00000000 1.00000000 0.00000000 0.00000000 0.00000000 
12 1.00000000 0.00000000 0.00000000 0.00000000 0.00000000 
13 0.00000000 0.00000000 0.00000000 0.97695035 0.02304965 
14 1.00000000 0.00000000 0.00000000 0.00000000 0.00000000 
15 1.00000000 0.00000000 0.00000000 0.00000000 0.00000000 
16 0.00000000 1.00000000 0.00000000 0.00000000 0.00000000 
18 0.00518672 0.12344398 0.33886584 0.53250346 0.00000000 
19 1.00000000 0.00000000 0.00000000 0.00000000 0.00000000 
21 1.00000000 0.00000000 0.00000000 0.00000000 0.00000000 
22 0.00000000 0.00000000 1.00000000 0.00000000 0.00000000 

workload distribution if node 4 fails:

1    2    3    5    6    
1 0.00000000 0.00000000 0.00000000 0.00000000 1.00000000 
2 0.00000000 0.69777778 0.30222222 0.00000000 0.00000000 
3 0.00000000 0.00000000 0.00000000 1.00000000 0.00000000 
4 0.98518519 0.00000000 0.01481481 0.00000000 0.00000000 
5 0.00000000 1.00000000 0.00000000 0.00000000 0.00000000 
6 0.00000000 0.00000000 0.00000000 0.00000000 1.00000000 
7 1.00000000 0.00000000 0.00000000 0.00000000 0.00000000 
8 0.00000000 1.00000000 0.00000000 0.00000000 0.00000000 
9 0.00000000 1.00000000 0.00000000 0.00000000 0.00000000 
10 0.00000000 0.00000000 0.00000000 1.00000000 0.00000000 
11 0.00000000 0.00000000 1.00000000 0.00000000 0.00000000 
12 1.00000000 0.00000000 0.00000000 0.00000000 0.00000000 
13 0.00000000 0.00000000 0.00000000 0.22606383 0.77393617 
14 1.00000000 0.00000000 0.00000000 0.00000000 0.00000000 
15 0.00000000 0.00000000 1.00000000 0.00000000 0.00000000 
16 0.00000000 0.00000000 1.00000000 0.00000000 0.00000000 
18 0.12863071 0.00000000 0.00000000 0.87136929 0.00000000 
19 1.00000000 0.00000000 0.00000000 0.00000000 0.00000000 
21 0.00000000 0.00000000 1.00000000 0.00000000 0.00000000 
22 0.00000000 0.00000000 0.00000000 0.00000000 1.00000000 

workload distribution if node 5 fails:

1    2    3    4    6    
1 0.00000000 0.00000000 0.00000000 0.00000000 1.00000000 
2 0.00000000 0.69777778 0.30222222 0.00000000 0.00000000 
3 0.00000000 0.00000000 0.00000000 1.00000000 0.00000000 
4 0.98518519 0.00000000 0.01481481 0.00000000 0.00000000 
5 0.00000000 1.00000000 0.00000000 0.00000000 0.00000000 
6 0.00000000 0.00000000 0.00000000 0.00000000 1.00000000 
7 1.00000000 0.00000000 0.00000000 0.00000000 0.00000000 
8 0.00000000 1.00000000 0.00000000 0.00000000 0.00000000 
9 0.00000000 1.00000000 0.00000000 0.00000000 0.00000000 
10 0.00000000 0.00000000 0.00000000 1.00000000 0.00000000 
11 0.00000000 0.00000000 1.00000000 0.00000000 0.00000000 
12 1.00000000 0.00000000 0.00000000 0.00000000 0.00000000 
13 0.00000000 0.00000000 0.00000000 0.00000000 1.00000000 
14 1.00000000 0.00000000 0.00000000 0.00000000 0.00000000 
15 0.00000000 0.00000000 1.00000000 0.00000000 0.00000000 
16 0.00000000 0.00000000 1.00000000 0.00000000 0.00000000 
18 0.12863071 0.00000000 0.00000000 0.87136929 0.00000000 
19 1.00000000 0.00000000 0.00000000 0.00000000 0.00000000 
21 0.00000000 0.00000000 1.00000000 0.00000000 0.00000000 
22 0.00000000 0.00000000 0.00000000 0.53797468 0.46202532 

workload distribution if node 6 fails:

1    2    3    4    5    
1 0.00000000 0.00000000 0.00000000 0.00000000 1.00000000 
2 0.00000000 0.69777778 0.30222222 0.00000000 0.00000000 
3 0.00000000 0.00000000 0.00000000 1.00000000 0.00000000 
4 0.98518519 0.00000000 0.01481481 0.00000000 0.00000000 
5 0.00000000 1.00000000 0.00000000 0.00000000 0.00000000 
6 0.00000000 0.00000000 0.00000000 1.00000000 0.00000000 
7 1.00000000 0.00000000 0.00000000 0.00000000 0.00000000 
8 0.00000000 1.00000000 0.00000000 0.00000000 0.00000000 
9 0.00000000 1.00000000 0.00000000 0.00000000 0.00000000 
10 0.00000000 0.00000000 0.00000000 0.11160714 0.88839286 
11 0.00000000 0.00000000 1.00000000 0.00000000 0.00000000 
12 1.00000000 0.00000000 0.00000000 0.00000000 0.00000000 
13 0.00000000 0.00000000 0.00000000 0.00000000 1.00000000 
14 1.00000000 0.00000000 0.00000000 0.00000000 0.00000000 
15 0.00000000 0.00000000 1.00000000 0.00000000 0.00000000 
16 0.00000000 0.00000000 1.00000000 0.00000000 0.00000000 
18 0.12863071 0.00000000 0.00000000 0.87136929 0.00000000 
19 1.00000000 0.00000000 0.00000000 0.00000000 0.00000000 
21 0.00000000 0.00000000 1.00000000 0.00000000 0.00000000 
22 0.00000000 0.00000000 0.00000000 1.00000000 0.00000000 



zz_test [*] :=
 1  1
 2  1
 3  1
 4  1
 5  1
 6  1
 7  1
 8  1
 9  1
10  1
11  1
12  1
13  1
14  1
15  1
16  1
18  1
19  1
21  1
22  1
;

K_test [*] :=
1  0.166667
2  0.166667
3  0.166667
4  0.166667
5  0.166667
6  0.166667
;

zz2_test [*,*]
:    1   2   3   4   5   6    :=
1    1   1   1   1   1   1
2    1   1   1   1   1   1
3    1   1   1   1   1   1
4    1   1   1   1   1   1
5    1   1   1   1   1   1
6    1   1   1   1   1   1
7    1   1   1   1   1   1
8    1   1   1   1   1   1
9    1   1   1   1   1   1
10   1   1   1   1   1   1
11   1   1   1   1   1   1
12   1   1   1   1   1   1
13   1   1   1   1   1   1
14   1   1   1   1   1   1
15   1   1   1   1   1   1
16   1   1   1   1   1   1
18   1   1   1   1   1   1
19   1   1   1   1   1   1
21   1   1   1   1   1   1
22   1   1   1   1   1   1
;

K2_test [*,*]
:      1          2          3          4          5          6        :=
1    .         0.25       0.25       0.166667   0.166667   0.166667
2   0.25        .         0.25       0.166667   0.166667   0.166667
3   0.25       0.25        .         0.166667   0.166667   0.166667
4   0.166667   0.166667   0.166667    .         0.25       0.25
5   0.166667   0.166667   0.166667   0.25        .         0.25
6   0.166667   0.166667   0.166667   0.25       0.25        .
;

zz2 [*,1,*]
:       2            3            4          5           6        :=
1    0           0             0          0          1
2    1           0             0          0          0
3    0           0             1          0          0
4    0           1             0          0          0
5    1           0             0          0          0
6    0           0             0          0          1
7    0           1             0          0          0
8    0.807684    0.192316      0          0          0
9    1           0             0          0          0
10   0           0             1          0          0
11   1           0             0          0          0
12   0           1             0          0          0
13   0           0             0          0.97695    0.0230496
14   0           1             0          0          0
15   0           1             0          0          0
16   1           0             0          0          0
18   0.128631   -2.19891e-07   0.338866   0.532503   0
19   0           1             0          0          0
21   0           1             0          0          0
22   0           0             1          0          0

 [*,2,*]
:       1          3          4          5           6        :=
1    0          0          0          0          1
2    0          1          0          0          0
3    0          0          1          0          0
4    0          1          0          0          0
5    0          1          0          0          0
6    0          0          0          0          1
7    1          0          0          0          0
8    0          1          0          0          0
9    0          1          0          0          0
10   0          0          1          0          0
11   0          1          0          0          0
12   1          0          0          0          0
13   0          0          0          0.97695    0.0230496
14   0.795775   0.204225   0          0          0
15   1          0          0          0          0
16   0          1          0          0          0
18   0.128631   0          0.338866   0.532503   0
19   1          0          0          0          0
21   1          0          0          0          0
22   0          0          1          0          0

 [*,3,*]
:        1           2          4          5           6        :=
1    0            0          0          0          1
2    0            1          0          0          0
3    0            0          1          0          0
4    1            0          0          0          0
5    0            1          0          0          0
6    0            0          0          0          1
7    1            0          0          0          0
8    0            1          0          0          0
9    0            1          0          0          0
10   0            0          1          0          0
11   0            1          0          0          0
12   1            0          0          0          0
13   0            0          0          0.97695    0.0230496
14   1            0          0          0          0
15   1            0          0          0          0
16   0            1          0          0          0
18   0.00518672   0.123444   0.338866   0.532503   0
19   1            0          0          0          0
21   1            0          0          0          0
22   0            0          1          0          0

 [*,4,*]
:       1          2           3          5          6        :=
1    0          0          0           0          1
2    0          0.697778   0.302222    0          0
3    0          0          0           1          0
4    0.985185   0          0.0148148   0          0
5    0          1          0           0          0
6    0          0          0           0          1
7    1          0          0           0          0
8    0          1          0           0          0
9    0          1          0           0          0
10   0          0          0           1          0
11   0          0          1           0          0
12   1          0          0           0          0
13   0          0          0           0.226064   0.773936
14   1          0          0           0          0
15   0          0          1           0          0
16   0          0          1           0          0
18   0.128631   0          0           0.871369   0
19   1          0          0           0          0
21   0          0          1           0          0
22   0          0          0           0          1

 [*,5,*]
:       1          2           3          4          6        :=
1    0          0          0           0          1
2    0          0.697778   0.302222    0          0
3    0          0          0           1          0
4    0.985185   0          0.0148148   0          0
5    0          1          0           0          0
6    0          0          0           0          1
7    1          0          0           0          0
8    0          1          0           0          0
9    0          1          0           0          0
10   0          0          0           1          0
11   0          0          1           0          0
12   1          0          0           0          0
13   0          0          0           0          1
14   1          0          0           0          0
15   0          0          1           0          0
16   0          0          1           0          0
18   0.128631   0          0           0.871369   0
19   1          0          0           0          0
21   0          0          1           0          0
22   0          0          0           0.537975   0.462025

 [*,6,*]
:       1          2           3          4          5        :=
1    0          0          0           0          1
2    0          0.697778   0.302222    0          0
3    0          0          0           1          0
4    0.985185   0          0.0148148   0          0
5    0          1          0           0          0
6    0          0          0           1          0
7    1          0          0           0          0
8    0          1          0           0          0
9    0          1          0           0          0
10   0          0          0           0.111607   0.888393
11   0          0          1           0          0
12   1          0          0           0          0
13   0          0          0           0          1
14   1          0          0           0          0
15   0          0          1           0          0
16   0          0          1           0          0
18   0.128631   0          0           0.871369   0
19   1          0          0           0          0
21   0          0          1           0          0
22   0          0          0           1          0
;

