K=8, W/V=3.8410997, B=2, time:0.781

ca [*] :=
1  4
2  4
;

fragment allocation x on node k:

1    2    3    4    5    6    7    8    
0 1 1 1 0 0 0 0 0 
1 0 1 1 0 0 0 0 0 
2 1 1 0 0 0 0 0 0 
3 1 1 0 0 0 0 0 0 
4 1 1 1 0 0 0 0 0 
5 1 1 0 0 0 0 0 0 
6 1 1 0 0 0 0 0 0 
7 0 0 0 0 0 0 0 0 
8 0 0 0 0 0 0 0 0 
9 1 1 1 1 0 0 0 0 
10 1 1 1 1 0 0 0 0 
11 0 0 0 0 0 0 0 0 
12 1 1 1 1 1 0 1 0 
13 1 1 1 1 1 0 1 0 
14 1 1 1 1 0 0 0 0 
15 0 0 0 0 0 0 0 0 
16 1 1 1 1 0 0 0 0 
17 1 1 0 1 0 0 0 0 
18 1 1 0 1 0 0 0 0 
19 1 1 1 1 0 0 0 0 
20 1 1 0 1 0 0 0 0 
21 1 1 0 0 0 0 0 0 
22 1 1 0 0 0 0 0 0 
23 0 1 1 1 1 1 1 1 
24 0 1 1 0 1 1 1 0 
25 0 0 0 0 1 0 1 0 
26 0 1 1 1 1 0 1 0 
27 0 0 0 0 1 0 1 1 
28 0 0 0 0 1 0 1 1 
29 0 0 0 0 1 0 1 0 
30 0 0 0 0 1 0 1 0 
31 1 1 1 0 0 0 0 0 
32 1 1 1 0 0 0 0 0 
33 1 0 1 0 0 0 0 0 
34 1 1 1 0 0 0 0 0 
35 0 0 0 0 0 0 0 0 
36 0 1 1 1 1 1 1 0 
37 0 1 1 1 1 1 1 1 
38 0 1 0 1 0 0 0 0 
39 0 1 1 0 1 1 0 0 
40 0 1 1 1 1 1 1 0 
41 0 1 0 1 0 0 0 0 
42 0 0 0 0 0 0 0 0 
43 0 0 0 0 1 0 1 0 
44 0 0 0 0 0 1 1 0 
45 0 1 1 1 1 1 1 0 
46 1 1 1 0 0 0 0 0 
47 1 1 1 1 0 0 0 0 
48 0 0 0 0 0 0 0 0 
49 1 1 1 0 1 1 0 1 
50 1 1 1 1 1 0 1 1 
51 1 1 1 1 1 0 1 1 
52 0 0 0 0 1 0 0 1 
53 0 0 0 0 1 0 1 1 
54 0 0 0 0 1 0 0 1 
55 1 1 0 1 1 0 1 1 
56 0 1 0 1 0 0 0 0 
57 0 1 0 1 0 0 0 0 
58 1 1 0 0 0 0 0 0 
59 1 1 0 1 0 0 0 0 

query feasibility y on node k:

1    2    3    4    5    6    7    8    
1 0 0 0 0 1 0 0 1 
2 1 1 0 0 0 0 0 0 
3 0 0 0 0 1 0 1 0 
4 0 1 0 1 0 0 0 0 
5 0 1 1 1 0 0 0 0 
6 0 0 0 0 1 0 0 1 
7 0 1 0 1 0 0 0 0 
8 0 1 1 0 0 0 0 0 
9 0 1 1 0 0 0 0 0 
10 0 0 0 0 1 0 1 0 
11 1 0 1 0 0 0 0 0 
12 0 1 0 1 0 0 0 0 
13 0 0 0 0 0 1 1 0 
14 1 1 0 0 0 0 0 0 
15 1 1 0 1 0 0 0 0 
16 1 1 0 0 0 0 0 0 
18 0 1 1 0 1 1 0 0 
19 1 1 0 0 0 0 0 0 
21 0 1 0 1 0 0 0 0 
22 0 0 0 0 1 0 1 1 

workload distribution ohne node failure:

1    2    3    4    5    6    7    8    
1 0.00000000 0.00000000 0.00000000 0.00000000 0.11461126 0.00000000 0.00000000 0.88538874 
2 1.00000000 0.00000000 0.00000000 0.00000000 0.00000000 0.00000000 0.00000000 0.00000000 
3 0.00000000 0.00000000 0.00000000 0.00000000 0.00000000 0.00000000 1.00000000 0.00000000 
4 0.00000000 0.00000000 0.00000000 1.00000000 0.00000000 0.00000000 0.00000000 0.00000000 
5 0.00000000 0.00000000 0.13942308 0.86057692 0.00000000 0.00000000 0.00000000 0.00000000 
6 0.00000000 0.00000000 0.00000000 0.00000000 1.00000000 0.00000000 0.00000000 0.00000000 
7 0.00000000 1.00000000 0.00000000 0.00000000 0.00000000 0.00000000 0.00000000 0.00000000 
8 0.00000000 1.00000000 0.00000000 0.00000000 0.00000000 0.00000000 0.00000000 0.00000000 
9 0.00000000 0.00000000 1.00000000 0.00000000 0.00000000 0.00000000 0.00000000 0.00000000 
10 0.00000000 0.00000000 0.00000000 0.00000000 0.00000000 0.00000000 1.00000000 0.00000000 
11 1.00000000 0.00000000 0.00000000 0.00000000 0.00000000 0.00000000 0.00000000 0.00000000 
12 0.00000000 0.00000000 0.00000000 1.00000000 0.00000000 0.00000000 0.00000000 0.00000000 
13 0.00000000 0.00000000 0.00000000 0.00000000 0.00000000 0.71675532 0.28324468 0.00000000 
14 1.00000000 0.00000000 0.00000000 0.00000000 0.00000000 0.00000000 0.00000000 0.00000000 
15 0.00000000 0.96014493 0.00000000 0.03985507 0.00000000 0.00000000 0.00000000 0.00000000 
16 0.60937500 0.39062500 0.00000000 0.00000000 0.00000000 0.00000000 0.00000000 0.00000000 
18 0.00000000 0.12863071 0.00000000 0.00000000 0.46576763 0.40560166 0.00000000 0.00000000 
19 1.00000000 0.00000000 0.00000000 0.00000000 0.00000000 0.00000000 0.00000000 0.00000000 
21 0.00000000 0.00000000 0.00000000 1.00000000 0.00000000 0.00000000 0.00000000 0.00000000 
22 0.00000000 0.00000000 0.00000000 0.00000000 0.00000000 0.00000000 1.00000000 0.00000000 

workload distribution if node 1 fails:

2    3    4    5    6    7    8    
1 0.00000000 0.00000000 0.00000000 0.11461126 0.00000000 0.00000000 0.88538874 
2 1.00000000 0.00000000 0.00000000 0.00000000 0.00000000 0.00000000 0.00000000 
3 0.00000000 0.00000000 0.00000000 0.00000000 0.00000000 1.00000000 0.00000000 
4 0.00000000 0.00000000 1.00000000 0.00000000 0.00000000 0.00000000 0.00000000 
5 0.00000000 1.00000000 0.00000000 0.00000000 0.00000000 0.00000000 0.00000000 
6 0.00000000 0.00000000 0.00000000 1.00000000 0.00000000 0.00000000 0.00000000 
7 0.00000000 0.00000000 1.00000000 0.00000000 0.00000000 0.00000000 0.00000000 
8 0.00000000 1.00000000 0.00000000 0.00000000 0.00000000 0.00000000 0.00000000 
9 0.00000000 1.00000000 0.00000000 0.00000000 0.00000000 0.00000000 0.00000000 
10 0.00000000 0.00000000 0.00000000 0.00000000 0.00000000 1.00000000 0.00000000 
11 0.00000000 1.00000000 0.00000000 0.00000000 0.00000000 0.00000000 0.00000000 
12 0.00000000 0.00000000 1.00000000 0.00000000 0.00000000 0.00000000 0.00000000 
13 0.00000000 0.00000000 0.00000000 0.00000000 0.71675532 0.28324468 0.00000000 
14 1.00000000 0.00000000 0.00000000 0.00000000 0.00000000 0.00000000 0.00000000 
15 0.41062802 0.00000000 0.58937198 0.00000000 0.00000000 0.00000000 0.00000000 
16 1.00000000 0.00000000 0.00000000 0.00000000 0.00000000 0.00000000 0.00000000 
18 0.07399723 0.05463347 0.00000000 0.46576763 0.40560166 0.00000000 0.00000000 
19 1.00000000 0.00000000 0.00000000 0.00000000 0.00000000 0.00000000 0.00000000 
21 0.00000000 0.00000000 1.00000000 0.00000000 0.00000000 0.00000000 0.00000000 
22 0.00000000 0.00000000 0.00000000 0.00000000 0.00000000 1.00000000 0.00000000 

workload distribution if node 2 fails:

1    3    4    5    6    7    8    
1 0.00000000 0.00000000 0.00000000 0.11461126 0.00000000 0.00000000 0.88538874 
2 1.00000000 0.00000000 0.00000000 0.00000000 0.00000000 0.00000000 0.00000000 
3 0.00000000 0.00000000 0.00000000 0.00000000 0.00000000 1.00000000 0.00000000 
4 0.00000000 0.00000000 1.00000000 0.00000000 0.00000000 0.00000000 0.00000000 
5 0.00000000 0.81410256 0.18589744 0.00000000 0.00000000 0.00000000 0.00000000 
6 0.00000000 0.00000000 0.00000000 1.00000000 0.00000000 0.00000000 0.00000000 
7 0.00000000 0.00000000 1.00000000 0.00000000 0.00000000 0.00000000 0.00000000 
8 0.00000000 1.00000000 0.00000000 0.00000000 0.00000000 0.00000000 0.00000000 
9 0.00000000 1.00000000 0.00000000 0.00000000 0.00000000 0.00000000 0.00000000 
10 0.00000000 0.00000000 0.00000000 0.00000000 0.00000000 1.00000000 0.00000000 
11 1.00000000 0.00000000 0.00000000 0.00000000 0.00000000 0.00000000 0.00000000 
12 0.00000000 0.00000000 1.00000000 0.00000000 0.00000000 0.00000000 0.00000000 
13 0.00000000 0.00000000 0.00000000 0.00000000 0.71675532 0.28324468 0.00000000 
14 1.00000000 0.00000000 0.00000000 0.00000000 0.00000000 0.00000000 0.00000000 
15 0.48067633 0.00000000 0.51932367 0.00000000 0.00000000 0.00000000 0.00000000 
16 1.00000000 0.00000000 0.00000000 0.00000000 0.00000000 0.00000000 0.00000000 
18 0.00000000 0.12863071 0.00000000 0.46576763 0.40560166 0.00000000 0.00000000 
19 1.00000000 0.00000000 0.00000000 0.00000000 0.00000000 0.00000000 0.00000000 
21 0.00000000 0.00000000 1.00000000 0.00000000 0.00000000 0.00000000 0.00000000 
22 0.00000000 0.00000000 0.00000000 0.00000000 0.00000000 1.00000000 0.00000000 

workload distribution if node 3 fails:

1    2    4    5    6    7    8    
1 0.00000000 0.00000000 0.00000000 0.11461126 0.00000000 0.00000000 0.88538874 
2 1.00000000 0.00000000 0.00000000 0.00000000 0.00000000 0.00000000 0.00000000 
3 0.00000000 0.00000000 0.00000000 0.00000000 0.00000000 1.00000000 0.00000000 
4 0.00000000 0.00000000 1.00000000 0.00000000 0.00000000 0.00000000 0.00000000 
5 0.00000000 0.00000000 1.00000000 0.00000000 0.00000000 0.00000000 0.00000000 
6 0.00000000 0.00000000 0.00000000 1.00000000 0.00000000 0.00000000 0.00000000 
7 0.00000000 0.00000000 1.00000000 0.00000000 0.00000000 0.00000000 0.00000000 
8 0.00000000 1.00000000 0.00000000 0.00000000 0.00000000 0.00000000 0.00000000 
9 0.00000000 1.00000000 0.00000000 0.00000000 0.00000000 0.00000000 0.00000000 
10 0.00000000 0.00000000 0.00000000 0.00000000 0.00000000 1.00000000 0.00000000 
11 1.00000000 0.00000000 0.00000000 0.00000000 0.00000000 0.00000000 0.00000000 
12 0.00000000 0.00000000 1.00000000 0.00000000 0.00000000 0.00000000 0.00000000 
13 0.00000000 0.00000000 0.00000000 0.00000000 0.71675532 0.28324468 0.00000000 
14 1.00000000 0.00000000 0.00000000 0.00000000 0.00000000 0.00000000 0.00000000 
15 0.48067633 0.00000000 0.51932367 0.00000000 0.00000000 0.00000000 0.00000000 
16 1.00000000 0.00000000 0.00000000 0.00000000 0.00000000 0.00000000 0.00000000 
18 0.00000000 0.12863071 0.00000000 0.46576763 0.40560166 0.00000000 0.00000000 
19 1.00000000 0.00000000 0.00000000 0.00000000 0.00000000 0.00000000 0.00000000 
21 0.00000000 0.30023641 0.69976359 0.00000000 0.00000000 0.00000000 0.00000000 
22 0.00000000 0.00000000 0.00000000 0.00000000 0.00000000 1.00000000 0.00000000 

workload distribution if node 4 fails:

1    2    3    5    6    7    8    
1 0.00000000 0.00000000 0.00000000 0.11461126 0.00000000 0.00000000 0.88538874 
2 1.00000000 0.00000000 0.00000000 0.00000000 0.00000000 0.00000000 0.00000000 
3 0.00000000 0.00000000 0.00000000 0.00000000 0.00000000 1.00000000 0.00000000 
4 0.00000000 1.00000000 0.00000000 0.00000000 0.00000000 0.00000000 0.00000000 
5 0.00000000 0.00000000 1.00000000 0.00000000 0.00000000 0.00000000 0.00000000 
6 0.00000000 0.00000000 0.00000000 1.00000000 0.00000000 0.00000000 0.00000000 
7 0.00000000 1.00000000 0.00000000 0.00000000 0.00000000 0.00000000 0.00000000 
8 0.00000000 0.00000000 1.00000000 0.00000000 0.00000000 0.00000000 0.00000000 
9 0.00000000 0.00000000 1.00000000 0.00000000 0.00000000 0.00000000 0.00000000 
10 0.00000000 0.00000000 0.00000000 0.00000000 0.00000000 1.00000000 0.00000000 
11 1.00000000 0.00000000 0.00000000 0.00000000 0.00000000 0.00000000 0.00000000 
12 0.00000000 1.00000000 0.00000000 0.00000000 0.00000000 0.00000000 0.00000000 
13 0.00000000 0.00000000 0.00000000 0.00000000 0.71675532 0.28324468 0.00000000 
14 1.00000000 0.00000000 0.00000000 0.00000000 0.00000000 0.00000000 0.00000000 
15 0.48067633 0.51932367 0.00000000 0.00000000 0.00000000 0.00000000 0.00000000 
16 1.00000000 0.00000000 0.00000000 0.00000000 0.00000000 0.00000000 0.00000000 
18 0.00000000 0.02005533 0.10857538 0.46576763 0.40560166 0.00000000 0.00000000 
19 1.00000000 0.00000000 0.00000000 0.00000000 0.00000000 0.00000000 0.00000000 
21 0.00000000 1.00000000 0.00000000 0.00000000 0.00000000 0.00000000 0.00000000 
22 0.00000000 0.00000000 0.00000000 0.00000000 0.00000000 1.00000000 0.00000000 

workload distribution if node 5 fails:

1    2    3    4    6    7    8    
1 0.00000000 0.00000000 0.00000000 0.00000000 0.00000000 0.00000000 1.00000000 
2 1.00000000 0.00000000 0.00000000 0.00000000 0.00000000 0.00000000 0.00000000 
3 0.00000000 0.00000000 0.00000000 0.00000000 0.00000000 1.00000000 0.00000000 
4 0.00000000 0.00000000 0.00000000 1.00000000 0.00000000 0.00000000 0.00000000 
5 0.00000000 0.00000000 0.13942308 0.86057692 0.00000000 0.00000000 0.00000000 
6 0.00000000 0.00000000 0.00000000 0.00000000 0.00000000 0.00000000 1.00000000 
7 0.00000000 1.00000000 0.00000000 0.00000000 0.00000000 0.00000000 0.00000000 
8 0.00000000 1.00000000 0.00000000 0.00000000 0.00000000 0.00000000 0.00000000 
9 0.00000000 0.00000000 1.00000000 0.00000000 0.00000000 0.00000000 0.00000000 
10 0.00000000 0.00000000 0.00000000 0.00000000 0.00000000 1.00000000 0.00000000 
11 1.00000000 0.00000000 0.00000000 0.00000000 0.00000000 0.00000000 0.00000000 
12 0.00000000 0.00000000 0.00000000 1.00000000 0.00000000 0.00000000 0.00000000 
13 0.00000000 0.00000000 0.00000000 0.00000000 0.10815603 0.89184397 0.00000000 
14 1.00000000 0.00000000 0.00000000 0.00000000 0.00000000 0.00000000 0.00000000 
15 0.00000000 0.96014493 0.00000000 0.03985507 0.00000000 0.00000000 0.00000000 
16 0.60937500 0.39062500 0.00000000 0.00000000 0.00000000 0.00000000 0.00000000 
18 0.00000000 0.12863071 0.00000000 0.00000000 0.87136929 0.00000000 0.00000000 
19 1.00000000 0.00000000 0.00000000 0.00000000 0.00000000 0.00000000 0.00000000 
21 0.00000000 0.00000000 0.00000000 1.00000000 0.00000000 0.00000000 0.00000000 
22 0.00000000 0.00000000 0.00000000 0.00000000 0.00000000 0.94514768 0.05485232 

workload distribution if node 6 fails:

1    2    3    4    5    7    8    
1 0.00000000 0.00000000 0.00000000 0.00000000 0.00000000 0.00000000 1.00000000 
2 1.00000000 0.00000000 0.00000000 0.00000000 0.00000000 0.00000000 0.00000000 
3 0.00000000 0.00000000 0.00000000 0.00000000 0.00000000 1.00000000 0.00000000 
4 0.00000000 0.00000000 0.00000000 1.00000000 0.00000000 0.00000000 0.00000000 
5 0.00000000 0.00000000 0.13942308 0.86057692 0.00000000 0.00000000 0.00000000 
6 0.00000000 0.00000000 0.00000000 0.00000000 0.32275132 0.00000000 0.67724868 
7 0.00000000 1.00000000 0.00000000 0.00000000 0.00000000 0.00000000 0.00000000 
8 0.00000000 1.00000000 0.00000000 0.00000000 0.00000000 0.00000000 0.00000000 
9 0.00000000 0.00000000 1.00000000 0.00000000 0.00000000 0.00000000 0.00000000 
10 0.00000000 0.00000000 0.00000000 0.00000000 0.00000000 1.00000000 0.00000000 
11 1.00000000 0.00000000 0.00000000 0.00000000 0.00000000 0.00000000 0.00000000 
12 0.00000000 0.00000000 0.00000000 1.00000000 0.00000000 0.00000000 0.00000000 
13 0.00000000 0.00000000 0.00000000 0.00000000 0.00000000 1.00000000 0.00000000 
14 1.00000000 0.00000000 0.00000000 0.00000000 0.00000000 0.00000000 0.00000000 
15 0.00000000 0.96014493 0.00000000 0.03985507 0.00000000 0.00000000 0.00000000 
16 0.60937500 0.39062500 0.00000000 0.00000000 0.00000000 0.00000000 0.00000000 
18 0.00000000 0.12863071 0.00000000 0.00000000 0.87136929 0.00000000 0.00000000 
19 1.00000000 0.00000000 0.00000000 0.00000000 0.00000000 0.00000000 0.00000000 
21 0.00000000 0.00000000 0.00000000 1.00000000 0.00000000 0.00000000 0.00000000 
22 0.00000000 0.00000000 0.00000000 0.00000000 0.00000000 0.68776371 0.31223629 

workload distribution if node 7 fails:

1    2    3    4    5    6    8    
1 0.00000000 0.00000000 0.00000000 0.00000000 0.00000000 0.00000000 1.00000000 
2 1.00000000 0.00000000 0.00000000 0.00000000 0.00000000 0.00000000 0.00000000 
3 0.00000000 0.00000000 0.00000000 0.00000000 1.00000000 0.00000000 0.00000000 
4 0.00000000 0.00000000 0.00000000 1.00000000 0.00000000 0.00000000 0.00000000 
5 0.00000000 0.00000000 0.13942308 0.86057692 0.00000000 0.00000000 0.00000000 
6 0.00000000 0.00000000 0.00000000 0.00000000 0.00000000 0.00000000 1.00000000 
7 0.00000000 1.00000000 0.00000000 0.00000000 0.00000000 0.00000000 0.00000000 
8 0.00000000 1.00000000 0.00000000 0.00000000 0.00000000 0.00000000 0.00000000 
9 0.00000000 0.00000000 1.00000000 0.00000000 0.00000000 0.00000000 0.00000000 
10 0.00000000 0.00000000 0.00000000 0.00000000 1.00000000 0.00000000 0.00000000 
11 1.00000000 0.00000000 0.00000000 0.00000000 0.00000000 0.00000000 0.00000000 
12 0.00000000 0.00000000 0.00000000 1.00000000 0.00000000 0.00000000 0.00000000 
13 0.00000000 0.00000000 0.00000000 0.00000000 0.00000000 1.00000000 0.00000000 
14 1.00000000 0.00000000 0.00000000 0.00000000 0.00000000 0.00000000 0.00000000 
15 0.00000000 0.96014493 0.00000000 0.03985507 0.00000000 0.00000000 0.00000000 
16 0.60937500 0.39062500 0.00000000 0.00000000 0.00000000 0.00000000 0.00000000 
18 0.00000000 0.12863071 0.00000000 0.00000000 0.34785615 0.52351314 0.00000000 
19 1.00000000 0.00000000 0.00000000 0.00000000 0.00000000 0.00000000 0.00000000 
21 0.00000000 0.00000000 0.00000000 1.00000000 0.00000000 0.00000000 0.00000000 
22 0.00000000 0.00000000 0.00000000 0.00000000 0.94514768 0.00000000 0.05485232 

workload distribution if node 8 fails:

1    2    3    4    5    6    7    
1 0.00000000 0.00000000 0.00000000 0.00000000 1.00000000 0.00000000 0.00000000 
2 1.00000000 0.00000000 0.00000000 0.00000000 0.00000000 0.00000000 0.00000000 
3 0.00000000 0.00000000 0.00000000 0.00000000 0.00000000 0.00000000 1.00000000 
4 0.00000000 0.00000000 0.00000000 1.00000000 0.00000000 0.00000000 0.00000000 
5 0.00000000 0.00000000 0.13942308 0.86057692 0.00000000 0.00000000 0.00000000 
6 0.00000000 0.00000000 0.00000000 0.00000000 1.00000000 0.00000000 0.00000000 
7 0.00000000 1.00000000 0.00000000 0.00000000 0.00000000 0.00000000 0.00000000 
8 0.00000000 1.00000000 0.00000000 0.00000000 0.00000000 0.00000000 0.00000000 
9 0.00000000 0.00000000 1.00000000 0.00000000 0.00000000 0.00000000 0.00000000 
10 0.00000000 0.00000000 0.00000000 0.00000000 0.00000000 0.00000000 1.00000000 
11 1.00000000 0.00000000 0.00000000 0.00000000 0.00000000 0.00000000 0.00000000 
12 0.00000000 0.00000000 0.00000000 1.00000000 0.00000000 0.00000000 0.00000000 
13 0.00000000 0.00000000 0.00000000 0.00000000 0.00000000 0.13120567 0.86879433 
14 1.00000000 0.00000000 0.00000000 0.00000000 0.00000000 0.00000000 0.00000000 
15 0.00000000 0.96014493 0.00000000 0.03985507 0.00000000 0.00000000 0.00000000 
16 0.60937500 0.39062500 0.00000000 0.00000000 0.00000000 0.00000000 0.00000000 
18 0.00000000 0.12863071 0.00000000 0.00000000 0.00899032 0.86237898 0.00000000 
19 1.00000000 0.00000000 0.00000000 0.00000000 0.00000000 0.00000000 0.00000000 
21 0.00000000 0.00000000 0.00000000 1.00000000 0.00000000 0.00000000 0.00000000 
22 0.00000000 0.00000000 0.00000000 0.00000000 0.00000000 0.00000000 1.00000000 



zz_test [*] :=
 1  1
 2  1
 3  1
 4  1
 5  1
 6  1
 7  1
 8  1
 9  1
10  1
11  1
12  1
13  1
14  1
15  1
16  1
18  1
19  1
21  1
22  1
;

K_test [*] :=
1  0.125
2  0.125
3  0.125
4  0.125
5  0.125
6  0.125
7  0.125
8  0.125
;

zz2_test [*,*]
:    1   2   3   4   5   6   7   8    :=
1    1   1   1   1   1   1   1   1
2    1   1   1   1   1   1   1   1
3    1   1   1   1   1   1   1   1
4    1   1   1   1   1   1   1   1
5    1   1   1   1   1   1   1   1
6    1   1   1   1   1   1   1   1
7    1   1   1   1   1   1   1   1
8    1   1   1   1   1   1   1   1
9    1   1   1   1   1   1   1   1
10   1   1   1   1   1   1   1   1
11   1   1   1   1   1   1   1   1
12   1   1   1   1   1   1   1   1
13   1   1   1   1   1   1   1   1
14   1   1   1   1   1   1   1   1
15   1   1   1   1   1   1   1   1
16   1   1   1   1   1   1   1   1
18   1   1   1   1   1   1   1   1
19   1   1   1   1   1   1   1   1
21   1   1   1   1   1   1   1   1
22   1   1   1   1   1   1   1   1
;

K2_test [*,*]
:      1          2          3          4          5          6          7   :=
1    .         0.166667   0.166667   0.166667   0.125      0.125      0.125
2   0.166667    .         0.166667   0.166667   0.125      0.125      0.125
3   0.166667   0.166667    .         0.166667   0.125      0.125      0.125
4   0.166667   0.166667   0.166667    .         0.125      0.125      0.125
5   0.125      0.125      0.125      0.125       .         0.166667   0.166667
6   0.125      0.125      0.125      0.125      0.166667    .         0.166667
7   0.125      0.125      0.125      0.125      0.166667   0.166667    .
8   0.125      0.125      0.125      0.125      0.166667   0.166667   0.166667

:      8        :=
1   0.125
2   0.125
3   0.125
4   0.125
5   0.166667
6   0.166667
7   0.166667
;

zz2 [*,1,*]
:        2           3          4          5          6          7        :=
1    0           0           0          0.114611   0          0
2    1           0           0          0          0          0
3    0           0           0          0          0          1
4    0           0           1          0          0          0
5    0           1           0          0          0          0
6    0           0           0          1          0          0
7    0           0           1          0          0          0
8    0           1           0          0          0          0
9    0           1           0          0          0          0
10   0           0           0          0          0          1
11   0           1           0          0          0          0
12   0           0           1          0          0          0
13   0           0           0          0          0.716755   0.283245
14   1           0           0          0          0          0
15   0.410628    0           0.589372   0          0          0
16   1           0           0          0          0          0
18   0.0739972   0.0546335   0          0.465768   0.405602   0
19   1           0           0          0          0          0
21   0           0           1          0          0          0
22   0           0           0          0          0          1

:       8        :=
1    0.885389
2    0
3    0
4    0
5    0
6    0
7    0
8    0
9    0
10   0
11   0
12   0
13   0
14   0
15   0
16   0
18   0
19   0
21   0
22   0

 [*,2,*]
:       1          3          4          5          6          7          8  :=
1    0          0          0          0.114611   0          0          0.885389
2    1          0          0          0          0          0          0
3    0          0          0          0          0          1          0
4    0          0          1          0          0          0          0
5    0          0.814103   0.185897   0          0          0          0
6    0          0          0          1          0          0          0
7    0          0          1          0          0          0          0
8    0          1          0          0          0          0          0
9    0          1          0          0          0          0          0
10   0          0          0          0          0          1          0
11   1          0          0          0          0          0          0
12   0          0          1          0          0          0          0
13   0          0          0          0          0.716755   0.283245   0
14   1          0          0          0          0          0          0
15   0.480676   0          0.519324   0          0          0          0
16   1          0          0          0          0          0          0
18   0          0.128631   0          0.465768   0.405602   0          0
19   1          0          0          0          0          0          0
21   0          0          1          0          0          0          0
22   0          0          0          0          0          1          0

 [*,3,*]
:       1          2          4          5          6          7          8  :=
1    0          0          0          0.114611   0          0          0.885389
2    1          0          0          0          0          0          0
3    0          0          0          0          0          1          0
4    0          0          1          0          0          0          0
5    0          0          1          0          0          0          0
6    0          0          0          1          0          0          0
7    0          0          1          0          0          0          0
8    0          1          0          0          0          0          0
9    0          1          0          0          0          0          0
10   0          0          0          0          0          1          0
11   1          0          0          0          0          0          0
12   0          0          1          0          0          0          0
13   0          0          0          0          0.716755   0.283245   0
14   1          0          0          0          0          0          0
15   0.480676   0          0.519324   0          0          0          0
16   1          0          0          0          0          0          0
18   0          0.128631   0          0.465768   0.405602   0          0
19   1          0          0          0          0          0          0
21   0          0.300236   0.699764   0          0          0          0
22   0          0          0          0          0          1          0

 [*,4,*]
:       1           2          3          5          6          7        :=
1    0          0           0          0.114611   0          0
2    1          0           0          0          0          0
3    0          0           0          0          0          1
4    0          1           0          0          0          0
5    0          0           1          0          0          0
6    0          0           0          1          0          0
7    0          1           0          0          0          0
8    0          0           1          0          0          0
9    0          0           1          0          0          0
10   0          0           0          0          0          1
11   1          0           0          0          0          0
12   0          1           0          0          0          0
13   0          0           0          0          0.716755   0.283245
14   1          0           0          0          0          0
15   0.480676   0.519324    0          0          0          0
16   1          0           0          0          0          0
18   0          0.0200553   0.108575   0.465768   0.405602   0
19   1          0           0          0          0          0
21   0          1           0          0          0          0
22   0          0           0          0          0          1

:       8        :=
1    0.885389
2    0
3    0
4    0
5    0
6    0
7    0
8    0
9    0
10   0
11   0
12   0
13   0
14   0
15   0
16   0
18   0
19   0
21   0
22   0

 [*,5,*]
:       1            2           3           4          6          7        :=
1    0          0             0          0           0          0
2    1          0             0          0           0          0
3    0          0             0          0           0          1
4    0          0             0          1           0          0
5    0          0             0.139423   0.860577    0          0
6    0          0             0          0           0          0
7    0          1             0          0           0          0
8    0          1             0          0           0          0
9    0          2.77556e-17   1          0           0          0
10   0          0             0          0           0          1
11   1          0             0          0           0          0
12   0          0             0          1           0          0
13   0          0             0          0           0.108156   0.891844
14   1          0             0          0           0          0
15   0          0.960145      0          0.0398551   0          0
16   0.609375   0.390625      0          0           0          0
18   0          0.128631      0          0           0.871369   0
19   1          0             0          0           0          0
21   0          0             0          1           0          0
22   0          0             0          0           0          0.945148

:        8        :=
1    1
2    0
3    0
4    0
5    0
6    1
7    0
8    0
9    0
10   0
11   0
12   0
13   0
14   0
15   0
16   0
18   0
19   0
21   0
22   0.0548523

 [*,6,*]
:       1            2           3           4          5          7        :=
1    0          0             0          0           0          0
2    1          0             0          0           0          0
3    0          0             0          0           0          1
4    0          0             0          1           0          0
5    0          0             0.139423   0.860577    0          0
6    0          0             0          0           0.322751   0
7    0          1             0          0           0          0
8    0          1             0          0           0          0
9    0          2.77556e-17   1          0           0          0
10   0          0             0          0           0          1
11   1          0             0          0           0          0
12   0          0             0          1           0          0
13   0          0             0          0           0          1
14   1          0             0          0           0          0
15   0          0.960145      0          0.0398551   0          0
16   0.609375   0.390625      0          0           0          0
18   0          0.128631      0          0           0.871369   0
19   1          0             0          0           0          0
21   0          0             0          1           0          0
22   0          0             0          0           0          0.687764

:       8        :=
1    1
2    0
3    0
4    0
5    0
6    0.677249
7    0
8    0
9    0
10   0
11   0
12   0
13   0
14   0
15   0
16   0
18   0
19   0
21   0
22   0.312236

 [*,7,*]
:       1            2           3           4          5          6        :=
1    0          0             0          0           0          0
2    1          0             0          0           0          0
3    0          0             0          0           1          0
4    0          0             0          1           0          0
5    0          0             0.139423   0.860577    0          0
6    0          0             0          0           0          0
7    0          1             0          0           0          0
8    0          1             0          0           0          0
9    0          2.77556e-17   1          0           0          0
10   0          0             0          0           1          0
11   1          0             0          0           0          0
12   0          0             0          1           0          0
13   0          0             0          0           0          1
14   1          0             0          0           0          0
15   0          0.960145      0          0.0398551   0          0
16   0.609375   0.390625      0          0           0          0
18   0          0.128631      0          0           0.347856   0.523513
19   1          0             0          0           0          0
21   0          0             0          1           0          0
22   0          0             0          0           0.945148   0

:        8        :=
1    1
2    0
3    0
4    0
5    0
6    1
7    0
8    0
9    0
10   0
11   0
12   0
13   0
14   0
15   0
16   0
18   0
19   0
21   0
22   0.0548523

 [*,8,*]
:       1            2           3           4           5           6       :=
1    0          0             0          0           1            0
2    1          0             0          0           0            0
3    0          0             0          0           0            0
4    0          0             0          1           0            0
5    0          0             0.139423   0.860577    0            0
6    0          0             0          0           1            0
7    0          1             0          0           0            0
8    0          1             0          0           0            0
9    0          2.77556e-17   1          0           0            0
10   0          0             0          0           0            0
11   1          0             0          0           0            0
12   0          0             0          1           0            0
13   0          0             0          0           0            0.131206
14   1          0             0          0           0            0
15   0          0.960145      0          0.0398551   0            0
16   0.609375   0.390625      0          0           0            0
18   0          0.128631      0          0           0.00899032   0.862379
19   1          0             0          0           0            0
21   0          0             0          1           0            0
22   0          0             0          0           0            0

:       7        :=
1    0
2    0
3    1
4    0
5    0
6    0
7    0
8    0
9    0
10   1
11   0
12   0
13   0.868794
14   0
15   0
16   0
18   0
19   0
21   0
22   1
;

