K=13, W/V=5.1059564, B=3, time:1.093

ca [*] :=
1  5
2  4
3  4
;

fragment allocation x on node k:

1    2    3    4    5    6    7    8    9    10    11    12    13    
0 1 0 1 1 1 0 0 0 0 0 0 1 1 
1 1 0 1 0 1 0 0 0 0 0 0 0 0 
2 0 0 0 0 0 0 0 0 0 0 0 1 1 
3 1 0 0 1 0 0 0 0 0 0 0 1 1 
4 1 0 1 0 0 0 0 0 0 0 0 1 1 
5 1 0 0 1 0 0 0 0 0 0 0 1 1 
6 1 0 0 1 0 0 0 0 0 0 0 0 0 
7 0 0 0 0 0 0 0 0 0 0 0 0 0 
8 0 0 0 0 0 0 0 0 0 0 0 0 0 
9 1 0 1 0 0 0 0 0 0 0 0 1 1 
10 1 0 1 0 0 0 0 0 0 0 0 1 1 
11 0 0 0 0 0 0 0 0 0 0 0 0 0 
12 1 1 1 0 1 0 1 1 0 0 0 1 1 
13 1 1 1 0 1 0 1 1 0 0 0 1 1 
14 1 0 1 0 0 0 0 0 0 0 0 1 1 
15 0 0 0 0 0 0 0 0 0 0 0 0 0 
16 1 1 1 0 1 0 1 1 0 0 1 1 1 
17 0 0 0 0 0 0 1 1 0 0 1 1 1 
18 0 0 0 0 0 0 0 0 0 0 1 1 1 
19 1 1 1 0 1 0 1 1 0 0 0 1 1 
20 0 0 0 0 0 0 0 0 0 0 1 1 1 
21 0 0 0 0 0 0 0 0 0 0 0 1 1 
22 0 0 0 0 0 0 0 0 0 0 0 1 1 
23 1 1 1 0 0 1 1 1 1 0 1 0 1 
24 1 1 0 0 0 1 1 0 1 0 0 0 0 
25 1 1 0 0 0 0 0 0 0 0 0 0 0 
26 1 1 1 0 0 0 0 0 0 0 0 0 0 
27 1 1 0 0 0 0 1 0 1 0 1 0 1 
28 1 1 0 0 0 0 1 0 1 0 1 0 1 
29 1 1 0 0 0 0 0 0 0 0 0 0 0 
30 1 1 0 0 0 0 0 0 0 0 0 0 0 
31 1 0 1 0 1 0 0 0 0 0 0 1 1 
32 1 0 1 0 1 0 0 0 0 0 0 1 1 
33 0 0 0 0 0 0 0 0 0 0 0 1 1 
34 1 0 1 0 1 0 0 0 0 0 0 1 1 
35 0 0 0 0 0 0 0 0 0 0 0 0 0 
36 1 1 1 1 1 1 1 1 1 0 0 0 0 
37 1 1 1 0 0 1 1 1 1 0 1 0 1 
38 0 0 0 0 0 0 1 1 0 0 0 0 0 
39 0 0 0 0 0 1 1 0 1 0 0 0 0 
40 1 1 1 1 1 1 1 0 1 0 0 0 0 
41 1 0 0 1 0 0 0 0 0 0 0 0 0 
42 0 0 0 0 0 0 0 0 0 0 0 0 0 
43 1 1 0 0 0 0 0 0 0 0 0 0 0 
44 0 0 0 0 0 1 0 1 0 0 0 0 0 
45 1 1 1 1 1 1 1 1 1 0 0 0 0 
46 1 0 1 1 1 0 0 0 0 0 0 0 0 
47 1 1 1 0 1 0 1 1 0 0 1 1 0 
48 0 0 0 0 0 0 0 0 0 0 0 0 0 
49 1 0 1 1 1 1 1 0 1 1 1 1 0 
50 1 1 1 1 1 0 0 0 0 1 1 1 0 
51 1 1 1 1 1 0 0 0 0 1 1 1 0 
52 0 0 0 0 0 0 0 0 0 1 1 1 0 
53 1 1 0 0 0 0 0 0 0 1 1 1 0 
54 0 0 0 0 0 0 0 0 0 1 1 1 0 
55 1 1 1 1 0 0 0 0 0 1 1 1 0 
56 1 0 0 1 0 0 1 1 0 0 0 0 0 
57 1 0 0 1 0 0 1 1 0 0 0 0 0 
58 1 0 0 1 0 0 0 0 0 0 0 0 0 
59 1 0 0 1 0 0 0 0 0 0 0 0 0 

query feasibility y on node k:

1    2    3    4    5    6    7    8    9    10    11    12    13    
1 0 0 0 0 0 0 0 0 0 1 1 1 0 
2 0 0 0 0 0 0 0 0 0 0 0 1 1 
3 1 1 0 0 0 0 0 0 0 0 0 0 0 
4 1 0 0 1 0 0 0 0 0 0 0 0 0 
5 1 0 1 0 0 0 0 0 0 0 0 0 0 
6 1 0 1 1 0 0 0 0 0 1 1 1 0 
7 1 1 1 0 0 0 0 0 0 0 0 0 0 
8 1 0 1 0 0 0 0 0 0 0 0 0 0 
9 1 0 1 0 1 0 0 0 0 0 0 0 0 
10 1 1 0 0 0 0 0 0 0 0 0 0 0 
11 0 0 0 0 0 0 0 0 0 0 0 1 1 
12 1 0 0 1 0 0 0 0 0 0 0 0 0 
13 0 0 0 0 0 1 0 1 0 0 0 0 0 
14 1 0 1 0 0 0 0 0 0 0 0 0 0 
15 0 0 0 0 0 0 0 0 0 0 1 1 0 
16 0 0 0 0 0 0 0 0 0 0 0 1 1 
18 0 0 0 0 0 1 1 0 1 0 0 0 0 
19 1 0 0 1 0 0 0 0 0 0 0 0 0 
21 0 0 0 0 0 0 1 1 0 0 0 0 0 
22 0 0 0 0 0 0 1 0 1 0 1 0 1 

workload distribution ohne node failure:

1    2    3    4    5    6    7    8    9    10    11    12    13    
1 0.00000000 0.00000000 0.00000000 0.00000000 0.00000000 0.00000000 0.00000000 0.00000000 0.00000000 0.51309548 0.17488142 0.31202310 0.00000000 
2 0.00000000 0.00000000 0.00000000 0.00000000 0.00000000 0.00000000 0.00000000 0.00000000 0.00000000 0.00000000 0.00000000 0.81128205 0.18871795 
3 0.20000000 0.80000000 0.00000000 0.00000000 0.00000000 0.00000000 0.00000000 0.00000000 0.00000000 0.00000000 0.00000000 0.00000000 0.00000000 
4 0.00000000 0.00000000 0.00000000 1.00000000 0.00000000 0.00000000 0.00000000 0.00000000 0.00000000 0.00000000 0.00000000 0.00000000 0.00000000 
5 1.00000000 0.00000000 0.00000000 0.00000000 0.00000000 0.00000000 0.00000000 0.00000000 0.00000000 0.00000000 0.00000000 0.00000000 0.00000000 
6 0.81196581 0.00000000 0.00000000 0.00000000 0.00000000 0.00000000 0.00000000 0.00000000 0.00000000 0.18803419 0.00000000 0.00000000 0.00000000 
7 0.00000000 0.84225901 0.15774099 0.00000000 0.00000000 0.00000000 0.00000000 0.00000000 0.00000000 0.00000000 0.00000000 0.00000000 0.00000000 
8 1.00000000 0.00000000 0.00000000 0.00000000 0.00000000 0.00000000 0.00000000 0.00000000 0.00000000 0.00000000 0.00000000 0.00000000 0.00000000 
9 0.00000000 0.00000000 0.37080257 0.00000000 0.62919743 0.00000000 0.00000000 0.00000000 0.00000000 0.00000000 0.00000000 0.00000000 0.00000000 
10 0.39381868 0.60618132 0.00000000 0.00000000 0.00000000 0.00000000 0.00000000 0.00000000 0.00000000 0.00000000 0.00000000 0.00000000 0.00000000 
11 0.00000000 0.00000000 0.00000000 0.00000000 0.00000000 0.00000000 0.00000000 0.00000000 0.00000000 0.00000000 0.00000000 1.00000000 0.00000000 
12 0.27414075 0.00000000 0.00000000 0.72585925 0.00000000 0.00000000 0.00000000 0.00000000 0.00000000 0.00000000 0.00000000 0.00000000 0.00000000 
13 0.00000000 0.00000000 0.00000000 0.00000000 0.00000000 0.00000000 0.00000000 1.00000000 0.00000000 0.00000000 0.00000000 0.00000000 0.00000000 
14 0.00000000 0.00000000 1.00000000 0.00000000 0.00000000 0.00000000 0.00000000 0.00000000 0.00000000 0.00000000 0.00000000 0.00000000 0.00000000 
15 0.00000000 0.00000000 0.00000000 0.00000000 0.00000000 0.00000000 0.00000000 0.00000000 0.00000000 0.00000000 1.00000000 0.00000000 0.00000000 
16 0.00000000 0.00000000 0.00000000 0.00000000 0.00000000 0.00000000 0.00000000 0.00000000 0.00000000 0.00000000 0.00000000 0.00000000 1.00000000 
18 0.00000000 0.00000000 0.00000000 0.00000000 0.00000000 0.42164060 0.15671880 0.00000000 0.42164060 0.00000000 0.00000000 0.00000000 0.00000000 
19 0.00000000 0.00000000 0.00000000 1.00000000 0.00000000 0.00000000 0.00000000 0.00000000 0.00000000 0.00000000 0.00000000 0.00000000 0.00000000 
21 0.00000000 0.00000000 0.00000000 0.00000000 0.00000000 0.00000000 0.89198036 0.10801964 0.00000000 0.00000000 0.00000000 0.00000000 0.00000000 
22 0.00000000 0.00000000 0.00000000 0.00000000 0.00000000 0.00000000 0.02434275 0.00000000 0.00000000 0.00000000 0.00000000 0.00000000 0.97565725 

workload distribution if node 1 fails:

2    3    4    5    6    7    8    9    10    11    12    13    
1 0.00000000 0.00000000 0.00000000 0.00000000 0.00000000 0.00000000 0.00000000 0.00000000 0.51309548 0.17488142 0.31202310 0.00000000 
2 0.00000000 0.00000000 0.00000000 0.00000000 0.00000000 0.00000000 0.00000000 0.00000000 0.00000000 0.00000000 0.81128205 0.18871795 
3 1.00000000 0.00000000 0.00000000 0.00000000 0.00000000 0.00000000 0.00000000 0.00000000 0.00000000 0.00000000 0.00000000 0.00000000 
4 0.00000000 0.00000000 1.00000000 0.00000000 0.00000000 0.00000000 0.00000000 0.00000000 0.00000000 0.00000000 0.00000000 0.00000000 
5 0.00000000 1.00000000 0.00000000 0.00000000 0.00000000 0.00000000 0.00000000 0.00000000 0.00000000 0.00000000 0.00000000 0.00000000 
6 0.00000000 0.41452991 0.39743590 0.00000000 0.00000000 0.00000000 0.00000000 0.00000000 0.18803419 0.00000000 0.00000000 0.00000000 
7 0.70934761 0.29065239 0.00000000 0.00000000 0.00000000 0.00000000 0.00000000 0.00000000 0.00000000 0.00000000 0.00000000 0.00000000 
8 0.00000000 1.00000000 0.00000000 0.00000000 0.00000000 0.00000000 0.00000000 0.00000000 0.00000000 0.00000000 0.00000000 0.00000000 
9 0.00000000 0.21350322 0.00000000 0.78649678 0.00000000 0.00000000 0.00000000 0.00000000 0.00000000 0.00000000 0.00000000 0.00000000 
10 1.00000000 0.00000000 0.00000000 0.00000000 0.00000000 0.00000000 0.00000000 0.00000000 0.00000000 0.00000000 0.00000000 0.00000000 
11 0.00000000 0.00000000 0.00000000 0.00000000 0.00000000 0.00000000 0.00000000 0.00000000 0.00000000 0.00000000 1.00000000 0.00000000 
12 0.00000000 0.00000000 1.00000000 0.00000000 0.00000000 0.00000000 0.00000000 0.00000000 0.00000000 0.00000000 0.00000000 0.00000000 
13 0.00000000 0.00000000 0.00000000 0.00000000 0.00000000 0.00000000 1.00000000 0.00000000 0.00000000 0.00000000 0.00000000 0.00000000 
14 0.00000000 1.00000000 0.00000000 0.00000000 0.00000000 0.00000000 0.00000000 0.00000000 0.00000000 0.00000000 0.00000000 0.00000000 
15 0.00000000 0.00000000 0.00000000 0.00000000 0.00000000 0.00000000 0.00000000 0.00000000 0.00000000 1.00000000 0.00000000 0.00000000 
16 0.00000000 0.00000000 0.00000000 0.00000000 0.00000000 0.00000000 0.00000000 0.00000000 0.00000000 0.00000000 0.00000000 1.00000000 
18 0.00000000 0.00000000 0.00000000 0.00000000 0.42164060 0.15671880 0.00000000 0.42164060 0.00000000 0.00000000 0.00000000 0.00000000 
19 0.00000000 0.00000000 1.00000000 0.00000000 0.00000000 0.00000000 0.00000000 0.00000000 0.00000000 0.00000000 0.00000000 0.00000000 
21 0.00000000 0.00000000 0.00000000 0.00000000 0.00000000 0.89198036 0.10801964 0.00000000 0.00000000 0.00000000 0.00000000 0.00000000 
22 0.00000000 0.00000000 0.00000000 0.00000000 0.00000000 0.02434275 0.00000000 0.00000000 0.00000000 0.00000000 0.00000000 0.97565725 

workload distribution if node 2 fails:

1    3    4    5    6    7    8    9    10    11    12    13    
1 0.00000000 0.00000000 0.00000000 0.00000000 0.00000000 0.00000000 0.00000000 0.00000000 0.51309548 0.17488142 0.31202310 0.00000000 
2 0.00000000 0.00000000 0.00000000 0.00000000 0.00000000 0.00000000 0.00000000 0.00000000 0.00000000 0.00000000 0.81128205 0.18871795 
3 1.00000000 0.00000000 0.00000000 0.00000000 0.00000000 0.00000000 0.00000000 0.00000000 0.00000000 0.00000000 0.00000000 0.00000000 
4 0.00000000 0.00000000 1.00000000 0.00000000 0.00000000 0.00000000 0.00000000 0.00000000 0.00000000 0.00000000 0.00000000 0.00000000 
5 0.00000000 1.00000000 0.00000000 0.00000000 0.00000000 0.00000000 0.00000000 0.00000000 0.00000000 0.00000000 0.00000000 0.00000000 
6 0.00000000 0.41452991 0.39743590 0.00000000 0.00000000 0.00000000 0.00000000 0.00000000 0.18803419 0.00000000 0.00000000 0.00000000 
7 0.70934761 0.29065239 0.00000000 0.00000000 0.00000000 0.00000000 0.00000000 0.00000000 0.00000000 0.00000000 0.00000000 0.00000000 
8 0.00000000 1.00000000 0.00000000 0.00000000 0.00000000 0.00000000 0.00000000 0.00000000 0.00000000 0.00000000 0.00000000 0.00000000 
9 0.00000000 0.21350322 0.00000000 0.78649678 0.00000000 0.00000000 0.00000000 0.00000000 0.00000000 0.00000000 0.00000000 0.00000000 
10 1.00000000 0.00000000 0.00000000 0.00000000 0.00000000 0.00000000 0.00000000 0.00000000 0.00000000 0.00000000 0.00000000 0.00000000 
11 0.00000000 0.00000000 0.00000000 0.00000000 0.00000000 0.00000000 0.00000000 0.00000000 0.00000000 0.00000000 1.00000000 0.00000000 
12 0.00000000 0.00000000 1.00000000 0.00000000 0.00000000 0.00000000 0.00000000 0.00000000 0.00000000 0.00000000 0.00000000 0.00000000 
13 0.00000000 0.00000000 0.00000000 0.00000000 0.00000000 0.00000000 1.00000000 0.00000000 0.00000000 0.00000000 0.00000000 0.00000000 
14 0.00000000 1.00000000 0.00000000 0.00000000 0.00000000 0.00000000 0.00000000 0.00000000 0.00000000 0.00000000 0.00000000 0.00000000 
15 0.00000000 0.00000000 0.00000000 0.00000000 0.00000000 0.00000000 0.00000000 0.00000000 0.00000000 1.00000000 0.00000000 0.00000000 
16 0.00000000 0.00000000 0.00000000 0.00000000 0.00000000 0.00000000 0.00000000 0.00000000 0.00000000 0.00000000 0.00000000 1.00000000 
18 0.00000000 0.00000000 0.00000000 0.00000000 0.42164060 0.15671880 0.00000000 0.42164060 0.00000000 0.00000000 0.00000000 0.00000000 
19 0.00000000 0.00000000 1.00000000 0.00000000 0.00000000 0.00000000 0.00000000 0.00000000 0.00000000 0.00000000 0.00000000 0.00000000 
21 0.00000000 0.00000000 0.00000000 0.00000000 0.00000000 0.89198036 0.10801964 0.00000000 0.00000000 0.00000000 0.00000000 0.00000000 
22 0.00000000 0.00000000 0.00000000 0.00000000 0.00000000 0.02434275 0.00000000 0.00000000 0.00000000 0.00000000 0.00000000 0.97565725 

workload distribution if node 3 fails:

1    2    4    5    6    7    8    9    10    11    12    13    
1 0.00000000 0.00000000 0.00000000 0.00000000 0.00000000 0.00000000 0.00000000 0.00000000 0.51309548 0.17488142 0.31202310 0.00000000 
2 0.00000000 0.00000000 0.00000000 0.00000000 0.00000000 0.00000000 0.00000000 0.00000000 0.00000000 0.00000000 0.81128205 0.18871795 
3 0.00000000 1.00000000 0.00000000 0.00000000 0.00000000 0.00000000 0.00000000 0.00000000 0.00000000 0.00000000 0.00000000 0.00000000 
4 0.00000000 0.00000000 1.00000000 0.00000000 0.00000000 0.00000000 0.00000000 0.00000000 0.00000000 0.00000000 0.00000000 0.00000000 
5 1.00000000 0.00000000 0.00000000 0.00000000 0.00000000 0.00000000 0.00000000 0.00000000 0.00000000 0.00000000 0.00000000 0.00000000 
6 0.41452991 0.00000000 0.39743590 0.00000000 0.00000000 0.00000000 0.00000000 0.00000000 0.18803419 0.00000000 0.00000000 0.00000000 
7 0.29065239 0.70934761 0.00000000 0.00000000 0.00000000 0.00000000 0.00000000 0.00000000 0.00000000 0.00000000 0.00000000 0.00000000 
8 1.00000000 0.00000000 0.00000000 0.00000000 0.00000000 0.00000000 0.00000000 0.00000000 0.00000000 0.00000000 0.00000000 0.00000000 
9 0.21350322 0.00000000 0.00000000 0.78649678 0.00000000 0.00000000 0.00000000 0.00000000 0.00000000 0.00000000 0.00000000 0.00000000 
10 0.00000000 1.00000000 0.00000000 0.00000000 0.00000000 0.00000000 0.00000000 0.00000000 0.00000000 0.00000000 0.00000000 0.00000000 
11 0.00000000 0.00000000 0.00000000 0.00000000 0.00000000 0.00000000 0.00000000 0.00000000 0.00000000 0.00000000 1.00000000 0.00000000 
12 0.00000000 0.00000000 1.00000000 0.00000000 0.00000000 0.00000000 0.00000000 0.00000000 0.00000000 0.00000000 0.00000000 0.00000000 
13 0.00000000 0.00000000 0.00000000 0.00000000 0.00000000 0.00000000 1.00000000 0.00000000 0.00000000 0.00000000 0.00000000 0.00000000 
14 1.00000000 0.00000000 0.00000000 0.00000000 0.00000000 0.00000000 0.00000000 0.00000000 0.00000000 0.00000000 0.00000000 0.00000000 
15 0.00000000 0.00000000 0.00000000 0.00000000 0.00000000 0.00000000 0.00000000 0.00000000 0.00000000 1.00000000 0.00000000 0.00000000 
16 0.00000000 0.00000000 0.00000000 0.00000000 0.00000000 0.00000000 0.00000000 0.00000000 0.00000000 0.00000000 0.00000000 1.00000000 
18 0.00000000 0.00000000 0.00000000 0.00000000 0.42164060 0.15671880 0.00000000 0.42164060 0.00000000 0.00000000 0.00000000 0.00000000 
19 0.00000000 0.00000000 1.00000000 0.00000000 0.00000000 0.00000000 0.00000000 0.00000000 0.00000000 0.00000000 0.00000000 0.00000000 
21 0.00000000 0.00000000 0.00000000 0.00000000 0.00000000 0.89198036 0.10801964 0.00000000 0.00000000 0.00000000 0.00000000 0.00000000 
22 0.00000000 0.00000000 0.00000000 0.00000000 0.00000000 0.02434275 0.00000000 0.00000000 0.00000000 0.00000000 0.00000000 0.97565725 

workload distribution if node 4 fails:

1    2    3    5    6    7    8    9    10    11    12    13    
1 0.00000000 0.00000000 0.00000000 0.00000000 0.00000000 0.00000000 0.00000000 0.00000000 0.51309548 0.17488142 0.31202310 0.00000000 
2 0.00000000 0.00000000 0.00000000 0.00000000 0.00000000 0.00000000 0.00000000 0.00000000 0.00000000 0.00000000 0.81128205 0.18871795 
3 0.00000000 1.00000000 0.00000000 0.00000000 0.00000000 0.00000000 0.00000000 0.00000000 0.00000000 0.00000000 0.00000000 0.00000000 
4 1.00000000 0.00000000 0.00000000 0.00000000 0.00000000 0.00000000 0.00000000 0.00000000 0.00000000 0.00000000 0.00000000 0.00000000 
5 0.00000000 0.00000000 1.00000000 0.00000000 0.00000000 0.00000000 0.00000000 0.00000000 0.00000000 0.00000000 0.00000000 0.00000000 
6 0.00000000 0.00000000 0.81196581 0.00000000 0.00000000 0.00000000 0.00000000 0.00000000 0.18803419 0.00000000 0.00000000 0.00000000 
7 0.00000000 1.00000000 0.00000000 0.00000000 0.00000000 0.00000000 0.00000000 0.00000000 0.00000000 0.00000000 0.00000000 0.00000000 
8 0.00000000 0.00000000 1.00000000 0.00000000 0.00000000 0.00000000 0.00000000 0.00000000 0.00000000 0.00000000 0.00000000 0.00000000 
9 0.00000000 0.00000000 0.21350322 0.78649678 0.00000000 0.00000000 0.00000000 0.00000000 0.00000000 0.00000000 0.00000000 0.00000000 
10 0.20501374 0.79498626 0.00000000 0.00000000 0.00000000 0.00000000 0.00000000 0.00000000 0.00000000 0.00000000 0.00000000 0.00000000 
11 0.00000000 0.00000000 0.00000000 0.00000000 0.00000000 0.00000000 0.00000000 0.00000000 0.00000000 0.00000000 1.00000000 0.00000000 
12 1.00000000 0.00000000 0.00000000 0.00000000 0.00000000 0.00000000 0.00000000 0.00000000 0.00000000 0.00000000 0.00000000 0.00000000 
13 0.00000000 0.00000000 0.00000000 0.00000000 0.00000000 0.00000000 1.00000000 0.00000000 0.00000000 0.00000000 0.00000000 0.00000000 
14 0.02925244 0.00000000 0.97074756 0.00000000 0.00000000 0.00000000 0.00000000 0.00000000 0.00000000 0.00000000 0.00000000 0.00000000 
15 0.00000000 0.00000000 0.00000000 0.00000000 0.00000000 0.00000000 0.00000000 0.00000000 0.00000000 1.00000000 0.00000000 0.00000000 
16 0.00000000 0.00000000 0.00000000 0.00000000 0.00000000 0.00000000 0.00000000 0.00000000 0.00000000 0.00000000 0.00000000 1.00000000 
18 0.00000000 0.00000000 0.00000000 0.00000000 0.42164060 0.15671880 0.00000000 0.42164060 0.00000000 0.00000000 0.00000000 0.00000000 
19 1.00000000 0.00000000 0.00000000 0.00000000 0.00000000 0.00000000 0.00000000 0.00000000 0.00000000 0.00000000 0.00000000 0.00000000 
21 0.00000000 0.00000000 0.00000000 0.00000000 0.00000000 0.89198036 0.10801964 0.00000000 0.00000000 0.00000000 0.00000000 0.00000000 
22 0.00000000 0.00000000 0.00000000 0.00000000 0.00000000 0.02434275 0.00000000 0.00000000 0.00000000 0.00000000 0.00000000 0.97565725 

workload distribution if node 5 fails:

1    2    3    4    6    7    8    9    10    11    12    13    
1 0.00000000 0.00000000 0.00000000 0.00000000 0.00000000 0.00000000 0.00000000 0.00000000 0.51309548 0.17488142 0.31202310 0.00000000 
2 0.00000000 0.00000000 0.00000000 0.00000000 0.00000000 0.00000000 0.00000000 0.00000000 0.00000000 0.00000000 0.81128205 0.18871795 
3 0.00000000 1.00000000 0.00000000 0.00000000 0.00000000 0.00000000 0.00000000 0.00000000 0.00000000 0.00000000 0.00000000 0.00000000 
4 0.00000000 0.00000000 0.00000000 1.00000000 0.00000000 0.00000000 0.00000000 0.00000000 0.00000000 0.00000000 0.00000000 0.00000000 
5 1.00000000 0.00000000 0.00000000 0.00000000 0.00000000 0.00000000 0.00000000 0.00000000 0.00000000 0.00000000 0.00000000 0.00000000 
6 0.41452991 0.00000000 0.00000000 0.39743590 0.00000000 0.00000000 0.00000000 0.00000000 0.18803419 0.00000000 0.00000000 0.00000000 
7 0.29065239 0.70934761 0.00000000 0.00000000 0.00000000 0.00000000 0.00000000 0.00000000 0.00000000 0.00000000 0.00000000 0.00000000 
8 0.00000000 0.00000000 1.00000000 0.00000000 0.00000000 0.00000000 0.00000000 0.00000000 0.00000000 0.00000000 0.00000000 0.00000000 
9 0.25375089 0.00000000 0.74624911 0.00000000 0.00000000 0.00000000 0.00000000 0.00000000 0.00000000 0.00000000 0.00000000 0.00000000 
10 0.00000000 1.00000000 0.00000000 0.00000000 0.00000000 0.00000000 0.00000000 0.00000000 0.00000000 0.00000000 0.00000000 0.00000000 
11 0.00000000 0.00000000 0.00000000 0.00000000 0.00000000 0.00000000 0.00000000 0.00000000 0.00000000 0.00000000 1.00000000 0.00000000 
12 0.00000000 0.00000000 0.00000000 1.00000000 0.00000000 0.00000000 0.00000000 0.00000000 0.00000000 0.00000000 0.00000000 0.00000000 
13 0.00000000 0.00000000 0.00000000 0.00000000 0.00000000 0.00000000 1.00000000 0.00000000 0.00000000 0.00000000 0.00000000 0.00000000 
14 1.00000000 0.00000000 0.00000000 0.00000000 0.00000000 0.00000000 0.00000000 0.00000000 0.00000000 0.00000000 0.00000000 0.00000000 
15 0.00000000 0.00000000 0.00000000 0.00000000 0.00000000 0.00000000 0.00000000 0.00000000 0.00000000 1.00000000 0.00000000 0.00000000 
16 0.00000000 0.00000000 0.00000000 0.00000000 0.00000000 0.00000000 0.00000000 0.00000000 0.00000000 0.00000000 0.00000000 1.00000000 
18 0.00000000 0.00000000 0.00000000 0.00000000 0.42164060 0.15671880 0.00000000 0.42164060 0.00000000 0.00000000 0.00000000 0.00000000 
19 0.00000000 0.00000000 0.00000000 1.00000000 0.00000000 0.00000000 0.00000000 0.00000000 0.00000000 0.00000000 0.00000000 0.00000000 
21 0.00000000 0.00000000 0.00000000 0.00000000 0.00000000 0.89198036 0.10801964 0.00000000 0.00000000 0.00000000 0.00000000 0.00000000 
22 0.00000000 0.00000000 0.00000000 0.00000000 0.00000000 0.02434275 0.00000000 0.00000000 0.00000000 0.00000000 0.00000000 0.97565725 

workload distribution if node 6 fails:

1    2    3    4    5    7    8    9    10    11    12    13    
1 0.00000000 0.00000000 0.00000000 0.00000000 0.00000000 0.00000000 0.00000000 0.00000000 0.51309548 0.17488142 0.31202310 0.00000000 
2 0.00000000 0.00000000 0.00000000 0.00000000 0.00000000 0.00000000 0.00000000 0.00000000 0.00000000 0.00000000 0.81128205 0.18871795 
3 0.20000000 0.80000000 0.00000000 0.00000000 0.00000000 0.00000000 0.00000000 0.00000000 0.00000000 0.00000000 0.00000000 0.00000000 
4 0.00000000 0.00000000 0.00000000 1.00000000 0.00000000 0.00000000 0.00000000 0.00000000 0.00000000 0.00000000 0.00000000 0.00000000 
5 1.00000000 0.00000000 0.00000000 0.00000000 0.00000000 0.00000000 0.00000000 0.00000000 0.00000000 0.00000000 0.00000000 0.00000000 
6 0.81196581 0.00000000 0.00000000 0.00000000 0.00000000 0.00000000 0.00000000 0.00000000 0.18803419 0.00000000 0.00000000 0.00000000 
7 0.00000000 0.84225901 0.15774099 0.00000000 0.00000000 0.00000000 0.00000000 0.00000000 0.00000000 0.00000000 0.00000000 0.00000000 
8 1.00000000 0.00000000 0.00000000 0.00000000 0.00000000 0.00000000 0.00000000 0.00000000 0.00000000 0.00000000 0.00000000 0.00000000 
9 0.00000000 0.00000000 0.37080257 0.00000000 0.62919743 0.00000000 0.00000000 0.00000000 0.00000000 0.00000000 0.00000000 0.00000000 
10 0.39381868 0.60618132 0.00000000 0.00000000 0.00000000 0.00000000 0.00000000 0.00000000 0.00000000 0.00000000 0.00000000 0.00000000 
11 0.00000000 0.00000000 0.00000000 0.00000000 0.00000000 0.00000000 0.00000000 0.00000000 0.00000000 0.00000000 1.00000000 0.00000000 
12 0.27414075 0.00000000 0.00000000 0.72585925 0.00000000 0.00000000 0.00000000 0.00000000 0.00000000 0.00000000 0.00000000 0.00000000 
13 0.00000000 0.00000000 0.00000000 0.00000000 0.00000000 0.00000000 1.00000000 0.00000000 0.00000000 0.00000000 0.00000000 0.00000000 
14 0.00000000 0.00000000 1.00000000 0.00000000 0.00000000 0.00000000 0.00000000 0.00000000 0.00000000 0.00000000 0.00000000 0.00000000 
15 0.00000000 0.00000000 0.00000000 0.00000000 0.00000000 0.00000000 0.00000000 0.00000000 0.00000000 1.00000000 0.00000000 0.00000000 
16 0.00000000 0.00000000 0.00000000 0.00000000 0.00000000 0.00000000 0.00000000 0.00000000 0.00000000 0.00000000 0.00000000 1.00000000 
18 0.00000000 0.00000000 0.00000000 0.00000000 0.00000000 0.44180232 0.00000000 0.55819768 0.00000000 0.00000000 0.00000000 0.00000000 
19 0.00000000 0.00000000 0.00000000 1.00000000 0.00000000 0.00000000 0.00000000 0.00000000 0.00000000 0.00000000 0.00000000 0.00000000 
21 0.00000000 0.00000000 0.00000000 0.00000000 0.00000000 0.41152937 0.58847063 0.00000000 0.00000000 0.00000000 0.00000000 0.00000000 
22 0.00000000 0.00000000 0.00000000 0.00000000 0.00000000 0.00000000 0.00000000 0.02434275 0.00000000 0.00000000 0.00000000 0.97565725 

workload distribution if node 7 fails:

1    2    3    4    5    6    8    9    10    11    12    13    
1 0.00000000 0.00000000 0.00000000 0.00000000 0.00000000 0.00000000 0.00000000 0.00000000 0.51309548 0.17488142 0.31202310 0.00000000 
2 0.00000000 0.00000000 0.00000000 0.00000000 0.00000000 0.00000000 0.00000000 0.00000000 0.00000000 0.00000000 0.81128205 0.18871795 
3 0.20000000 0.80000000 0.00000000 0.00000000 0.00000000 0.00000000 0.00000000 0.00000000 0.00000000 0.00000000 0.00000000 0.00000000 
4 0.00000000 0.00000000 0.00000000 1.00000000 0.00000000 0.00000000 0.00000000 0.00000000 0.00000000 0.00000000 0.00000000 0.00000000 
5 1.00000000 0.00000000 0.00000000 0.00000000 0.00000000 0.00000000 0.00000000 0.00000000 0.00000000 0.00000000 0.00000000 0.00000000 
6 0.81196581 0.00000000 0.00000000 0.00000000 0.00000000 0.00000000 0.00000000 0.00000000 0.18803419 0.00000000 0.00000000 0.00000000 
7 0.00000000 0.84225901 0.15774099 0.00000000 0.00000000 0.00000000 0.00000000 0.00000000 0.00000000 0.00000000 0.00000000 0.00000000 
8 1.00000000 0.00000000 0.00000000 0.00000000 0.00000000 0.00000000 0.00000000 0.00000000 0.00000000 0.00000000 0.00000000 0.00000000 
9 0.00000000 0.00000000 0.37080257 0.00000000 0.62919743 0.00000000 0.00000000 0.00000000 0.00000000 0.00000000 0.00000000 0.00000000 
10 0.39381868 0.60618132 0.00000000 0.00000000 0.00000000 0.00000000 0.00000000 0.00000000 0.00000000 0.00000000 0.00000000 0.00000000 
11 0.00000000 0.00000000 0.00000000 0.00000000 0.00000000 0.00000000 0.00000000 0.00000000 0.00000000 0.00000000 1.00000000 0.00000000 
12 0.27414075 0.00000000 0.00000000 0.72585925 0.00000000 0.00000000 0.00000000 0.00000000 0.00000000 0.00000000 0.00000000 0.00000000 
13 0.00000000 0.00000000 0.00000000 0.00000000 0.00000000 0.30864703 0.69135297 0.00000000 0.00000000 0.00000000 0.00000000 0.00000000 
14 0.00000000 0.00000000 1.00000000 0.00000000 0.00000000 0.00000000 0.00000000 0.00000000 0.00000000 0.00000000 0.00000000 0.00000000 
15 0.00000000 0.00000000 0.00000000 0.00000000 0.00000000 0.00000000 0.00000000 0.00000000 0.00000000 1.00000000 0.00000000 0.00000000 
16 0.00000000 0.00000000 0.00000000 0.00000000 0.00000000 0.00000000 0.00000000 0.00000000 0.00000000 0.00000000 0.00000000 1.00000000 
18 0.00000000 0.00000000 0.00000000 0.00000000 0.00000000 0.44180232 0.00000000 0.55819768 0.00000000 0.00000000 0.00000000 0.00000000 
19 0.00000000 0.00000000 0.00000000 1.00000000 0.00000000 0.00000000 0.00000000 0.00000000 0.00000000 0.00000000 0.00000000 0.00000000 
21 0.00000000 0.00000000 0.00000000 0.00000000 0.00000000 0.00000000 1.00000000 0.00000000 0.00000000 0.00000000 0.00000000 0.00000000 
22 0.00000000 0.00000000 0.00000000 0.00000000 0.00000000 0.00000000 0.00000000 0.02434275 0.00000000 0.00000000 0.00000000 0.97565725 

workload distribution if node 8 fails:

1    2    3    4    5    6    7    9    10    11    12    13    
1 0.00000000 0.00000000 0.00000000 0.00000000 0.00000000 0.00000000 0.00000000 0.00000000 0.51309548 0.17488142 0.31202310 0.00000000 
2 0.00000000 0.00000000 0.00000000 0.00000000 0.00000000 0.00000000 0.00000000 0.00000000 0.00000000 0.00000000 0.81128205 0.18871795 
3 0.20000000 0.80000000 0.00000000 0.00000000 0.00000000 0.00000000 0.00000000 0.00000000 0.00000000 0.00000000 0.00000000 0.00000000 
4 0.00000000 0.00000000 0.00000000 1.00000000 0.00000000 0.00000000 0.00000000 0.00000000 0.00000000 0.00000000 0.00000000 0.00000000 
5 1.00000000 0.00000000 0.00000000 0.00000000 0.00000000 0.00000000 0.00000000 0.00000000 0.00000000 0.00000000 0.00000000 0.00000000 
6 0.81196581 0.00000000 0.00000000 0.00000000 0.00000000 0.00000000 0.00000000 0.00000000 0.18803419 0.00000000 0.00000000 0.00000000 
7 0.00000000 0.84225901 0.15774099 0.00000000 0.00000000 0.00000000 0.00000000 0.00000000 0.00000000 0.00000000 0.00000000 0.00000000 
8 1.00000000 0.00000000 0.00000000 0.00000000 0.00000000 0.00000000 0.00000000 0.00000000 0.00000000 0.00000000 0.00000000 0.00000000 
9 0.00000000 0.00000000 0.37080257 0.00000000 0.62919743 0.00000000 0.00000000 0.00000000 0.00000000 0.00000000 0.00000000 0.00000000 
10 0.39381868 0.60618132 0.00000000 0.00000000 0.00000000 0.00000000 0.00000000 0.00000000 0.00000000 0.00000000 0.00000000 0.00000000 
11 0.00000000 0.00000000 0.00000000 0.00000000 0.00000000 0.00000000 0.00000000 0.00000000 0.00000000 0.00000000 1.00000000 0.00000000 
12 0.27414075 0.00000000 0.00000000 0.72585925 0.00000000 0.00000000 0.00000000 0.00000000 0.00000000 0.00000000 0.00000000 0.00000000 
13 0.00000000 0.00000000 0.00000000 0.00000000 0.00000000 1.00000000 0.00000000 0.00000000 0.00000000 0.00000000 0.00000000 0.00000000 
14 0.00000000 0.00000000 1.00000000 0.00000000 0.00000000 0.00000000 0.00000000 0.00000000 0.00000000 0.00000000 0.00000000 0.00000000 
15 0.00000000 0.00000000 0.00000000 0.00000000 0.00000000 0.00000000 0.00000000 0.00000000 0.00000000 1.00000000 0.00000000 0.00000000 
16 0.00000000 0.00000000 0.00000000 0.00000000 0.00000000 0.00000000 0.00000000 0.00000000 0.00000000 0.00000000 0.00000000 1.00000000 
18 0.00000000 0.00000000 0.00000000 0.00000000 0.00000000 0.17214597 0.26965635 0.55819768 0.00000000 0.00000000 0.00000000 0.00000000 
19 0.00000000 0.00000000 0.00000000 1.00000000 0.00000000 0.00000000 0.00000000 0.00000000 0.00000000 0.00000000 0.00000000 0.00000000 
21 0.00000000 0.00000000 0.00000000 0.00000000 0.00000000 0.00000000 1.00000000 0.00000000 0.00000000 0.00000000 0.00000000 0.00000000 
22 0.00000000 0.00000000 0.00000000 0.00000000 0.00000000 0.00000000 0.00000000 0.02434275 0.00000000 0.00000000 0.00000000 0.97565725 

workload distribution if node 9 fails:

1    2    3    4    5    6    7    8    10    11    12    13    
1 0.00000000 0.00000000 0.00000000 0.00000000 0.00000000 0.00000000 0.00000000 0.00000000 0.51309548 0.17488142 0.31202310 0.00000000 
2 0.00000000 0.00000000 0.00000000 0.00000000 0.00000000 0.00000000 0.00000000 0.00000000 0.00000000 0.00000000 0.81128205 0.18871795 
3 0.20000000 0.80000000 0.00000000 0.00000000 0.00000000 0.00000000 0.00000000 0.00000000 0.00000000 0.00000000 0.00000000 0.00000000 
4 0.00000000 0.00000000 0.00000000 1.00000000 0.00000000 0.00000000 0.00000000 0.00000000 0.00000000 0.00000000 0.00000000 0.00000000 
5 1.00000000 0.00000000 0.00000000 0.00000000 0.00000000 0.00000000 0.00000000 0.00000000 0.00000000 0.00000000 0.00000000 0.00000000 
6 0.81196581 0.00000000 0.00000000 0.00000000 0.00000000 0.00000000 0.00000000 0.00000000 0.18803419 0.00000000 0.00000000 0.00000000 
7 0.00000000 0.84225901 0.15774099 0.00000000 0.00000000 0.00000000 0.00000000 0.00000000 0.00000000 0.00000000 0.00000000 0.00000000 
8 1.00000000 0.00000000 0.00000000 0.00000000 0.00000000 0.00000000 0.00000000 0.00000000 0.00000000 0.00000000 0.00000000 0.00000000 
9 0.00000000 0.00000000 0.37080257 0.00000000 0.62919743 0.00000000 0.00000000 0.00000000 0.00000000 0.00000000 0.00000000 0.00000000 
10 0.39381868 0.60618132 0.00000000 0.00000000 0.00000000 0.00000000 0.00000000 0.00000000 0.00000000 0.00000000 0.00000000 0.00000000 
11 0.00000000 0.00000000 0.00000000 0.00000000 0.00000000 0.00000000 0.00000000 0.00000000 0.00000000 0.00000000 1.00000000 0.00000000 
12 0.27414075 0.00000000 0.00000000 0.72585925 0.00000000 0.00000000 0.00000000 0.00000000 0.00000000 0.00000000 0.00000000 0.00000000 
13 0.00000000 0.00000000 0.00000000 0.00000000 0.00000000 0.30864703 0.00000000 0.69135297 0.00000000 0.00000000 0.00000000 0.00000000 
14 0.00000000 0.00000000 1.00000000 0.00000000 0.00000000 0.00000000 0.00000000 0.00000000 0.00000000 0.00000000 0.00000000 0.00000000 
15 0.00000000 0.00000000 0.00000000 0.00000000 0.00000000 0.00000000 0.00000000 0.00000000 0.00000000 1.00000000 0.00000000 0.00000000 
16 0.00000000 0.00000000 0.00000000 0.00000000 0.00000000 0.00000000 0.00000000 0.00000000 0.00000000 0.00000000 0.00000000 1.00000000 
18 0.00000000 0.00000000 0.00000000 0.00000000 0.00000000 0.44180232 0.55819768 0.00000000 0.00000000 0.00000000 0.00000000 0.00000000 
19 0.00000000 0.00000000 0.00000000 1.00000000 0.00000000 0.00000000 0.00000000 0.00000000 0.00000000 0.00000000 0.00000000 0.00000000 
21 0.00000000 0.00000000 0.00000000 0.00000000 0.00000000 0.00000000 0.00000000 1.00000000 0.00000000 0.00000000 0.00000000 0.00000000 
22 0.00000000 0.00000000 0.00000000 0.00000000 0.00000000 0.00000000 0.02434275 0.00000000 0.00000000 0.00000000 0.00000000 0.97565725 

workload distribution if node 10 fails:

1    2    3    4    5    6    7    8    9    11    12    13    
1 0.00000000 0.00000000 0.00000000 0.00000000 0.00000000 0.00000000 0.00000000 0.00000000 0.00000000 0.32474050 0.67525950 0.00000000 
2 0.00000000 0.00000000 0.00000000 0.00000000 0.00000000 0.00000000 0.00000000 0.00000000 0.00000000 0.00000000 0.00000000 1.00000000 
3 0.20000000 0.80000000 0.00000000 0.00000000 0.00000000 0.00000000 0.00000000 0.00000000 0.00000000 0.00000000 0.00000000 0.00000000 
4 0.00000000 0.00000000 0.00000000 1.00000000 0.00000000 0.00000000 0.00000000 0.00000000 0.00000000 0.00000000 0.00000000 0.00000000 
5 1.00000000 0.00000000 0.00000000 0.00000000 0.00000000 0.00000000 0.00000000 0.00000000 0.00000000 0.00000000 0.00000000 0.00000000 
6 0.81196581 0.00000000 0.00000000 0.00000000 0.00000000 0.00000000 0.00000000 0.00000000 0.00000000 0.18803419 0.00000000 0.00000000 
7 0.00000000 0.84225901 0.15774099 0.00000000 0.00000000 0.00000000 0.00000000 0.00000000 0.00000000 0.00000000 0.00000000 0.00000000 
8 1.00000000 0.00000000 0.00000000 0.00000000 0.00000000 0.00000000 0.00000000 0.00000000 0.00000000 0.00000000 0.00000000 0.00000000 
9 0.00000000 0.00000000 0.37080257 0.00000000 0.62919743 0.00000000 0.00000000 0.00000000 0.00000000 0.00000000 0.00000000 0.00000000 
10 0.39381868 0.60618132 0.00000000 0.00000000 0.00000000 0.00000000 0.00000000 0.00000000 0.00000000 0.00000000 0.00000000 0.00000000 
11 0.00000000 0.00000000 0.00000000 0.00000000 0.00000000 0.00000000 0.00000000 0.00000000 0.00000000 0.00000000 0.00000000 1.00000000 
12 0.27414075 0.00000000 0.00000000 0.72585925 0.00000000 0.00000000 0.00000000 0.00000000 0.00000000 0.00000000 0.00000000 0.00000000 
13 0.00000000 0.00000000 0.00000000 0.00000000 0.00000000 0.00000000 0.00000000 1.00000000 0.00000000 0.00000000 0.00000000 0.00000000 
14 0.00000000 0.00000000 1.00000000 0.00000000 0.00000000 0.00000000 0.00000000 0.00000000 0.00000000 0.00000000 0.00000000 0.00000000 
15 0.00000000 0.00000000 0.00000000 0.00000000 0.00000000 0.00000000 0.00000000 0.00000000 0.00000000 1.00000000 0.00000000 0.00000000 
16 0.00000000 0.00000000 0.00000000 0.00000000 0.00000000 0.00000000 0.00000000 0.00000000 0.00000000 0.00000000 0.17055861 0.82944139 
18 0.00000000 0.00000000 0.00000000 0.00000000 0.00000000 0.42164060 0.15671880 0.00000000 0.42164060 0.00000000 0.00000000 0.00000000 
19 0.00000000 0.00000000 0.00000000 1.00000000 0.00000000 0.00000000 0.00000000 0.00000000 0.00000000 0.00000000 0.00000000 0.00000000 
21 0.00000000 0.00000000 0.00000000 0.00000000 0.00000000 0.00000000 0.89198036 0.10801964 0.00000000 0.00000000 0.00000000 0.00000000 
22 0.00000000 0.00000000 0.00000000 0.00000000 0.00000000 0.00000000 0.02434275 0.00000000 0.00000000 0.00000000 0.00000000 0.97565725 

workload distribution if node 11 fails:

1    2    3    4    5    6    7    8    9    10    12    13    
1 0.00000000 0.00000000 0.00000000 0.00000000 0.00000000 0.00000000 0.00000000 0.00000000 0.00000000 0.72647281 0.27352719 0.00000000 
2 0.00000000 0.00000000 0.00000000 0.00000000 0.00000000 0.00000000 0.00000000 0.00000000 0.00000000 0.00000000 0.00000000 1.00000000 
3 0.20000000 0.80000000 0.00000000 0.00000000 0.00000000 0.00000000 0.00000000 0.00000000 0.00000000 0.00000000 0.00000000 0.00000000 
4 0.00000000 0.00000000 0.00000000 1.00000000 0.00000000 0.00000000 0.00000000 0.00000000 0.00000000 0.00000000 0.00000000 0.00000000 
5 1.00000000 0.00000000 0.00000000 0.00000000 0.00000000 0.00000000 0.00000000 0.00000000 0.00000000 0.00000000 0.00000000 0.00000000 
6 0.81196581 0.00000000 0.00000000 0.00000000 0.00000000 0.00000000 0.00000000 0.00000000 0.00000000 0.00000000 0.18803419 0.00000000 
7 0.00000000 0.84225901 0.15774099 0.00000000 0.00000000 0.00000000 0.00000000 0.00000000 0.00000000 0.00000000 0.00000000 0.00000000 
8 1.00000000 0.00000000 0.00000000 0.00000000 0.00000000 0.00000000 0.00000000 0.00000000 0.00000000 0.00000000 0.00000000 0.00000000 
9 0.00000000 0.00000000 0.37080257 0.00000000 0.62919743 0.00000000 0.00000000 0.00000000 0.00000000 0.00000000 0.00000000 0.00000000 
10 0.39381868 0.60618132 0.00000000 0.00000000 0.00000000 0.00000000 0.00000000 0.00000000 0.00000000 0.00000000 0.00000000 0.00000000 
11 0.00000000 0.00000000 0.00000000 0.00000000 0.00000000 0.00000000 0.00000000 0.00000000 0.00000000 0.00000000 0.00000000 1.00000000 
12 0.27414075 0.00000000 0.00000000 0.72585925 0.00000000 0.00000000 0.00000000 0.00000000 0.00000000 0.00000000 0.00000000 0.00000000 
13 0.00000000 0.00000000 0.00000000 0.00000000 0.00000000 0.00000000 0.00000000 1.00000000 0.00000000 0.00000000 0.00000000 0.00000000 
14 0.00000000 0.00000000 1.00000000 0.00000000 0.00000000 0.00000000 0.00000000 0.00000000 0.00000000 0.00000000 0.00000000 0.00000000 
15 0.00000000 0.00000000 0.00000000 0.00000000 0.00000000 0.00000000 0.00000000 0.00000000 0.00000000 0.00000000 1.00000000 0.00000000 
16 0.00000000 0.00000000 0.00000000 0.00000000 0.00000000 0.00000000 0.00000000 0.00000000 0.00000000 0.00000000 0.17055861 0.82944139 
18 0.00000000 0.00000000 0.00000000 0.00000000 0.00000000 0.42164060 0.15671880 0.00000000 0.42164060 0.00000000 0.00000000 0.00000000 
19 0.00000000 0.00000000 0.00000000 1.00000000 0.00000000 0.00000000 0.00000000 0.00000000 0.00000000 0.00000000 0.00000000 0.00000000 
21 0.00000000 0.00000000 0.00000000 0.00000000 0.00000000 0.00000000 0.89198036 0.10801964 0.00000000 0.00000000 0.00000000 0.00000000 
22 0.00000000 0.00000000 0.00000000 0.00000000 0.00000000 0.00000000 0.02434275 0.00000000 0.00000000 0.00000000 0.00000000 0.97565725 

workload distribution if node 12 fails:

1    2    3    4    5    6    7    8    9    10    11    13    
1 0.00000000 0.00000000 0.00000000 0.00000000 0.00000000 0.00000000 0.00000000 0.00000000 0.00000000 0.72647281 0.27352719 0.00000000 
2 0.00000000 0.00000000 0.00000000 0.00000000 0.00000000 0.00000000 0.00000000 0.00000000 0.00000000 0.00000000 0.00000000 1.00000000 
3 0.20000000 0.80000000 0.00000000 0.00000000 0.00000000 0.00000000 0.00000000 0.00000000 0.00000000 0.00000000 0.00000000 0.00000000 
4 0.00000000 0.00000000 0.00000000 1.00000000 0.00000000 0.00000000 0.00000000 0.00000000 0.00000000 0.00000000 0.00000000 0.00000000 
5 1.00000000 0.00000000 0.00000000 0.00000000 0.00000000 0.00000000 0.00000000 0.00000000 0.00000000 0.00000000 0.00000000 0.00000000 
6 0.81196581 0.00000000 0.00000000 0.00000000 0.00000000 0.00000000 0.00000000 0.00000000 0.00000000 0.00000000 0.18803419 0.00000000 
7 0.00000000 0.84225901 0.15774099 0.00000000 0.00000000 0.00000000 0.00000000 0.00000000 0.00000000 0.00000000 0.00000000 0.00000000 
8 1.00000000 0.00000000 0.00000000 0.00000000 0.00000000 0.00000000 0.00000000 0.00000000 0.00000000 0.00000000 0.00000000 0.00000000 
9 0.00000000 0.00000000 0.37080257 0.00000000 0.62919743 0.00000000 0.00000000 0.00000000 0.00000000 0.00000000 0.00000000 0.00000000 
10 0.39381868 0.60618132 0.00000000 0.00000000 0.00000000 0.00000000 0.00000000 0.00000000 0.00000000 0.00000000 0.00000000 0.00000000 
11 0.00000000 0.00000000 0.00000000 0.00000000 0.00000000 0.00000000 0.00000000 0.00000000 0.00000000 0.00000000 0.00000000 1.00000000 
12 0.27414075 0.00000000 0.00000000 0.72585925 0.00000000 0.00000000 0.00000000 0.00000000 0.00000000 0.00000000 0.00000000 0.00000000 
13 0.00000000 0.00000000 0.00000000 0.00000000 0.00000000 0.00000000 0.00000000 1.00000000 0.00000000 0.00000000 0.00000000 0.00000000 
14 0.00000000 0.00000000 1.00000000 0.00000000 0.00000000 0.00000000 0.00000000 0.00000000 0.00000000 0.00000000 0.00000000 0.00000000 
15 0.00000000 0.00000000 0.00000000 0.00000000 0.00000000 0.00000000 0.00000000 0.00000000 0.00000000 0.00000000 1.00000000 0.00000000 
16 0.00000000 0.00000000 0.00000000 0.00000000 0.00000000 0.00000000 0.00000000 0.00000000 0.00000000 0.00000000 0.00000000 1.00000000 
18 0.00000000 0.00000000 0.00000000 0.00000000 0.00000000 0.42164060 0.15671880 0.00000000 0.42164060 0.00000000 0.00000000 0.00000000 
19 0.00000000 0.00000000 0.00000000 1.00000000 0.00000000 0.00000000 0.00000000 0.00000000 0.00000000 0.00000000 0.00000000 0.00000000 
21 0.00000000 0.00000000 0.00000000 0.00000000 0.00000000 0.00000000 0.89198036 0.10801964 0.00000000 0.00000000 0.00000000 0.00000000 
22 0.00000000 0.00000000 0.00000000 0.00000000 0.00000000 0.00000000 0.02434275 0.00000000 0.00000000 0.00000000 0.24180461 0.73385265 

workload distribution if node 13 fails:

1    2    3    4    5    6    7    8    9    10    11    12    
1 0.00000000 0.00000000 0.00000000 0.00000000 0.00000000 0.00000000 0.00000000 0.00000000 0.00000000 0.72647281 0.27352719 0.00000000 
2 0.00000000 0.00000000 0.00000000 0.00000000 0.00000000 0.00000000 0.00000000 0.00000000 0.00000000 0.00000000 0.00000000 1.00000000 
3 0.20000000 0.80000000 0.00000000 0.00000000 0.00000000 0.00000000 0.00000000 0.00000000 0.00000000 0.00000000 0.00000000 0.00000000 
4 0.00000000 0.00000000 0.00000000 1.00000000 0.00000000 0.00000000 0.00000000 0.00000000 0.00000000 0.00000000 0.00000000 0.00000000 
5 1.00000000 0.00000000 0.00000000 0.00000000 0.00000000 0.00000000 0.00000000 0.00000000 0.00000000 0.00000000 0.00000000 0.00000000 
6 0.81196581 0.00000000 0.00000000 0.00000000 0.00000000 0.00000000 0.00000000 0.00000000 0.00000000 0.00000000 0.18803419 0.00000000 
7 0.00000000 0.84225901 0.15774099 0.00000000 0.00000000 0.00000000 0.00000000 0.00000000 0.00000000 0.00000000 0.00000000 0.00000000 
8 1.00000000 0.00000000 0.00000000 0.00000000 0.00000000 0.00000000 0.00000000 0.00000000 0.00000000 0.00000000 0.00000000 0.00000000 
9 0.00000000 0.00000000 0.37080257 0.00000000 0.62919743 0.00000000 0.00000000 0.00000000 0.00000000 0.00000000 0.00000000 0.00000000 
10 0.39381868 0.60618132 0.00000000 0.00000000 0.00000000 0.00000000 0.00000000 0.00000000 0.00000000 0.00000000 0.00000000 0.00000000 
11 0.00000000 0.00000000 0.00000000 0.00000000 0.00000000 0.00000000 0.00000000 0.00000000 0.00000000 0.00000000 0.00000000 1.00000000 
12 0.27414075 0.00000000 0.00000000 0.72585925 0.00000000 0.00000000 0.00000000 0.00000000 0.00000000 0.00000000 0.00000000 0.00000000 
13 0.00000000 0.00000000 0.00000000 0.00000000 0.00000000 0.00000000 0.00000000 1.00000000 0.00000000 0.00000000 0.00000000 0.00000000 
14 0.00000000 0.00000000 1.00000000 0.00000000 0.00000000 0.00000000 0.00000000 0.00000000 0.00000000 0.00000000 0.00000000 0.00000000 
15 0.00000000 0.00000000 0.00000000 0.00000000 0.00000000 0.00000000 0.00000000 0.00000000 0.00000000 0.00000000 0.57989595 0.42010405 
16 0.00000000 0.00000000 0.00000000 0.00000000 0.00000000 0.00000000 0.00000000 0.00000000 0.00000000 0.00000000 0.00000000 1.00000000 
18 0.00000000 0.00000000 0.00000000 0.00000000 0.00000000 0.42164060 0.15671880 0.00000000 0.42164060 0.00000000 0.00000000 0.00000000 
19 0.00000000 0.00000000 0.00000000 1.00000000 0.00000000 0.00000000 0.00000000 0.00000000 0.00000000 0.00000000 0.00000000 0.00000000 
21 0.00000000 0.00000000 0.00000000 0.00000000 0.00000000 0.00000000 0.89198036 0.10801964 0.00000000 0.00000000 0.00000000 0.00000000 
22 0.00000000 0.00000000 0.00000000 0.00000000 0.00000000 0.00000000 0.02434275 0.00000000 0.00000000 0.00000000 0.97565725 0.00000000 



zz_test [*] :=
 1  1
 2  1
 3  1
 4  1
 5  1
 6  1
 7  1
 8  1
 9  1
10  1
11  1
12  1
13  1
14  1
15  1
16  1
18  1
19  1
21  1
22  1
;

K_test [*] :=
 1  0.0769231
 2  0.0769231
 3  0.0769231
 4  0.0769231
 5  0.0769231
 6  0.0769231
 7  0.0769231
 8  0.0769231
 9  0.0769231
10  0.0769231
11  0.0769231
12  0.0769231
13  0.0769231
;

zz2_test [*,*]
:    1   2   3   4   5   6   7   8   9  10  11  12  13    :=
1    1   1   1   1   1   1   1   1   1   1   1   1   1
2    1   1   1   1   1   1   1   1   1   1   1   1   1
3    1   1   1   1   1   1   1   1   1   1   1   1   1
4    1   1   1   1   1   1   1   1   1   1   1   1   1
5    1   1   1   1   1   1   1   1   1   1   1   1   1
6    1   1   1   1   1   1   1   1   1   1   1   1   1
7    1   1   1   1   1   1   1   1   1   1   1   1   1
8    1   1   1   1   1   1   1   1   1   1   1   1   1
9    1   1   1   1   1   1   1   1   1   1   1   1   1
10   1   1   1   1   1   1   1   1   1   1   1   1   1
11   1   1   1   1   1   1   1   1   1   1   1   1   1
12   1   1   1   1   1   1   1   1   1   1   1   1   1
13   1   1   1   1   1   1   1   1   1   1   1   1   1
14   1   1   1   1   1   1   1   1   1   1   1   1   1
15   1   1   1   1   1   1   1   1   1   1   1   1   1
16   1   1   1   1   1   1   1   1   1   1   1   1   1
18   1   1   1   1   1   1   1   1   1   1   1   1   1
19   1   1   1   1   1   1   1   1   1   1   1   1   1
21   1   1   1   1   1   1   1   1   1   1   1   1   1
22   1   1   1   1   1   1   1   1   1   1   1   1   1
;

K2_test [*,*]
:        1           2           3           4           5           6       :=
1     .          0.0961538   0.0961538   0.0961538   0.0961538   0.0769231
2    0.0961538    .          0.0961538   0.0961538   0.0961538   0.0769231
3    0.0961538   0.0961538    .          0.0961538   0.0961538   0.0769231
4    0.0961538   0.0961538   0.0961538    .          0.0961538   0.0769231
5    0.0961538   0.0961538   0.0961538   0.0961538    .          0.0769231
6    0.0769231   0.0769231   0.0769231   0.0769231   0.0769231    .
7    0.0769231   0.0769231   0.0769231   0.0769231   0.0769231   0.102564
8    0.0769231   0.0769231   0.0769231   0.0769231   0.0769231   0.102564
9    0.0769231   0.0769231   0.0769231   0.0769231   0.0769231   0.102564
10   0.0769231   0.0769231   0.0769231   0.0769231   0.0769231   0.0769231
11   0.0769231   0.0769231   0.0769231   0.0769231   0.0769231   0.0769231
12   0.0769231   0.0769231   0.0769231   0.0769231   0.0769231   0.0769231
13   0.0769231   0.0769231   0.0769231   0.0769231   0.0769231   0.0769231

:        7           8           9          10          11          12       :=
1    0.0769231   0.0769231   0.0769231   0.0769231   0.0769231   0.0769231
2    0.0769231   0.0769231   0.0769231   0.0769231   0.0769231   0.0769231
3    0.0769231   0.0769231   0.0769231   0.0769231   0.0769231   0.0769231
4    0.0769231   0.0769231   0.0769231   0.0769231   0.0769231   0.0769231
5    0.0769231   0.0769231   0.0769231   0.0769231   0.0769231   0.0769231
6    0.102564    0.102564    0.102564    0.0769231   0.0769231   0.0769231
7     .          0.102564    0.102564    0.0769231   0.0769231   0.0769231
8    0.102564     .          0.102564    0.0769231   0.0769231   0.0769231
9    0.102564    0.102564     .          0.0769231   0.0769231   0.0769231
10   0.0769231   0.0769231   0.0769231    .          0.102564    0.102564
11   0.0769231   0.0769231   0.0769231   0.102564     .          0.102564
12   0.0769231   0.0769231   0.0769231   0.102564    0.102564     .
13   0.0769231   0.0769231   0.0769231   0.102564    0.102564    0.102564

:       13        :=
1    0.0769231
2    0.0769231
3    0.0769231
4    0.0769231
5    0.0769231
6    0.0769231
7    0.0769231
8    0.0769231
9    0.0769231
10   0.102564
11   0.102564
12   0.102564
;

zz2 [*,1,*]
:       2          3          4          5          6           7          8 :=
1    0          0          0          0          0          0           0
2    0          0          0          0          0          0           0
3    1          0          0          0          0          0           0
4    0          0          1          0          0          0           0
5    0          1          0          0          0          0           0
6    0          0.41453    0.397436   0          0          0           0
7    0.709348   0.290652   0          0          0          0           0
8    0          1          0          0          0          0           0
9    0          0.213503   0          0.786497   0          0           0
10   1          0          0          0          0          0           0
11   0          0          0          0          0          0           0
12   0          0          1          0          0          0           0
13   0          0          0          0          0          0           1
14   0          1          0          0          0          0           0
15   0          0          0          0          0          0           0
16   0          0          0          0          0          0           0
18   0          0          0          0          0.421641   0.156719    0
19   0          0          1          0          0          0           0
21   0          0          0          0          0          0.89198     0.10802
22   0          0          0          0          0          0.0243427   0

:       9          10         11         12         13       :=
1    0          0.513095   0.174881   0.312023   0
2    0          0          0          0.811282   0.188718
3    0          0          0          0          0
4    0          0          0          0          0
5    0          0          0          0          0
6    0          0.188034   0          0          0
7    0          0          0          0          0
8    0          0          0          0          0
9    0          0          0          0          0
10   0          0          0          0          0
11   0          0          0          1          0
12   0          0          0          0          0
13   0          0          0          0          0
14   0          0          0          0          0
15   0          0          1          0          0
16   0          0          0          0          1
18   0.421641   0          0          0          0
19   0          0          0          0          0
21   0          0          0          0          0
22   0          0          0          0          0.975657

 [*,2,*]
:       1          3          4          5          6           7          8 :=
1    0          0          0          0          0          0           0
2    0          0          0          0          0          0           0
3    1          0          0          0          0          0           0
4    0          0          1          0          0          0           0
5    0          1          0          0          0          0           0
6    0          0.41453    0.397436   0          0          0           0
7    0.709348   0.290652   0          0          0          0           0
8    0          1          0          0          0          0           0
9    0          0.213503   0          0.786497   0          0           0
10   1          0          0          0          0          0           0
11   0          0          0          0          0          0           0
12   0          0          1          0          0          0           0
13   0          0          0          0          0          0           1
14   0          1          0          0          0          0           0
15   0          0          0          0          0          0           0
16   0          0          0          0          0          0           0
18   0          0          0          0          0.421641   0.156719    0
19   0          0          1          0          0          0           0
21   0          0          0          0          0          0.89198     0.10802
22   0          0          0          0          0          0.0243427   0

:       9          10         11         12         13       :=
1    0          0.513095   0.174881   0.312023   0
2    0          0          0          0.811282   0.188718
3    0          0          0          0          0
4    0          0          0          0          0
5    0          0          0          0          0
6    0          0.188034   0          0          0
7    0          0          0          0          0
8    0          0          0          0          0
9    0          0          0          0          0
10   0          0          0          0          0
11   0          0          0          1          0
12   0          0          0          0          0
13   0          0          0          0          0
14   0          0          0          0          0
15   0          0          1          0          0
16   0          0          0          0          1
18   0.421641   0          0          0          0
19   0          0          0          0          0
21   0          0          0          0          0
22   0          0          0          0          0.975657

 [*,3,*]
:       1          2          4          5          6           7          8 :=
1    0          0          0          0          0          0           0
2    0          0          0          0          0          0           0
3    0          1          0          0          0          0           0
4    0          0          1          0          0          0           0
5    1          0          0          0          0          0           0
6    0.41453    0          0.397436   0          0          0           0
7    0.290652   0.709348   0          0          0          0           0
8    1          0          0          0          0          0           0
9    0.213503   0          0          0.786497   0          0           0
10   0          1          0          0          0          0           0
11   0          0          0          0          0          0           0
12   0          0          1          0          0          0           0
13   0          0          0          0          0          0           1
14   1          0          0          0          0          0           0
15   0          0          0          0          0          0           0
16   0          0          0          0          0          0           0
18   0          0          0          0          0.421641   0.156719    0
19   0          0          1          0          0          0           0
21   0          0          0          0          0          0.89198     0.10802
22   0          0          0          0          0          0.0243427   0

:       9          10         11         12         13       :=
1    0          0.513095   0.174881   0.312023   0
2    0          0          0          0.811282   0.188718
3    0          0          0          0          0
4    0          0          0          0          0
5    0          0          0          0          0
6    0          0.188034   0          0          0
7    0          0          0          0          0
8    0          0          0          0          0
9    0          0          0          0          0
10   0          0          0          0          0
11   0          0          0          1          0
12   0          0          0          0          0
13   0          0          0          0          0
14   0          0          0          0          0
15   0          0          1          0          0
16   0          0          0          0          1
18   0.421641   0          0          0          0
19   0          0          0          0          0
21   0          0          0          0          0
22   0          0          0          0          0.975657

 [*,4,*]
:        1          2          3          5          6           7        :=
1    0           0          0          0          0          0
2    0           0          0          0          0          0
3    0           1          0          0          0          0
4    1           0          0          0          0          0
5    0           0          1          0          0          0
6    0           0          0.811966   0          0          0
7    0           1          0          0          0          0
8    0           0          1          0          0          0
9    0           0          0.213503   0.786497   0          0
10   0.205014    0.794986   0          0          0          0
11   0           0          0          0          0          0
12   1           0          0          0          0          0
13   0           0          0          0          0          0
14   0.0292524   0          0.970748   0          0          0
15   0           0          0          0          0          0
16   0           0          0          0          0          0
18   0           0          0          0          0.421641   0.156719
19   1           0          0          0          0          0
21   0           0          0          0          0          0.89198
22   0           0          0          0          0          0.0243427

:       8         9          10         11         12         13       :=
1    0         0          0.513095   0.174881   0.312023   0
2    0         0          0          0          0.811282   0.188718
3    0         0          0          0          0          0
4    0         0          0          0          0          0
5    0         0          0          0          0          0
6    0         0          0.188034   0          0          0
7    0         0          0          0          0          0
8    0         0          0          0          0          0
9    0         0          0          0          0          0
10   0         0          0          0          0          0
11   0         0          0          0          1          0
12   0         0          0          0          0          0
13   1         0          0          0          0          0
14   0         0          0          0          0          0
15   0         0          0          1          0          0
16   0         0          0          0          0          1
18   0         0.421641   0          0          0          0
19   0         0          0          0          0          0
21   0.10802   0          0          0          0          0
22   0         0          0          0          0          0.975657

 [*,5,*]
:       1          2          3          4          6           7          8 :=
1    0          0          0          0          0          0           0
2    0          0          0          0          0          0           0
3    0          1          0          0          0          0           0
4    0          0          0          1          0          0           0
5    1          0          0          0          0          0           0
6    0.41453    0          0          0.397436   0          0           0
7    0.290652   0.709348   0          0          0          0           0
8    0          0          1          0          0          0           0
9    0.253751   0          0.746249   0          0          0           0
10   0          1          0          0          0          0           0
11   0          0          0          0          0          0           0
12   0          0          0          1          0          0           0
13   0          0          0          0          0          0           1
14   1          0          0          0          0          0           0
15   0          0          0          0          0          0           0
16   0          0          0          0          0          0           0
18   0          0          0          0          0.421641   0.156719    0
19   0          0          0          1          0          0           0
21   0          0          0          0          0          0.89198     0.10802
22   0          0          0          0          0          0.0243427   0

:       9          10         11         12         13       :=
1    0          0.513095   0.174881   0.312023   0
2    0          0          0          0.811282   0.188718
3    0          0          0          0          0
4    0          0          0          0          0
5    0          0          0          0          0
6    0          0.188034   0          0          0
7    0          0          0          0          0
8    0          0          0          0          0
9    0          0          0          0          0
10   0          0          0          0          0
11   0          0          0          1          0
12   0          0          0          0          0
13   0          0          0          0          0
14   0          0          0          0          0
15   0          0          1          0          0
16   0          0          0          0          1
18   0.421641   0          0          0          0
19   0          0          0          0          0
21   0          0          0          0          0
22   0          0          0          0          0.975657

 [*,6,*]
:       1          2          3          4          5          7          8  :=
1    0          0          0          0          0          0          0
2    0          0          0          0          0          0          0
3    0.2        0.8        0          0          0          0          0
4    0          0          0          1          0          0          0
5    1          0          0          0          0          0          0
6    0.811966   0          0          0          0          0          0
7    0          0.842259   0.157741   0          0          0          0
8    1          0          0          0          0          0          0
9    0          0          0.370803   0          0.629197   0          0
10   0.393819   0.606181   0          0          0          0          0
11   0          0          0          0          0          0          0
12   0.274141   0          0          0.725859   0          0          0
13   0          0          0          0          0          0          1
14   0          0          1          0          0          0          0
15   0          0          0          0          0          0          0
16   0          0          0          0          0          0          0
18   0          0          0          0          0          0.441802   0
19   0          0          0          1          0          0          0
21   0          0          0          0          0          0.411529   0.588471
22   0          0          0          0          0          0          0

:        9          10         11         12         13       :=
1    0           0.513095   0.174881   0.312023   0
2    0           0          0          0.811282   0.188718
3    0           0          0          0          0
4    0           0          0          0          0
5    0           0          0          0          0
6    0           0.188034   0          0          0
7    0           0          0          0          0
8    0           0          0          0          0
9    0           0          0          0          0
10   0           0          0          0          0
11   0           0          0          1          0
12   0           0          0          0          0
13   0           0          0          0          0
14   0           0          0          0          0
15   0           0          1          0          0
16   0           0          0          0          1
18   0.558198    0          0          0          0
19   0           0          0          0          0
21   0           0          0          0          0
22   0.0243427   0          0          0          0.975657

 [*,7,*]
:       1          2          3          4          5          6          8  :=
1    0          0          0          0          0          0          0
2    0          0          0          0          0          0          0
3    0.2        0.8        0          0          0          0          0
4    0          0          0          1          0          0          0
5    1          0          0          0          0          0          0
6    0.811966   0          0          0          0          0          0
7    0          0.842259   0.157741   0          0          0          0
8    1          0          0          0          0          0          0
9    0          0          0.370803   0          0.629197   0          0
10   0.393819   0.606181   0          0          0          0          0
11   0          0          0          0          0          0          0
12   0.274141   0          0          0.725859   0          0          0
13   0          0          0          0          0          0.308647   0.691353
14   0          0          1          0          0          0          0
15   0          0          0          0          0          0          0
16   0          0          0          0          0          0          0
18   0          0          0          0          0          0.441802   0
19   0          0          0          1          0          0          0
21   0          0          0          0          0          0          1
22   0          0          0          0          0          0          0

:        9          10         11         12         13       :=
1    0           0.513095   0.174881   0.312023   0
2    0           0          0          0.811282   0.188718
3    0           0          0          0          0
4    0           0          0          0          0
5    0           0          0          0          0
6    0           0.188034   0          0          0
7    0           0          0          0          0
8    0           0          0          0          0
9    0           0          0          0          0
10   0           0          0          0          0
11   0           0          0          1          0
12   0           0          0          0          0
13   0           0          0          0          0
14   0           0          0          0          0
15   0           0          1          0          0
16   0           0          0          0          1
18   0.558198    0          0          0          0
19   0           0          0          0          0
21   0           0          0          0          0
22   0.0243427   0          0          0          0.975657

 [*,8,*]
:       1          2          3          4          5          6          7  :=
1    0          0          0          0          0          0          0
2    0          0          0          0          0          0          0
3    0.2        0.8        0          0          0          0          0
4    0          0          0          1          0          0          0
5    1          0          0          0          0          0          0
6    0.811966   0          0          0          0          0          0
7    0          0.842259   0.157741   0          0          0          0
8    1          0          0          0          0          0          0
9    0          0          0.370803   0          0.629197   0          0
10   0.393819   0.606181   0          0          0          0          0
11   0          0          0          0          0          0          0
12   0.274141   0          0          0.725859   0          0          0
13   0          0          0          0          0          1          0
14   0          0          1          0          0          0          0
15   0          0          0          0          0          0          0
16   0          0          0          0          0          0          0
18   0          0          0          0          0          0.172146   0.269656
19   0          0          0          1          0          0          0
21   0          0          0          0          0          0          1
22   0          0          0          0          0          0          0

:        9          10         11         12         13       :=
1    0           0.513095   0.174881   0.312023   0
2    0           0          0          0.811282   0.188718
3    0           0          0          0          0
4    0           0          0          0          0
5    0           0          0          0          0
6    0           0.188034   0          0          0
7    0           0          0          0          0
8    0           0          0          0          0
9    0           0          0          0          0
10   0           0          0          0          0
11   0           0          0          1          0
12   0           0          0          0          0
13   0           0          0          0          0
14   0           0          0          0          0
15   0           0          1          0          0
16   0           0          0          0          1
18   0.558198    0          0          0          0
19   0           0          0          0          0
21   0           0          0          0          0
22   0.0243427   0          0          0          0.975657

 [*,9,*]
:       1          2          3          4          5          6        :=
1    0          0          0          0          0          0
2    0          0          0          0          0          0
3    0.2        0.8        0          0          0          0
4    0          0          0          1          0          0
5    1          0          0          0          0          0
6    0.811966   0          0          0          0          0
7    0          0.842259   0.157741   0          0          0
8    1          0          0          0          0          0
9    0          0          0.370803   0          0.629197   0
10   0.393819   0.606181   0          0          0          0
11   0          0          0          0          0          0
12   0.274141   0          0          0.725859   0          0
13   0          0          0          0          0          0.308647
14   0          0          1          0          0          0
15   0          0          0          0          0          0
16   0          0          0          0          0          0
18   0          0          0          0          0          0.441802
19   0          0          0          1          0          0
21   0          0          0          0          0          0
22   0          0          0          0          0          0

:        7          8          10         11         12         13       :=
1    0           0          0.513095   0.174881   0.312023   0
2    0           0          0          0          0.811282   0.188718
3    0           0          0          0          0          0
4    0           0          0          0          0          0
5    0           0          0          0          0          0
6    0           0          0.188034   0          0          0
7    0           0          0          0          0          0
8    0           0          0          0          0          0
9    0           0          0          0          0          0
10   0           0          0          0          0          0
11   0           0          0          0          1          0
12   0           0          0          0          0          0
13   0           0.691353   0          0          0          0
14   0           0          0          0          0          0
15   0           0          0          1          0          0
16   0           0          0          0          0          1
18   0.558198    0          0          0          0          0
19   0           0          0          0          0          0
21   0           1          0          0          0          0
22   0.0243427   0          0          0          0          0.975657

 [*,10,*]
:       1          2          3          4          5          6        :=
1    0          0          0          0          0          0
2    0          0          0          0          0          0
3    0.2        0.8        0          0          0          0
4    0          0          0          1          0          0
5    1          0          0          0          0          0
6    0.811966   0          0          0          0          0
7    0          0.842259   0.157741   0          0          0
8    1          0          0          0          0          0
9    0          0          0.370803   0          0.629197   0
10   0.393819   0.606181   0          0          0          0
11   0          0          0          0          0          0
12   0.274141   0          0          0.725859   0          0
13   0          0          0          0          0          0
14   0          0          1          0          0          0
15   0          0          0          0          0          0
16   0          0          0          0          0          0
18   0          0          0          0          0          0.421641
19   0          0          0          1          0          0
21   0          0          0          0          0          0
22   0          0          0          0          0          0

:        7          8         9          11         12         13       :=
1    0           0         0          0.32474    0.67526    0
2    0           0         0          0          0          1
3    0           0         0          0          0          0
4    0           0         0          0          0          0
5    0           0         0          0          0          0
6    0           0         0          0.188034   0          0
7    0           0         0          0          0          0
8    0           0         0          0          0          0
9    0           0         0          0          0          0
10   0           0         0          0          0          0
11   0           0         0          0          0          1
12   0           0         0          0          0          0
13   0           1         0          0          0          0
14   0           0         0          0          0          0
15   0           0         0          1          0          0
16   0           0         0          0          0.170559   0.829441
18   0.156719    0         0.421641   0          0          0
19   0           0         0          0          0          0
21   0.89198     0.10802   0          0          0          0
22   0.0243427   0         0          0          0          0.975657

 [*,11,*]
:       1          2          3          4          5          6        :=
1    0          0          0          0          0          0
2    0          0          0          0          0          0
3    0.2        0.8        0          0          0          0
4    0          0          0          1          0          0
5    1          0          0          0          0          0
6    0.811966   0          0          0          0          0
7    0          0.842259   0.157741   0          0          0
8    1          0          0          0          0          0
9    0          0          0.370803   0          0.629197   0
10   0.393819   0.606181   0          0          0          0
11   0          0          0          0          0          0
12   0.274141   0          0          0.725859   0          0
13   0          0          0          0          0          0
14   0          0          1          0          0          0
15   0          0          0          0          0          0
16   0          0          0          0          0          0
18   0          0          0          0          0          0.421641
19   0          0          0          1          0          0
21   0          0          0          0          0          0
22   0          0          0          0          0          0

:        7          8         9          10         12         13       :=
1    0           0         0          0.726473   0.273527   0
2    0           0         0          0          0          1
3    0           0         0          0          0          0
4    0           0         0          0          0          0
5    0           0         0          0          0          0
6    0           0         0          0          0.188034   0
7    0           0         0          0          0          0
8    0           0         0          0          0          0
9    0           0         0          0          0          0
10   0           0         0          0          0          0
11   0           0         0          0          0          1
12   0           0         0          0          0          0
13   0           1         0          0          0          0
14   0           0         0          0          0          0
15   0           0         0          0          1          0
16   0           0         0          0          0.170559   0.829441
18   0.156719    0         0.421641   0          0          0
19   0           0         0          0          0          0
21   0.89198     0.10802   0          0          0          0
22   0.0243427   0         0          0          0          0.975657

 [*,12,*]
:       1          2          3          4          5          6        :=
1    0          0          0          0          0          0
2    0          0          0          0          0          0
3    0.2        0.8        0          0          0          0
4    0          0          0          1          0          0
5    1          0          0          0          0          0
6    0.811966   0          0          0          0          0
7    0          0.842259   0.157741   0          0          0
8    1          0          0          0          0          0
9    0          0          0.370803   0          0.629197   0
10   0.393819   0.606181   0          0          0          0
11   0          0          0          0          0          0
12   0.274141   0          0          0.725859   0          0
13   0          0          0          0          0          0
14   0          0          1          0          0          0
15   0          0          0          0          0          0
16   0          0          0          0          0          0
18   0          0          0          0          0          0.421641
19   0          0          0          1          0          0
21   0          0          0          0          0          0
22   0          0          0          0          0          0

:        7          8         9          10         11         13       :=
1    0           0         0          0.726473   0.273527   0
2    0           0         0          0          0          1
3    0           0         0          0          0          0
4    0           0         0          0          0          0
5    0           0         0          0          0          0
6    0           0         0          0          0.188034   0
7    0           0         0          0          0          0
8    0           0         0          0          0          0
9    0           0         0          0          0          0
10   0           0         0          0          0          0
11   0           0         0          0          0          1
12   0           0         0          0          0          0
13   0           1         0          0          0          0
14   0           0         0          0          0          0
15   0           0         0          0          1          0
16   0           0         0          0          0          1
18   0.156719    0         0.421641   0          0          0
19   0           0         0          0          0          0
21   0.89198     0.10802   0          0          0          0
22   0.0243427   0         0          0          0.241805   0.733853

 [*,13,*]
:       1          2          3          4          5          6        :=
1    0          0          0          0          0          0
2    0          0          0          0          0          0
3    0.2        0.8        0          0          0          0
4    0          0          0          1          0          0
5    1          0          0          0          0          0
6    0.811966   0          0          0          0          0
7    0          0.842259   0.157741   0          0          0
8    1          0          0          0          0          0
9    0          0          0.370803   0          0.629197   0
10   0.393819   0.606181   0          0          0          0
11   0          0          0          0          0          0
12   0.274141   0          0          0.725859   0          0
13   0          0          0          0          0          0
14   0          0          1          0          0          0
15   0          0          0          0          0          0
16   0          0          0          0          0          0
18   0          0          0          0          0          0.421641
19   0          0          0          1          0          0
21   0          0          0          0          0          0
22   0          0          0          0          0          0

:        7          8         9          10         11         12       :=
1    0           0         0          0.726473   0.273527   0
2    0           0         0          0          0          1
3    0           0         0          0          0          0
4    0           0         0          0          0          0
5    0           0         0          0          0          0
6    0           0         0          0          0.188034   0
7    0           0         0          0          0          0
8    0           0         0          0          0          0
9    0           0         0          0          0          0
10   0           0         0          0          0          0
11   0           0         0          0          0          1
12   0           0         0          0          0          0
13   0           1         0          0          0          0
14   0           0         0          0          0          0
15   0           0         0          0          0.579896   0.420104
16   0           0         0          0          0          1
18   0.156719    0         0.421641   0          0          0
19   0           0         0          0          0          0
21   0.89198     0.10802   0          0          0          0
22   0.0243427   0         0          0          0.975657   0
;

