K=9, W/V=4.0939830, B=2, time:3.718

ca [*] :=
1  5
2  4
;

fragment allocation x on node k:

1    2    3    4    5    6    7    8    9    
0 1 1 0 1 0 0 0 0 0 
1 0 1 0 1 0 0 0 0 0 
2 1 1 0 0 0 0 0 0 0 
3 1 0 0 1 0 0 0 0 0 
4 1 1 0 1 0 0 0 0 0 
5 1 1 0 1 0 0 0 0 0 
6 1 0 0 1 0 0 0 0 0 
7 0 0 0 0 0 0 0 0 0 
8 0 0 0 0 0 0 0 0 0 
9 1 1 1 1 0 0 0 0 0 
10 1 1 1 1 0 0 0 0 0 
11 0 0 0 0 0 0 0 0 0 
12 1 1 1 1 1 1 0 1 0 
13 1 1 1 1 1 1 0 1 0 
14 1 1 1 1 0 0 0 0 0 
15 0 0 0 0 0 0 0 0 0 
16 1 1 1 1 1 0 0 0 0 
17 1 1 1 1 1 0 0 0 0 
18 1 1 1 1 0 0 0 0 0 
19 1 1 1 1 1 0 0 0 0 
20 1 1 1 1 0 0 0 0 0 
21 1 1 0 0 0 0 0 0 0 
22 1 1 0 1 0 0 0 0 0 
23 0 1 1 1 1 1 1 1 0 
24 0 0 0 0 0 1 1 1 0 
25 0 0 0 0 0 1 0 1 0 
26 0 1 1 1 0 1 0 1 0 
27 0 0 0 0 0 1 0 1 0 
28 0 0 0 0 0 1 0 1 0 
29 0 0 0 0 0 1 0 1 0 
30 0 0 0 0 0 1 0 1 0 
31 1 1 0 1 0 0 0 0 0 
32 1 1 0 1 0 0 0 0 0 
33 1 0 0 1 0 0 0 0 0 
34 1 1 0 1 0 0 0 0 0 
35 0 0 0 0 0 0 0 0 0 
36 0 1 1 1 1 1 1 1 0 
37 0 1 1 1 1 1 1 1 0 
38 0 0 0 1 1 0 0 0 0 
39 0 0 0 0 0 1 1 1 0 
40 0 1 1 1 1 1 1 1 0 
41 0 0 0 1 1 0 0 0 0 
42 0 0 0 0 0 0 0 0 0 
43 0 0 0 0 0 1 0 1 0 
44 0 0 1 0 1 0 0 0 0 
45 0 1 1 1 1 1 1 1 0 
46 1 1 0 1 0 0 0 0 0 
47 0 1 1 1 1 0 0 0 0 
48 0 0 0 0 0 0 0 0 0 
49 1 1 0 1 0 1 1 1 1 
50 1 1 1 1 0 1 0 1 1 
51 1 1 1 1 0 1 0 1 1 
52 0 0 0 0 0 1 0 0 1 
53 0 0 0 0 0 1 0 1 1 
54 0 0 0 0 0 1 0 0 1 
55 1 0 1 1 1 1 0 1 1 
56 0 0 0 1 1 0 0 0 0 
57 0 0 0 1 1 0 0 0 0 
58 1 0 0 1 0 0 0 0 0 
59 1 0 0 1 1 0 0 0 0 

query feasibility y on node k:

1    2    3    4    5    6    7    8    9    
1 0 0 0 0 0 1 0 0 1 
2 1 1 0 0 0 0 0 0 0 
3 0 0 0 0 0 1 0 1 0 
4 0 0 0 1 1 0 0 0 0 
5 0 1 1 0 0 0 0 0 0 
6 1 0 0 1 0 0 0 1 1 
7 0 0 1 1 0 0 0 0 0 
8 0 1 0 1 0 0 0 0 0 
9 0 1 0 1 0 0 0 0 0 
10 0 0 0 0 0 1 0 1 0 
11 1 0 0 1 0 0 0 0 0 
12 0 0 0 1 1 0 0 0 0 
13 0 0 1 0 1 0 0 0 0 
14 1 0 0 1 0 0 0 0 0 
15 0 0 1 1 0 0 0 0 0 
16 1 0 0 1 0 0 0 0 0 
18 0 0 0 0 0 1 1 1 0 
19 1 0 0 1 0 0 0 0 0 
21 0 0 0 1 1 0 0 0 0 
22 0 0 0 0 0 1 0 1 0 

workload distribution ohne node failure:

1    2    3    4    5    6    7    8    9    
1 0.00000000 0.00000000 0.00000000 0.00000000 0.00000000 0.32618409 0.00000000 0.00000000 0.67381591 
2 0.20000000 0.80000000 0.00000000 0.00000000 0.00000000 0.00000000 0.00000000 0.00000000 0.00000000 
3 0.00000000 0.00000000 0.00000000 0.00000000 0.00000000 0.00000000 0.00000000 1.00000000 0.00000000 
4 0.00000000 0.00000000 0.00000000 1.00000000 0.00000000 0.00000000 0.00000000 0.00000000 0.00000000 
5 0.00000000 0.00000000 1.00000000 0.00000000 0.00000000 0.00000000 0.00000000 0.00000000 0.00000000 
6 0.32980600 0.00000000 0.00000000 0.00000000 0.00000000 0.00000000 0.00000000 0.00000000 0.67019400 
7 0.00000000 0.00000000 0.00000000 1.00000000 0.00000000 0.00000000 0.00000000 0.00000000 0.00000000 
8 0.00000000 0.00000000 0.00000000 1.00000000 0.00000000 0.00000000 0.00000000 0.00000000 0.00000000 
9 0.00000000 0.72308222 0.00000000 0.27691778 0.00000000 0.00000000 0.00000000 0.00000000 0.00000000 
10 0.00000000 0.00000000 0.00000000 0.00000000 0.00000000 0.82936508 0.00000000 0.17063492 0.00000000 
11 1.00000000 0.00000000 0.00000000 0.00000000 0.00000000 0.00000000 0.00000000 0.00000000 0.00000000 
12 0.00000000 0.00000000 0.00000000 0.00000000 1.00000000 0.00000000 0.00000000 0.00000000 0.00000000 
13 0.00000000 0.00000000 0.55082742 0.00000000 0.44917258 0.00000000 0.00000000 0.00000000 0.00000000 
14 1.00000000 0.00000000 0.00000000 0.00000000 0.00000000 0.00000000 0.00000000 0.00000000 0.00000000 
15 0.00000000 0.00000000 1.00000000 0.00000000 0.00000000 0.00000000 0.00000000 0.00000000 0.00000000 
16 1.00000000 0.00000000 0.00000000 0.00000000 0.00000000 0.00000000 0.00000000 0.00000000 0.00000000 
18 0.00000000 0.00000000 0.00000000 0.00000000 0.00000000 0.00000000 0.60903642 0.39096358 0.00000000 
19 0.54197531 0.00000000 0.00000000 0.45802469 0.00000000 0.00000000 0.00000000 0.00000000 0.00000000 
21 0.00000000 0.00000000 0.00000000 0.18360914 0.81639086 0.00000000 0.00000000 0.00000000 0.00000000 
22 0.00000000 0.00000000 0.00000000 0.00000000 0.00000000 1.00000000 0.00000000 0.00000000 0.00000000 

workload distribution if node 1 fails:

2    3    4    5    6    7    8    9    
1 0.00000000 0.00000000 0.00000000 0.00000000 0.32618409 0.00000000 0.00000000 0.67381591 
2 1.00000000 0.00000000 0.00000000 0.00000000 0.00000000 0.00000000 0.00000000 0.00000000 
3 0.00000000 0.00000000 0.00000000 0.00000000 0.00000000 0.00000000 1.00000000 0.00000000 
4 0.00000000 0.00000000 0.00000000 1.00000000 0.00000000 0.00000000 0.00000000 0.00000000 
5 0.00000000 1.00000000 0.00000000 0.00000000 0.00000000 0.00000000 0.00000000 0.00000000 
6 0.00000000 0.00000000 0.32980600 0.00000000 0.00000000 0.00000000 0.00000000 0.67019400 
7 0.00000000 0.96061885 0.03938115 0.00000000 0.00000000 0.00000000 0.00000000 0.00000000 
8 0.00000000 0.00000000 1.00000000 0.00000000 0.00000000 0.00000000 0.00000000 0.00000000 
9 0.90385277 0.00000000 0.09614723 0.00000000 0.00000000 0.00000000 0.00000000 0.00000000 
10 0.00000000 0.00000000 0.00000000 0.00000000 0.82936508 0.00000000 0.17063492 0.00000000 
11 0.00000000 0.00000000 1.00000000 0.00000000 0.00000000 0.00000000 0.00000000 0.00000000 
12 0.00000000 0.00000000 0.00000000 1.00000000 0.00000000 0.00000000 0.00000000 0.00000000 
13 0.00000000 0.53752955 0.00000000 0.46247045 0.00000000 0.00000000 0.00000000 0.00000000 
14 0.00000000 0.00000000 1.00000000 0.00000000 0.00000000 0.00000000 0.00000000 0.00000000 
15 0.00000000 1.00000000 0.00000000 0.00000000 0.00000000 0.00000000 0.00000000 0.00000000 
16 0.00000000 0.00000000 1.00000000 0.00000000 0.00000000 0.00000000 0.00000000 0.00000000 
18 0.00000000 0.00000000 0.00000000 0.00000000 0.00000000 0.60903642 0.39096358 0.00000000 
19 0.00000000 0.00000000 1.00000000 0.00000000 0.00000000 0.00000000 0.00000000 0.00000000 
21 0.00000000 0.00000000 0.00000000 1.00000000 0.00000000 0.00000000 0.00000000 0.00000000 
22 0.00000000 0.00000000 0.00000000 0.00000000 1.00000000 0.00000000 0.00000000 0.00000000 

workload distribution if node 2 fails:

1    3    4    5    6    7    8    9    
1 0.00000000 0.00000000 0.00000000 0.00000000 0.32618409 0.00000000 0.00000000 0.67381591 
2 1.00000000 0.00000000 0.00000000 0.00000000 0.00000000 0.00000000 0.00000000 0.00000000 
3 0.00000000 0.00000000 0.00000000 0.00000000 0.00000000 0.00000000 1.00000000 0.00000000 
4 0.00000000 0.00000000 0.00000000 1.00000000 0.00000000 0.00000000 0.00000000 0.00000000 
5 0.00000000 1.00000000 0.00000000 0.00000000 0.00000000 0.00000000 0.00000000 0.00000000 
6 0.32980600 0.00000000 0.00000000 0.00000000 0.00000000 0.00000000 0.00000000 0.67019400 
7 0.00000000 0.96061885 0.03938115 0.00000000 0.00000000 0.00000000 0.00000000 0.00000000 
8 0.00000000 0.00000000 1.00000000 0.00000000 0.00000000 0.00000000 0.00000000 0.00000000 
9 0.00000000 0.00000000 1.00000000 0.00000000 0.00000000 0.00000000 0.00000000 0.00000000 
10 0.00000000 0.00000000 0.00000000 0.00000000 0.82936508 0.00000000 0.17063492 0.00000000 
11 1.00000000 0.00000000 0.00000000 0.00000000 0.00000000 0.00000000 0.00000000 0.00000000 
12 0.00000000 0.00000000 0.00000000 1.00000000 0.00000000 0.00000000 0.00000000 0.00000000 
13 0.00000000 0.53752955 0.00000000 0.46247045 0.00000000 0.00000000 0.00000000 0.00000000 
14 0.60798122 0.00000000 0.39201878 0.00000000 0.00000000 0.00000000 0.00000000 0.00000000 
15 0.00000000 1.00000000 0.00000000 0.00000000 0.00000000 0.00000000 0.00000000 0.00000000 
16 1.00000000 0.00000000 0.00000000 0.00000000 0.00000000 0.00000000 0.00000000 0.00000000 
18 0.00000000 0.00000000 0.00000000 0.00000000 0.00000000 0.60903642 0.39096358 0.00000000 
19 1.00000000 0.00000000 0.00000000 0.00000000 0.00000000 0.00000000 0.00000000 0.00000000 
21 0.00000000 0.00000000 0.00000000 1.00000000 0.00000000 0.00000000 0.00000000 0.00000000 
22 0.00000000 0.00000000 0.00000000 0.00000000 1.00000000 0.00000000 0.00000000 0.00000000 

workload distribution if node 3 fails:

1    2    4    5    6    7    8    9    
1 0.00000000 0.00000000 0.00000000 0.00000000 0.32618409 0.00000000 0.00000000 0.67381591 
2 1.00000000 0.00000000 0.00000000 0.00000000 0.00000000 0.00000000 0.00000000 0.00000000 
3 0.00000000 0.00000000 0.00000000 0.00000000 0.00000000 0.00000000 1.00000000 0.00000000 
4 0.00000000 0.00000000 1.00000000 0.00000000 0.00000000 0.00000000 0.00000000 0.00000000 
5 0.00000000 1.00000000 0.00000000 0.00000000 0.00000000 0.00000000 0.00000000 0.00000000 
6 0.32980600 0.00000000 0.00000000 0.00000000 0.00000000 0.00000000 0.00000000 0.67019400 
7 0.00000000 0.00000000 1.00000000 0.00000000 0.00000000 0.00000000 0.00000000 0.00000000 
8 0.00000000 0.00000000 1.00000000 0.00000000 0.00000000 0.00000000 0.00000000 0.00000000 
9 0.00000000 0.97506020 0.02493980 0.00000000 0.00000000 0.00000000 0.00000000 0.00000000 
10 0.00000000 0.00000000 0.00000000 0.00000000 0.82936508 0.00000000 0.17063492 0.00000000 
11 1.00000000 0.00000000 0.00000000 0.00000000 0.00000000 0.00000000 0.00000000 0.00000000 
12 0.00000000 0.00000000 0.00000000 1.00000000 0.00000000 0.00000000 0.00000000 0.00000000 
13 0.00000000 0.00000000 0.00000000 1.00000000 0.00000000 0.00000000 0.00000000 0.00000000 
14 0.60798122 0.00000000 0.39201878 0.00000000 0.00000000 0.00000000 0.00000000 0.00000000 
15 0.00000000 0.00000000 1.00000000 0.00000000 0.00000000 0.00000000 0.00000000 0.00000000 
16 1.00000000 0.00000000 0.00000000 0.00000000 0.00000000 0.00000000 0.00000000 0.00000000 
18 0.00000000 0.00000000 0.00000000 0.00000000 0.00000000 0.60903642 0.39096358 0.00000000 
19 1.00000000 0.00000000 0.00000000 0.00000000 0.00000000 0.00000000 0.00000000 0.00000000 
21 0.00000000 0.00000000 0.39755713 0.60244287 0.00000000 0.00000000 0.00000000 0.00000000 
22 0.00000000 0.00000000 0.00000000 0.00000000 1.00000000 0.00000000 0.00000000 0.00000000 

workload distribution if node 4 fails:

1    2    3    5    6    7    8    9    
1 0.00000000 0.00000000 0.00000000 0.00000000 0.32618409 0.00000000 0.00000000 0.67381591 
2 0.62888889 0.37111111 0.00000000 0.00000000 0.00000000 0.00000000 0.00000000 0.00000000 
3 0.00000000 0.00000000 0.00000000 0.00000000 0.00000000 0.00000000 1.00000000 0.00000000 
4 0.00000000 0.00000000 0.00000000 1.00000000 0.00000000 0.00000000 0.00000000 0.00000000 
5 0.00000000 0.05982906 0.94017094 0.00000000 0.00000000 0.00000000 0.00000000 0.00000000 
6 0.32980600 0.00000000 0.00000000 0.00000000 0.00000000 0.00000000 0.00000000 0.67019400 
7 0.00000000 0.00000000 1.00000000 0.00000000 0.00000000 0.00000000 0.00000000 0.00000000 
8 0.00000000 1.00000000 0.00000000 0.00000000 0.00000000 0.00000000 0.00000000 0.00000000 
9 0.00000000 1.00000000 0.00000000 0.00000000 0.00000000 0.00000000 0.00000000 0.00000000 
10 0.00000000 0.00000000 0.00000000 0.00000000 0.82936508 0.00000000 0.17063492 0.00000000 
11 1.00000000 0.00000000 0.00000000 0.00000000 0.00000000 0.00000000 0.00000000 0.00000000 
12 0.00000000 0.00000000 0.00000000 1.00000000 0.00000000 0.00000000 0.00000000 0.00000000 
13 0.00000000 0.00000000 0.53752955 0.46247045 0.00000000 0.00000000 0.00000000 0.00000000 
14 1.00000000 0.00000000 0.00000000 0.00000000 0.00000000 0.00000000 0.00000000 0.00000000 
15 0.00000000 0.00000000 1.00000000 0.00000000 0.00000000 0.00000000 0.00000000 0.00000000 
16 1.00000000 0.00000000 0.00000000 0.00000000 0.00000000 0.00000000 0.00000000 0.00000000 
18 0.00000000 0.00000000 0.00000000 0.00000000 0.00000000 0.60903642 0.39096358 0.00000000 
19 1.00000000 0.00000000 0.00000000 0.00000000 0.00000000 0.00000000 0.00000000 0.00000000 
21 0.00000000 0.00000000 0.00000000 1.00000000 0.00000000 0.00000000 0.00000000 0.00000000 
22 0.00000000 0.00000000 0.00000000 0.00000000 1.00000000 0.00000000 0.00000000 0.00000000 

workload distribution if node 5 fails:

1    2    3    4    6    7    8    9    
1 0.00000000 0.00000000 0.00000000 0.00000000 0.32618409 0.00000000 0.00000000 0.67381591 
2 1.00000000 0.00000000 0.00000000 0.00000000 0.00000000 0.00000000 0.00000000 0.00000000 
3 0.00000000 0.00000000 0.00000000 0.00000000 0.00000000 0.00000000 1.00000000 0.00000000 
4 0.00000000 0.00000000 0.00000000 1.00000000 0.00000000 0.00000000 0.00000000 0.00000000 
5 0.00000000 1.00000000 0.00000000 0.00000000 0.00000000 0.00000000 0.00000000 0.00000000 
6 0.00000000 0.00000000 0.00000000 0.32980600 0.00000000 0.00000000 0.00000000 0.67019400 
7 0.00000000 0.00000000 1.00000000 0.00000000 0.00000000 0.00000000 0.00000000 0.00000000 
8 0.00000000 0.00000000 0.00000000 1.00000000 0.00000000 0.00000000 0.00000000 0.00000000 
9 0.00000000 0.97506020 0.00000000 0.02493980 0.00000000 0.00000000 0.00000000 0.00000000 
10 0.00000000 0.00000000 0.00000000 0.00000000 0.82936508 0.00000000 0.17063492 0.00000000 
11 1.00000000 0.00000000 0.00000000 0.00000000 0.00000000 0.00000000 0.00000000 0.00000000 
12 0.00000000 0.00000000 0.00000000 1.00000000 0.00000000 0.00000000 0.00000000 0.00000000 
13 0.00000000 0.00000000 1.00000000 0.00000000 0.00000000 0.00000000 0.00000000 0.00000000 
14 0.90062598 0.00000000 0.00000000 0.09937402 0.00000000 0.00000000 0.00000000 0.00000000 
15 0.00000000 0.00000000 0.72423510 0.27576490 0.00000000 0.00000000 0.00000000 0.00000000 
16 1.00000000 0.00000000 0.00000000 0.00000000 0.00000000 0.00000000 0.00000000 0.00000000 
18 0.00000000 0.00000000 0.00000000 0.00000000 0.00000000 0.60903642 0.39096358 0.00000000 
19 1.00000000 0.00000000 0.00000000 0.00000000 0.00000000 0.00000000 0.00000000 0.00000000 
21 0.00000000 0.00000000 0.00000000 1.00000000 0.00000000 0.00000000 0.00000000 0.00000000 
22 0.00000000 0.00000000 0.00000000 0.00000000 1.00000000 0.00000000 0.00000000 0.00000000 

workload distribution if node 6 fails:

1    2    3    4    5    7    8    9    
1 0.00000000 0.00000000 0.00000000 0.00000000 0.00000000 0.00000000 0.00000000 1.00000000 
2 0.20000000 0.80000000 0.00000000 0.00000000 0.00000000 0.00000000 0.00000000 0.00000000 
3 0.00000000 0.00000000 0.00000000 0.00000000 0.00000000 0.00000000 1.00000000 0.00000000 
4 0.00000000 0.00000000 0.00000000 1.00000000 0.00000000 0.00000000 0.00000000 0.00000000 
5 0.00000000 0.00000000 1.00000000 0.00000000 0.00000000 0.00000000 0.00000000 0.00000000 
6 0.32980600 0.00000000 0.00000000 0.00000000 0.00000000 0.00000000 0.37801293 0.29218107 
7 0.00000000 0.00000000 0.00000000 1.00000000 0.00000000 0.00000000 0.00000000 0.00000000 
8 0.00000000 0.00000000 0.00000000 1.00000000 0.00000000 0.00000000 0.00000000 0.00000000 
9 0.00000000 0.72308222 0.00000000 0.27691778 0.00000000 0.00000000 0.00000000 0.00000000 
10 0.00000000 0.00000000 0.00000000 0.00000000 0.00000000 0.00000000 1.00000000 0.00000000 
11 1.00000000 0.00000000 0.00000000 0.00000000 0.00000000 0.00000000 0.00000000 0.00000000 
12 0.00000000 0.00000000 0.00000000 0.00000000 1.00000000 0.00000000 0.00000000 0.00000000 
13 0.00000000 0.00000000 0.55082742 0.00000000 0.44917258 0.00000000 0.00000000 0.00000000 
14 1.00000000 0.00000000 0.00000000 0.00000000 0.00000000 0.00000000 0.00000000 0.00000000 
15 0.00000000 0.00000000 1.00000000 0.00000000 0.00000000 0.00000000 0.00000000 0.00000000 
16 1.00000000 0.00000000 0.00000000 0.00000000 0.00000000 0.00000000 0.00000000 0.00000000 
18 0.00000000 0.00000000 0.00000000 0.00000000 0.00000000 0.81204856 0.18795144 0.00000000 
19 0.54197531 0.00000000 0.00000000 0.45802469 0.00000000 0.00000000 0.00000000 0.00000000 
21 0.00000000 0.00000000 0.00000000 0.18360914 0.81639086 0.00000000 0.00000000 0.00000000 
22 0.00000000 0.00000000 0.00000000 0.00000000 0.00000000 0.00000000 1.00000000 0.00000000 

workload distribution if node 7 fails:

1    2    3    4    5    6    8    9    
1 0.00000000 0.00000000 0.00000000 0.00000000 0.00000000 0.06384669 0.00000000 0.93615331 
2 0.20000000 0.80000000 0.00000000 0.00000000 0.00000000 0.00000000 0.00000000 0.00000000 
3 0.00000000 0.00000000 0.00000000 0.00000000 0.00000000 0.00000000 1.00000000 0.00000000 
4 0.00000000 0.00000000 0.00000000 1.00000000 0.00000000 0.00000000 0.00000000 0.00000000 
5 0.00000000 0.00000000 1.00000000 0.00000000 0.00000000 0.00000000 0.00000000 0.00000000 
6 0.32980600 0.00000000 0.00000000 0.00000000 0.00000000 0.00000000 0.00000000 0.67019400 
7 0.00000000 0.00000000 0.00000000 1.00000000 0.00000000 0.00000000 0.00000000 0.00000000 
8 0.00000000 0.00000000 0.00000000 1.00000000 0.00000000 0.00000000 0.00000000 0.00000000 
9 0.00000000 0.72308222 0.00000000 0.27691778 0.00000000 0.00000000 0.00000000 0.00000000 
10 0.00000000 0.00000000 0.00000000 0.00000000 0.00000000 1.00000000 0.00000000 0.00000000 
11 1.00000000 0.00000000 0.00000000 0.00000000 0.00000000 0.00000000 0.00000000 0.00000000 
12 0.00000000 0.00000000 0.00000000 0.00000000 1.00000000 0.00000000 0.00000000 0.00000000 
13 0.00000000 0.00000000 0.55082742 0.00000000 0.44917258 0.00000000 0.00000000 0.00000000 
14 1.00000000 0.00000000 0.00000000 0.00000000 0.00000000 0.00000000 0.00000000 0.00000000 
15 0.00000000 0.00000000 1.00000000 0.00000000 0.00000000 0.00000000 0.00000000 0.00000000 
16 1.00000000 0.00000000 0.00000000 0.00000000 0.00000000 0.00000000 0.00000000 0.00000000 
18 0.00000000 0.00000000 0.00000000 0.00000000 0.00000000 0.36637467 0.63362533 0.00000000 
19 0.54197531 0.00000000 0.00000000 0.45802469 0.00000000 0.00000000 0.00000000 0.00000000 
21 0.00000000 0.00000000 0.00000000 0.18360914 0.81639086 0.00000000 0.00000000 0.00000000 
22 0.00000000 0.00000000 0.00000000 0.00000000 0.00000000 1.00000000 0.00000000 0.00000000 

workload distribution if node 8 fails:

1    2    3    4    5    6    7    9    
1 0.00000000 0.00000000 0.00000000 0.00000000 0.00000000 0.06384669 0.00000000 0.93615331 
2 0.20000000 0.80000000 0.00000000 0.00000000 0.00000000 0.00000000 0.00000000 0.00000000 
3 0.00000000 0.00000000 0.00000000 0.00000000 0.00000000 1.00000000 0.00000000 0.00000000 
4 0.00000000 0.00000000 0.00000000 1.00000000 0.00000000 0.00000000 0.00000000 0.00000000 
5 0.00000000 0.00000000 1.00000000 0.00000000 0.00000000 0.00000000 0.00000000 0.00000000 
6 0.32980600 0.00000000 0.00000000 0.00000000 0.00000000 0.00000000 0.00000000 0.67019400 
7 0.00000000 0.00000000 0.00000000 1.00000000 0.00000000 0.00000000 0.00000000 0.00000000 
8 0.00000000 0.00000000 0.00000000 1.00000000 0.00000000 0.00000000 0.00000000 0.00000000 
9 0.00000000 0.72308222 0.00000000 0.27691778 0.00000000 0.00000000 0.00000000 0.00000000 
10 0.00000000 0.00000000 0.00000000 0.00000000 0.00000000 1.00000000 0.00000000 0.00000000 
11 1.00000000 0.00000000 0.00000000 0.00000000 0.00000000 0.00000000 0.00000000 0.00000000 
12 0.00000000 0.00000000 0.00000000 0.00000000 1.00000000 0.00000000 0.00000000 0.00000000 
13 0.00000000 0.00000000 0.55082742 0.00000000 0.44917258 0.00000000 0.00000000 0.00000000 
14 1.00000000 0.00000000 0.00000000 0.00000000 0.00000000 0.00000000 0.00000000 0.00000000 
15 0.00000000 0.00000000 1.00000000 0.00000000 0.00000000 0.00000000 0.00000000 0.00000000 
16 1.00000000 0.00000000 0.00000000 0.00000000 0.00000000 0.00000000 0.00000000 0.00000000 
18 0.00000000 0.00000000 0.00000000 0.00000000 0.00000000 0.18795144 0.81204856 0.00000000 
19 0.54197531 0.00000000 0.00000000 0.45802469 0.00000000 0.00000000 0.00000000 0.00000000 
21 0.00000000 0.00000000 0.00000000 0.18360914 0.81639086 0.00000000 0.00000000 0.00000000 
22 0.00000000 0.00000000 0.00000000 0.00000000 0.00000000 1.00000000 0.00000000 0.00000000 

workload distribution if node 9 fails:

1    2    3    4    5    6    7    8    
1 0.00000000 0.00000000 0.00000000 0.00000000 0.00000000 1.00000000 0.00000000 0.00000000 
2 0.20000000 0.80000000 0.00000000 0.00000000 0.00000000 0.00000000 0.00000000 0.00000000 
3 0.00000000 0.00000000 0.00000000 0.00000000 0.00000000 0.00000000 0.00000000 1.00000000 
4 0.00000000 0.00000000 0.00000000 1.00000000 0.00000000 0.00000000 0.00000000 0.00000000 
5 0.00000000 0.00000000 1.00000000 0.00000000 0.00000000 0.00000000 0.00000000 0.00000000 
6 0.32980600 0.00000000 0.00000000 0.00000000 0.00000000 0.00000000 0.00000000 0.67019400 
7 0.00000000 0.00000000 0.00000000 1.00000000 0.00000000 0.00000000 0.00000000 0.00000000 
8 0.00000000 0.00000000 0.00000000 1.00000000 0.00000000 0.00000000 0.00000000 0.00000000 
9 0.00000000 0.72308222 0.00000000 0.27691778 0.00000000 0.00000000 0.00000000 0.00000000 
10 0.00000000 0.00000000 0.00000000 0.00000000 0.00000000 0.00000000 0.00000000 1.00000000 
11 1.00000000 0.00000000 0.00000000 0.00000000 0.00000000 0.00000000 0.00000000 0.00000000 
12 0.00000000 0.00000000 0.00000000 0.00000000 1.00000000 0.00000000 0.00000000 0.00000000 
13 0.00000000 0.00000000 0.55082742 0.00000000 0.44917258 0.00000000 0.00000000 0.00000000 
14 1.00000000 0.00000000 0.00000000 0.00000000 0.00000000 0.00000000 0.00000000 0.00000000 
15 0.00000000 0.00000000 1.00000000 0.00000000 0.00000000 0.00000000 0.00000000 0.00000000 
16 1.00000000 0.00000000 0.00000000 0.00000000 0.00000000 0.00000000 0.00000000 0.00000000 
18 0.00000000 0.00000000 0.00000000 0.00000000 0.00000000 0.00000000 0.81204856 0.18795144 
19 0.54197531 0.00000000 0.00000000 0.45802469 0.00000000 0.00000000 0.00000000 0.00000000 
21 0.00000000 0.00000000 0.00000000 0.18360914 0.81639086 0.00000000 0.00000000 0.00000000 
22 0.00000000 0.00000000 0.00000000 0.00000000 0.00000000 0.23300516 0.00000000 0.76699484 



zz_test [*] :=
 1  1
 2  1
 3  1
 4  1
 5  1
 6  1
 7  1
 8  1
 9  1
10  1
11  1
12  1
13  1
14  1
15  1
16  1
18  1
19  1
21  1
22  1
;

K_test [*] :=
1  0.111111
2  0.111111
3  0.111111
4  0.111111
5  0.111111
6  0.111111
7  0.111111
8  0.111111
9  0.111111
;

zz2_test [*,*]
:    1   2   3   4   5   6   7   8   9    :=
1    1   1   1   1   1   1   1   1   1
2    1   1   1   1   1   1   1   1   1
3    1   1   1   1   1   1   1   1   1
4    1   1   1   1   1   1   1   1   1
5    1   1   1   1   1   1   1   1   1
6    1   1   1   1   1   1   1   1   1
7    1   1   1   1   1   1   1   1   1
8    1   1   1   1   1   1   1   1   1
9    1   1   1   1   1   1   1   1   1
10   1   1   1   1   1   1   1   1   1
11   1   1   1   1   1   1   1   1   1
12   1   1   1   1   1   1   1   1   1
13   1   1   1   1   1   1   1   1   1
14   1   1   1   1   1   1   1   1   1
15   1   1   1   1   1   1   1   1   1
16   1   1   1   1   1   1   1   1   1
18   1   1   1   1   1   1   1   1   1
19   1   1   1   1   1   1   1   1   1
21   1   1   1   1   1   1   1   1   1
22   1   1   1   1   1   1   1   1   1
;

K2_test [*,*]
:      1          2          3          4          5          6          7   :=
1    .         0.138889   0.138889   0.138889   0.138889   0.111111   0.111111
2   0.138889    .         0.138889   0.138889   0.138889   0.111111   0.111111
3   0.138889   0.138889    .         0.138889   0.138889   0.111111   0.111111
4   0.138889   0.138889   0.138889    .         0.138889   0.111111   0.111111
5   0.138889   0.138889   0.138889   0.138889    .         0.111111   0.111111
6   0.111111   0.111111   0.111111   0.111111   0.111111    .         0.148148
7   0.111111   0.111111   0.111111   0.111111   0.111111   0.148148    .
8   0.111111   0.111111   0.111111   0.111111   0.111111   0.148148   0.148148
9   0.111111   0.111111   0.111111   0.111111   0.111111   0.148148   0.148148

:      8          9        :=
1   0.111111   0.111111
2   0.111111   0.111111
3   0.111111   0.111111
4   0.111111   0.111111
5   0.111111   0.111111
6   0.148148   0.148148
7   0.148148   0.148148
8    .         0.148148
9   0.148148    .
;

zz2 [*,1,*]
:       2          3           4          5         6          7          8  :=
1    0          0          0           0         0.326184   0          0
2    1          0          0           0         0          0          0
3    0          0          0           0         0          0          1
4    0          0          0           1         0          0          0
5    0          1          0           0         0          0          0
6    0          0          0.329806    0         0          0          0
7    0          0.960619   0.0393812   0         0          0          0
8    0          0          1           0         0          0          0
9    0.903853   0          0.0961472   0         0          0          0
10   0          0          0           0         0.829365   0          0.170635
11   0          0          1           0         0          0          0
12   0          0          0           1         0          0          0
13   0          0.53753    0           0.46247   0          0          0
14   0          0          1           0         0          0          0
15   0          1          0           0         0          0          0
16   0          0          1           0         0          0          0
18   0          0          0           0         0          0.609036   0.390964
19   0          0          1           0         0          0          0
21   0          0          0           1         0          0          0
22   0          0          0           0         1          0          0

:       9        :=
1    0.673816
2    0
3    0
4    0
5    0
6    0.670194
7    0
8    0
9    0
10   0
11   0
12   0
13   0
14   0
15   0
16   0
18   0
19   0
21   0
22   0

 [*,2,*]
:       1          3           4          5         6          7          8  :=
1    0          0          0           0         0.326184   0          0
2    1          0          0           0         0          0          0
3    0          0          0           0         0          0          1
4    0          0          0           1         0          0          0
5    0          1          0           0         0          0          0
6    0.329806   0          0           0         0          0          0
7    0          0.960619   0.0393812   0         0          0          0
8    0          0          1           0         0          0          0
9    0          0          1           0         0          0          0
10   0          0          0           0         0.829365   0          0.170635
11   1          0          0           0         0          0          0
12   0          0          0           1         0          0          0
13   0          0.53753    0           0.46247   0          0          0
14   0.607981   0          0.392019    0         0          0          0
15   0          1          0           0         0          0          0
16   1          0          0           0         0          0          0
18   0          0          0           0         0          0.609036   0.390964
19   1          0          0           0         0          0          0
21   0          0          0           1         0          0          0
22   0          0          0           0         1          0          0

:       9        :=
1    0.673816
2    0
3    0
4    0
5    0
6    0.670194
7    0
8    0
9    0
10   0
11   0
12   0
13   0
14   0
15   0
16   0
18   0
19   0
21   0
22   0

 [*,3,*]
:       1          2          4          5          6          7          8  :=
1    0          0         0           0          0.326184   0          0
2    1          0         0           0          0          0          0
3    0          0         0           0          0          0          1
4    0          0         1           0          0          0          0
5    0          1         0           0          0          0          0
6    0.329806   0         0           0          0          0          0
7    0          0         1           0          0          0          0
8    0          0         1           0          0          0          0
9    0          0.97506   0.0249398   0          0          0          0
10   0          0         0           0          0.829365   0          0.170635
11   1          0         0           0          0          0          0
12   0          0         0           1          0          0          0
13   0          0         0           1          0          0          0
14   0.607981   0         0.392019    0          0          0          0
15   0          0         1           0          0          0          0
16   1          0         0           0          0          0          0
18   0          0         0           0          0          0.609036   0.390964
19   1          0         0           0          0          0          0
21   0          0         0.397557    0.602443   0          0          0
22   0          0         0           0          1          0          0

:       9        :=
1    0.673816
2    0
3    0
4    0
5    0
6    0.670194
7    0
8    0
9    0
10   0
11   0
12   0
13   0
14   0
15   0
16   0
18   0
19   0
21   0
22   0

 [*,4,*]
:       1           2          3          5         6          7          8  :=
1    0          0           0          0         0.326184   0          0
2    0.628889   0.371111    0          0         0          0          0
3    0          0           0          0         0          0          1
4    0          0           0          1         0          0          0
5    0          0.0598291   0.940171   0         0          0          0
6    0.329806   0           0          0         0          0          0
7    0          0           1          0         0          0          0
8    0          1           0          0         0          0          0
9    0          1           0          0         0          0          0
10   0          0           0          0         0.829365   0          0.170635
11   1          0           0          0         0          0          0
12   0          0           0          1         0          0          0
13   0          0           0.53753    0.46247   0          0          0
14   1          0           0          0         0          0          0
15   0          0           1          0         0          0          0
16   1          0           0          0         0          0          0
18   0          0           0          0         0          0.609036   0.390964
19   1          0           0          0         0          0          0
21   0          0           0          1         0          0          0
22   0          0           0          0         1          0          0

:       9        :=
1    0.673816
2    0
3    0
4    0
5    0
6    0.670194
7    0
8    0
9    0
10   0
11   0
12   0
13   0
14   0
15   0
16   0
18   0
19   0
21   0
22   0

 [*,5,*]
:       1          2         3           4          6          7          8  :=
1    0          0         0          0           0.326184   0          0
2    1          0         0          0           0          0          0
3    0          0         0          0           0          0          1
4    0          0         0          1           0          0          0
5    0          1         0          0           0          0          0
6    0          0         0          0.329806    0          0          0
7    0          0         1          0           0          0          0
8    0          0         0          1           0          0          0
9    0          0.97506   0          0.0249398   0          0          0
10   0          0         0          0           0.829365   0          0.170635
11   1          0         0          0           0          0          0
12   0          0         0          1           0          0          0
13   0          0         1          0           0          0          0
14   0.900626   0         0          0.099374    0          0          0
15   0          0         0.724235   0.275765    0          0          0
16   1          0         0          0           0          0          0
18   0          0         0          0           0          0.609036   0.390964
19   1          0         0          0           0          0          0
21   0          0         0          1           0          0          0
22   0          0         0          0           1          0          0

:       9        :=
1    0.673816
2    0
3    0
4    0
5    0
6    0.670194
7    0
8    0
9    0
10   0
11   0
12   0
13   0
14   0
15   0
16   0
18   0
19   0
21   0
22   0

 [*,6,*]
:       1          2          3          4          5          7          8  :=
1    0          0          0          0          0          0          0
2    0.2        0.8        0          0          0          0          0
3    0          0          0          0          0          0          1
4    0          0          0          1          0          0          0
5    0          0          1          0          0          0          0
6    0.329806   0          0          0          0          0          0.378013
7    0          0          0          1          0          0          0
8    0          0          0          1          0          0          0
9    0          0.723082   0          0.276918   0          0          0
10   0          0          0          0          0          0          1
11   1          0          0          0          0          0          0
12   0          0          0          0          1          0          0
13   0          0          0.550827   0          0.449173   0          0
14   1          0          0          0          0          0          0
15   0          0          1          0          0          0          0
16   1          0          0          0          0          0          0
18   0          0          0          0          0          0.812049   0.187951
19   0.541975   0          0          0.458025   0          0          0
21   0          0          0          0.183609   0.816391   0          0
22   0          0          0          0          0          0          1

:       9        :=
1    1
2    0
3    0
4    0
5    0
6    0.292181
7    0
8    0
9    0
10   0
11   0
12   0
13   0
14   0
15   0
16   0
18   0
19   0
21   0
22   0

 [*,7,*]
:       1          2          3          4          5           6        :=
1    0          0          0          0          0          0.0638467
2    0.2        0.8        0          0          0          0
3    0          0          0          0          0          0
4    0          0          0          1          0          0
5    0          0          1          0          0          0
6    0.329806   0          0          0          0          0
7    0          0          0          1          0          0
8    0          0          0          1          0          0
9    0          0.723082   0          0.276918   0          0
10   0          0          0          0          0          1
11   1          0          0          0          0          0
12   0          0          0          0          1          0
13   0          0          0.550827   0          0.449173   0
14   1          0          0          0          0          0
15   0          0          1          0          0          0
16   1          0          0          0          0          0
18   0          0          0          0          0          0.366375
19   0.541975   0          0          0.458025   0          0
21   0          0          0          0.183609   0.816391   0
22   0          0          0          0          0          1

:       8          9        :=
1    0          0.936153
2    0          0
3    1          0
4    0          0
5    0          0
6    0          0.670194
7    0          0
8    0          0
9    0          0
10   0          0
11   0          0
12   0          0
13   0          0
14   0          0
15   0          0
16   0          0
18   0.633625   0
19   0          0
21   0          0
22   0          0

 [*,8,*]
:       1          2          3          4          5           6        :=
1    0          0          0          0          0          0.0638467
2    0.2        0.8        0          0          0          0
3    0          0          0          0          0          1
4    0          0          0          1          0          0
5    0          0          1          0          0          0
6    0.329806   0          0          0          0          0
7    0          0          0          1          0          0
8    0          0          0          1          0          0
9    0          0.723082   0          0.276918   0          0
10   0          0          0          0          0          1
11   1          0          0          0          0          0
12   0          0          0          0          1          0
13   0          0          0.550827   0          0.449173   0
14   1          0          0          0          0          0
15   0          0          1          0          0          0
16   1          0          0          0          0          0
18   0          0          0          0          0          0.187951
19   0.541975   0          0          0.458025   0          0
21   0          0          0          0.183609   0.816391   0
22   0          0          0          0          0          1

:       7          9        :=
1    0          0.936153
2    0          0
3    0          0
4    0          0
5    0          0
6    0          0.670194
7    0          0
8    0          0
9    0          0
10   0          0
11   0          0
12   0          0
13   0          0
14   0          0
15   0          0
16   0          0
18   0.812049   0
19   0          0
21   0          0
22   0          0

 [*,9,*]
:       1          2          3          4          5          6          7  :=
1    0          0          0          0          0          1          0
2    0.2        0.8        0          0          0          0          0
3    0          0          0          0          0          0          0
4    0          0          0          1          0          0          0
5    0          0          1          0          0          0          0
6    0.329806   0          0          0          0          0          0
7    0          0          0          1          0          0          0
8    0          0          0          1          0          0          0
9    0          0.723082   0          0.276918   0          0          0
10   0          0          0          0          0          0          0
11   1          0          0          0          0          0          0
12   0          0          0          0          1          0          0
13   0          0          0.550827   0          0.449173   0          0
14   1          0          0          0          0          0          0
15   0          0          1          0          0          0          0
16   1          0          0          0          0          0          0
18   0          0          0          0          0          0          0.812049
19   0.541975   0          0          0.458025   0          0          0
21   0          0          0          0.183609   0.816391   0          0
22   0          0          0          0          0          0.233005   0

:       8        :=
1    0
2    0
3    1
4    0
5    0
6    0.670194
7    0
8    0
9    0
10   1
11   0
12   0
13   0
14   0
15   0
16   0
18   0.187951
19   0
21   0
22   0.766995
;

