K=4, W/V=2.7759582, B=2, time:0.125

ca [*] :=
1  2
2  2
;

fragment allocation x on node k:

1    2    3    4    
0 1 1 0 0 
1 1 1 0 0 
2 1 1 0 0 
3 1 1 0 0 
4 1 1 0 0 
5 1 1 0 0 
6 1 1 0 0 
7 0 0 0 0 
8 0 0 0 0 
9 1 1 0 0 
10 1 1 0 0 
11 0 0 0 0 
12 1 1 1 1 
13 1 1 1 1 
14 1 1 0 0 
15 0 0 0 0 
16 1 1 0 0 
17 1 1 0 0 
18 1 1 0 0 
19 1 1 0 0 
20 1 1 0 0 
21 1 1 0 0 
22 1 1 0 0 
23 1 1 1 1 
24 1 1 1 1 
25 0 0 1 1 
26 1 1 1 1 
27 0 0 1 1 
28 0 0 1 1 
29 0 0 1 1 
30 0 0 1 1 
31 1 1 0 0 
32 1 1 0 0 
33 1 1 0 0 
34 1 1 0 0 
35 0 0 0 0 
36 1 1 1 1 
37 1 1 1 1 
38 1 1 0 0 
39 1 1 1 1 
40 1 1 1 1 
41 1 1 0 0 
42 0 0 0 0 
43 0 0 1 1 
44 0 0 1 1 
45 1 1 1 1 
46 1 1 0 0 
47 1 1 0 0 
48 0 0 0 0 
49 1 1 1 1 
50 1 1 1 1 
51 1 1 1 1 
52 0 0 1 1 
53 0 0 1 1 
54 0 0 1 1 
55 1 1 1 1 
56 1 1 0 0 
57 1 1 0 0 
58 1 1 0 0 
59 1 1 0 0 

query feasibility y on node k:

1    2    3    4    
1 0 0 1 1 
2 1 1 0 0 
3 0 0 1 1 
4 1 1 0 0 
5 1 1 0 0 
6 0 0 1 1 
7 1 1 0 0 
8 1 1 0 0 
9 1 1 0 0 
10 0 0 1 1 
11 1 1 0 0 
12 1 1 0 0 
13 0 0 1 1 
14 1 1 0 0 
15 1 1 0 0 
16 1 1 0 0 
18 1 1 1 1 
19 1 1 0 0 
21 1 1 0 0 
22 0 0 1 1 

workload distribution ohne node failure:

1    2    3    4    
1 0.00000000 0.00000000 0.00000000 1.00000000 
2 0.00000000 1.00000000 0.00000000 0.00000000 
3 0.00000000 0.00000000 0.00000000 1.00000000 
4 0.00000000 1.00000000 0.00000000 0.00000000 
5 0.00000000 1.00000000 0.00000000 0.00000000 
6 0.00000000 0.00000000 0.83333333 0.16666667 
7 0.00000000 1.00000000 0.00000000 0.00000000 
8 1.00000000 0.00000000 0.00000000 0.00000000 
9 1.00000000 0.00000000 0.00000000 0.00000000 
10 0.00000000 0.00000000 0.00000000 1.00000000 
11 0.36538462 0.63461538 0.00000000 0.00000000 
12 0.00000000 1.00000000 0.00000000 0.00000000 
13 0.00000000 0.00000000 1.00000000 0.00000000 
14 0.00000000 1.00000000 0.00000000 0.00000000 
15 0.00000000 1.00000000 0.00000000 0.00000000 
16 1.00000000 0.00000000 0.00000000 0.00000000 
18 0.12863071 0.00000000 0.87136929 0.00000000 
19 0.00000000 1.00000000 0.00000000 0.00000000 
21 1.00000000 0.00000000 0.00000000 0.00000000 
22 0.00000000 0.00000000 0.00000000 1.00000000 

workload distribution if node 1 fails:

2    3    4    
1 0.00000000 0.00000000 1.00000000 
2 1.00000000 0.00000000 0.00000000 
3 0.00000000 0.00000000 1.00000000 
4 1.00000000 0.00000000 0.00000000 
5 1.00000000 0.00000000 0.00000000 
6 0.00000000 0.83333333 0.16666667 
7 1.00000000 0.00000000 0.00000000 
8 1.00000000 0.00000000 0.00000000 
9 1.00000000 0.00000000 0.00000000 
10 0.00000000 0.00000000 1.00000000 
11 1.00000000 0.00000000 0.00000000 
12 1.00000000 0.00000000 0.00000000 
13 0.00000000 1.00000000 0.00000000 
14 1.00000000 0.00000000 0.00000000 
15 1.00000000 0.00000000 0.00000000 
16 1.00000000 0.00000000 0.00000000 
18 0.12863071 0.87136929 0.00000000 
19 1.00000000 0.00000000 0.00000000 
21 1.00000000 0.00000000 0.00000000 
22 0.00000000 0.00000000 1.00000000 

workload distribution if node 2 fails:

1    3    4    
1 0.00000000 0.00000000 1.00000000 
2 1.00000000 0.00000000 0.00000000 
3 0.00000000 0.00000000 1.00000000 
4 1.00000000 0.00000000 0.00000000 
5 1.00000000 0.00000000 0.00000000 
6 0.00000000 0.83333333 0.16666667 
7 1.00000000 0.00000000 0.00000000 
8 1.00000000 0.00000000 0.00000000 
9 1.00000000 0.00000000 0.00000000 
10 0.00000000 0.00000000 1.00000000 
11 1.00000000 0.00000000 0.00000000 
12 1.00000000 0.00000000 0.00000000 
13 0.00000000 1.00000000 0.00000000 
14 1.00000000 0.00000000 0.00000000 
15 1.00000000 0.00000000 0.00000000 
16 1.00000000 0.00000000 0.00000000 
18 0.12863071 0.87136929 0.00000000 
19 1.00000000 0.00000000 0.00000000 
21 1.00000000 0.00000000 0.00000000 
22 0.00000000 0.00000000 1.00000000 

workload distribution if node 3 fails:

1    2    4    
1 0.00000000 0.00000000 1.00000000 
2 0.00000000 1.00000000 0.00000000 
3 0.00000000 0.00000000 1.00000000 
4 0.00000000 1.00000000 0.00000000 
5 0.00000000 1.00000000 0.00000000 
6 0.00000000 0.00000000 1.00000000 
7 0.00000000 1.00000000 0.00000000 
8 1.00000000 0.00000000 0.00000000 
9 1.00000000 0.00000000 0.00000000 
10 0.00000000 0.00000000 1.00000000 
11 0.36538462 0.63461538 0.00000000 
12 0.00000000 1.00000000 0.00000000 
13 0.00000000 0.00000000 1.00000000 
14 0.00000000 1.00000000 0.00000000 
15 0.00000000 1.00000000 0.00000000 
16 1.00000000 0.00000000 0.00000000 
18 0.12863071 0.00000000 0.87136929 
19 0.00000000 1.00000000 0.00000000 
21 1.00000000 0.00000000 0.00000000 
22 0.00000000 0.00000000 1.00000000 

workload distribution if node 4 fails:

1    2    3    
1 0.00000000 0.00000000 1.00000000 
2 0.00000000 1.00000000 0.00000000 
3 0.00000000 0.00000000 1.00000000 
4 0.00000000 1.00000000 0.00000000 
5 0.00000000 1.00000000 0.00000000 
6 0.00000000 0.00000000 1.00000000 
7 0.00000000 1.00000000 0.00000000 
8 1.00000000 0.00000000 0.00000000 
9 1.00000000 0.00000000 0.00000000 
10 0.00000000 0.00000000 1.00000000 
11 0.36538462 0.63461538 0.00000000 
12 0.00000000 1.00000000 0.00000000 
13 0.00000000 0.00000000 1.00000000 
14 0.00000000 1.00000000 0.00000000 
15 0.00000000 1.00000000 0.00000000 
16 1.00000000 0.00000000 0.00000000 
18 0.12863071 0.00000000 0.87136929 
19 0.00000000 1.00000000 0.00000000 
21 1.00000000 0.00000000 0.00000000 
22 0.00000000 0.00000000 1.00000000 



zz_test [*] :=
 1  1
 2  1
 3  1
 4  1
 5  1
 6  1
 7  1
 8  1
 9  1
10  1
11  1
12  1
13  1
14  1
15  1
16  1
18  1
19  1
21  1
22  1
;

K_test [*] :=
1  0.25
2  0.25
3  0.25
4  0.25
;

zz2_test [*,*]
:    1   2   3   4    :=
1    1   1   1   1
2    1   1   1   1
3    1   1   1   1
4    1   1   1   1
5    1   1   1   1
6    1   1   1   1
7    1   1   1   1
8    1   1   1   1
9    1   1   1   1
10   1   1   1   1
11   1   1   1   1
12   1   1   1   1
13   1   1   1   1
14   1   1   1   1
15   1   1   1   1
16   1   1   1   1
18   1   1   1   1
19   1   1   1   1
21   1   1   1   1
22   1   1   1   1
;

K2_test :=
1 2   0.5
1 3   0.25
1 4   0.25
2 1   0.5
2 3   0.25
2 4   0.25
3 1   0.25
3 2   0.25
3 4   0.5
4 1   0.25
4 2   0.25
4 3   0.5
;

zz2 [*,1,*]
:       2          3          4        :=
1    0          0          1
2    1          0          0
3    0          0          1
4    1          0          0
5    1          0          0
6    0          0.833333   0.166667
7    1          0          0
8    1          0          0
9    1          0          0
10   0          0          1
11   1          0          0
12   1          0          0
13   0          1          0
14   1          0          0
15   1          0          0
16   1          0          0
18   0.128631   0.871369   0
19   1          0          0
21   1          0          0
22   0          0          1

 [*,2,*]
:       1          3          4        :=
1    0          0          1
2    1          0          0
3    0          0          1
4    1          0          0
5    1          0          0
6    0          0.833333   0.166667
7    1          0          0
8    1          0          0
9    1          0          0
10   0          0          1
11   1          0          0
12   1          0          0
13   0          1          0
14   1          0          0
15   1          0          0
16   1          0          0
18   0.128631   0.871369   0
19   1          0          0
21   1          0          0
22   0          0          1

 [*,3,*]
:       1          2          4        :=
1    0          0          1
2    0          1          0
3    0          0          1
4    0          1          0
5    0          1          0
6    0          0          1
7    0          1          0
8    1          0          0
9    1          0          0
10   0          0          1
11   0.365385   0.634615   0
12   0          1          0
13   0          0          1
14   0          1          0
15   0          1          0
16   1          0          0
18   0.128631   0          0.871369
19   0          1          0
21   1          0          0
22   0          0          1

 [*,4,*]
:       1          2          3        :=
1    0          0          1
2    0          1          0
3    0          0          1
4    0          1          0
5    0          1          0
6    0          0          1
7    0          1          0
8    1          0          0
9    1          0          0
10   0          0          1
11   0.365385   0.634615   0
12   0          1          0
13   0          0          1
14   0          1          0
15   0          1          0
16   1          0          0
18   0.128631   0          0.871369
19   0          1          0
21   1          0          0
22   0          0          1
;

