K=14, W/V=5.2911555, B=2, time:30.892

ca [*] :=
1  7
2  7
;

fragment allocation x on node k:

1    2    3    4    5    6    7    8    9    10    11    12    13    14    
0 1 1 0 1 0 1 1 0 0 0 0 0 0 0 
1 1 1 0 1 0 0 0 0 0 0 0 0 0 0 
2 0 0 0 1 0 1 0 0 0 0 0 0 0 0 
3 0 0 0 1 0 1 1 0 0 0 0 0 0 0 
4 0 1 0 1 0 1 1 0 0 0 0 0 0 0 
5 0 0 0 1 0 1 1 0 0 0 0 0 0 0 
6 0 0 0 1 0 0 1 0 0 0 0 0 0 0 
7 0 0 0 0 0 0 0 0 0 0 0 0 0 0 
8 0 0 0 0 0 0 0 0 0 0 0 0 0 0 
9 0 1 1 1 0 1 0 0 0 0 0 0 0 0 
10 0 1 1 1 0 1 0 0 0 0 0 0 0 0 
11 0 0 0 0 0 0 0 0 0 0 0 0 0 0 
12 1 1 1 1 1 1 0 1 0 0 0 1 0 0 
13 1 1 1 1 1 1 0 1 0 0 0 1 0 0 
14 0 1 1 1 0 1 0 0 0 0 0 0 0 0 
15 0 0 0 0 0 0 0 0 0 0 0 0 0 0 
16 1 1 1 1 1 1 1 0 0 0 0 0 0 0 
17 0 0 1 1 1 1 1 0 0 0 0 0 0 0 
18 0 0 1 1 0 1 1 0 0 0 0 0 0 0 
19 1 1 1 1 1 1 0 0 0 0 0 0 0 0 
20 0 0 1 1 0 1 1 0 0 0 0 0 0 0 
21 0 0 0 1 0 1 0 0 0 0 0 0 0 0 
22 0 0 0 1 0 1 0 0 0 0 0 0 0 0 
23 0 1 1 1 0 0 0 1 0 1 1 1 1 1 
24 0 1 0 1 0 0 0 1 0 1 1 1 0 0 
25 0 0 0 0 0 0 0 1 0 0 0 1 0 0 
26 0 1 1 1 0 0 0 1 0 0 0 1 0 0 
27 0 0 0 0 0 0 0 1 0 0 0 1 1 1 
28 0 0 0 0 0 0 0 1 0 0 0 1 1 1 
29 0 0 0 0 0 0 0 1 0 0 0 1 0 0 
30 0 0 0 0 0 0 0 1 0 0 0 1 0 0 
31 1 1 0 1 0 1 0 0 0 0 0 0 0 0 
32 1 1 0 1 0 1 0 0 0 0 0 0 0 0 
33 1 0 0 0 0 1 0 0 0 0 0 0 0 0 
34 1 1 0 1 0 1 0 0 0 0 0 0 0 0 
35 0 0 0 0 0 0 0 0 0 0 0 0 0 0 
36 1 1 1 1 1 0 0 1 0 1 1 1 1 0 
37 0 1 1 1 0 0 0 1 0 1 1 1 1 1 
38 0 0 1 0 1 0 0 0 0 0 0 0 0 0 
39 0 1 0 1 0 0 0 1 0 1 1 0 0 0 
40 1 1 1 1 1 0 0 1 0 1 1 1 0 0 
41 0 0 0 1 1 0 0 0 0 0 0 0 0 0 
42 0 0 0 0 0 0 0 0 0 0 0 0 0 0 
43 0 0 0 0 0 0 0 1 0 0 0 1 0 0 
44 0 0 0 0 0 0 0 0 0 1 0 0 1 0 
45 1 1 1 1 1 0 0 1 0 1 1 1 0 0 
46 1 1 0 1 0 1 1 0 0 0 0 0 0 0 
47 1 1 1 1 1 0 1 0 0 0 0 0 0 0 
48 0 0 0 0 0 0 0 0 0 0 0 0 0 0 
49 1 1 0 1 0 0 1 1 1 1 1 0 0 1 
50 1 1 1 1 0 1 1 1 1 0 0 1 0 1 
51 1 1 1 1 0 1 1 1 1 0 0 1 0 1 
52 0 0 0 0 0 0 0 1 1 0 0 0 0 1 
53 0 0 0 0 0 0 0 1 1 0 0 1 0 1 
54 0 0 0 0 0 0 0 1 1 0 0 0 0 1 
55 0 0 1 1 1 1 1 1 1 0 0 1 0 1 
56 0 0 1 1 1 0 0 0 0 0 0 0 0 0 
57 0 0 1 1 1 0 0 0 0 0 0 0 0 0 
58 0 0 0 1 0 0 1 0 0 0 0 0 0 0 
59 0 0 0 1 1 0 1 0 0 0 0 0 0 0 

query feasibility y on node k:

1    2    3    4    5    6    7    8    9    10    11    12    13    14    
1 0 0 0 0 0 0 0 1 1 0 0 0 0 1 
2 0 0 0 1 0 1 0 0 0 0 0 0 0 0 
3 0 0 0 0 0 0 0 1 0 0 0 1 0 0 
4 0 0 0 1 1 0 0 0 0 0 0 0 0 0 
5 0 1 1 1 0 0 0 0 0 0 0 0 0 0 
6 0 0 0 0 0 0 0 0 1 0 0 0 0 1 
7 0 0 1 1 0 0 0 0 0 0 0 0 0 0 
8 0 1 0 1 0 0 0 0 0 0 0 0 0 0 
9 1 1 0 1 0 0 0 0 0 0 0 0 0 0 
10 0 0 0 0 0 0 0 1 0 0 0 1 0 0 
11 1 0 0 0 0 1 0 0 0 0 0 0 0 0 
12 0 0 0 1 1 0 0 0 0 0 0 0 0 0 
13 0 0 0 0 0 0 0 0 0 1 0 0 1 0 
14 0 0 0 0 0 1 1 0 0 0 0 0 0 0 
15 0 0 1 1 0 0 1 0 0 0 0 0 0 0 
16 0 0 0 1 0 1 0 0 0 0 0 0 0 0 
18 0 1 0 1 0 0 0 1 0 1 1 0 0 0 
19 0 0 0 1 0 0 1 0 0 0 0 0 0 0 
21 0 0 1 0 1 0 0 0 0 0 0 0 0 0 
22 0 0 0 0 0 0 0 1 0 0 0 1 1 1 

workload distribution ohne node failure:

1    2    3    4    5    6    7    8    9    10    11    12    13    14    
1 0.00000000 0.00000000 0.00000000 0.00000000 0.00000000 0.00000000 0.00000000 0.15702796 0.33703562 0.00000000 0.00000000 0.00000000 0.00000000 0.50593642 
2 0.00000000 0.00000000 0.00000000 0.00000000 0.00000000 1.00000000 0.00000000 0.00000000 0.00000000 0.00000000 0.00000000 0.00000000 0.00000000 0.00000000 
3 0.00000000 0.00000000 0.00000000 0.00000000 0.00000000 0.00000000 0.00000000 0.00000000 0.00000000 0.00000000 0.00000000 1.00000000 0.00000000 0.00000000 
4 0.00000000 0.00000000 0.00000000 0.00000000 1.00000000 0.00000000 0.00000000 0.00000000 0.00000000 0.00000000 0.00000000 0.00000000 0.00000000 0.00000000 
5 0.00000000 0.00000000 0.35439560 0.64560440 0.00000000 0.00000000 0.00000000 0.00000000 0.00000000 0.00000000 0.00000000 0.00000000 0.00000000 0.00000000 
6 0.00000000 0.00000000 0.00000000 0.00000000 0.00000000 0.00000000 0.00000000 0.00000000 1.00000000 0.00000000 0.00000000 0.00000000 0.00000000 0.00000000 
7 0.00000000 0.00000000 1.00000000 0.00000000 0.00000000 0.00000000 0.00000000 0.00000000 0.00000000 0.00000000 0.00000000 0.00000000 0.00000000 0.00000000 
8 0.00000000 0.00000000 0.00000000 1.00000000 0.00000000 0.00000000 0.00000000 0.00000000 0.00000000 0.00000000 0.00000000 0.00000000 0.00000000 0.00000000 
9 0.50375940 0.49624060 0.00000000 0.00000000 0.00000000 0.00000000 0.00000000 0.00000000 0.00000000 0.00000000 0.00000000 0.00000000 0.00000000 0.00000000 
10 0.00000000 0.00000000 0.00000000 0.00000000 0.00000000 0.00000000 0.00000000 0.08290816 0.00000000 0.00000000 0.00000000 0.91709184 0.00000000 0.00000000 
11 1.00000000 0.00000000 0.00000000 0.00000000 0.00000000 0.00000000 0.00000000 0.00000000 0.00000000 0.00000000 0.00000000 0.00000000 0.00000000 0.00000000 
12 0.00000000 0.00000000 0.00000000 0.00000000 1.00000000 0.00000000 0.00000000 0.00000000 0.00000000 0.00000000 0.00000000 0.00000000 0.00000000 0.00000000 
13 0.00000000 0.00000000 0.00000000 0.00000000 0.00000000 0.00000000 0.00000000 0.00000000 0.00000000 0.41641337 0.00000000 0.00000000 0.58358663 0.00000000 
14 0.00000000 0.00000000 0.00000000 0.00000000 0.00000000 1.00000000 0.00000000 0.00000000 0.00000000 0.00000000 0.00000000 0.00000000 0.00000000 0.00000000 
15 0.00000000 0.00000000 0.00000000 0.28467909 0.00000000 0.00000000 0.71532091 0.00000000 0.00000000 0.00000000 0.00000000 0.00000000 0.00000000 0.00000000 
16 0.00000000 0.00000000 0.00000000 0.61862245 0.00000000 0.38137755 0.00000000 0.00000000 0.00000000 0.00000000 0.00000000 0.00000000 0.00000000 0.00000000 
18 0.00000000 0.05898044 0.00000000 0.06965027 0.00000000 0.00000000 0.00000000 0.25074096 0.00000000 0.22910492 0.39152341 0.00000000 0.00000000 0.00000000 
19 0.00000000 0.00000000 0.00000000 0.00000000 0.00000000 0.00000000 1.00000000 0.00000000 0.00000000 0.00000000 0.00000000 0.00000000 0.00000000 0.00000000 
21 0.00000000 0.00000000 0.64741641 0.00000000 0.35258359 0.00000000 0.00000000 0.00000000 0.00000000 0.00000000 0.00000000 0.00000000 0.00000000 0.00000000 
22 0.00000000 0.00000000 0.00000000 0.00000000 0.00000000 0.00000000 0.00000000 0.00000000 0.00000000 0.00000000 0.00000000 0.00000000 1.00000000 0.00000000 

workload distribution if node 1 fails:

2    3    4    5    6    7    8    9    10    11    12    13    14    
1 0.00000000 0.00000000 0.00000000 0.00000000 0.00000000 0.00000000 0.15702796 0.33703562 0.00000000 0.00000000 0.00000000 0.00000000 0.50593642 
2 0.00000000 0.00000000 0.00000000 0.00000000 1.00000000 0.00000000 0.00000000 0.00000000 0.00000000 0.00000000 0.00000000 0.00000000 0.00000000 
3 0.00000000 0.00000000 0.00000000 0.00000000 0.00000000 0.00000000 0.00000000 0.00000000 0.00000000 0.00000000 1.00000000 0.00000000 0.00000000 
4 0.00000000 0.00000000 0.00000000 1.00000000 0.00000000 0.00000000 0.00000000 0.00000000 0.00000000 0.00000000 0.00000000 0.00000000 0.00000000 
5 0.00000000 0.18589744 0.81410256 0.00000000 0.00000000 0.00000000 0.00000000 0.00000000 0.00000000 0.00000000 0.00000000 0.00000000 0.00000000 
6 0.00000000 0.00000000 0.00000000 0.00000000 0.00000000 0.00000000 0.00000000 1.00000000 0.00000000 0.00000000 0.00000000 0.00000000 0.00000000 
7 0.00000000 1.00000000 0.00000000 0.00000000 0.00000000 0.00000000 0.00000000 0.00000000 0.00000000 0.00000000 0.00000000 0.00000000 0.00000000 
8 0.00000000 0.00000000 1.00000000 0.00000000 0.00000000 0.00000000 0.00000000 0.00000000 0.00000000 0.00000000 0.00000000 0.00000000 0.00000000 
9 0.68163055 0.00000000 0.31836945 0.00000000 0.00000000 0.00000000 0.00000000 0.00000000 0.00000000 0.00000000 0.00000000 0.00000000 0.00000000 
10 0.00000000 0.00000000 0.00000000 0.00000000 0.00000000 0.00000000 0.08290816 0.00000000 0.00000000 0.00000000 0.91709184 0.00000000 0.00000000 
11 0.00000000 0.00000000 0.00000000 0.00000000 1.00000000 0.00000000 0.00000000 0.00000000 0.00000000 0.00000000 0.00000000 0.00000000 0.00000000 
12 0.00000000 0.00000000 0.00000000 1.00000000 0.00000000 0.00000000 0.00000000 0.00000000 0.00000000 0.00000000 0.00000000 0.00000000 0.00000000 
13 0.00000000 0.00000000 0.00000000 0.00000000 0.00000000 0.00000000 0.00000000 0.00000000 0.41641337 0.00000000 0.00000000 0.58358663 0.00000000 
14 0.00000000 0.00000000 0.00000000 0.00000000 0.10093897 0.89906103 0.00000000 0.00000000 0.00000000 0.00000000 0.00000000 0.00000000 0.00000000 
15 0.00000000 0.51932367 0.00000000 0.00000000 0.00000000 0.48067633 0.00000000 0.00000000 0.00000000 0.00000000 0.00000000 0.00000000 0.00000000 
16 0.00000000 0.00000000 0.00000000 0.00000000 1.00000000 0.00000000 0.00000000 0.00000000 0.00000000 0.00000000 0.00000000 0.00000000 0.00000000 
18 0.00000000 0.00000000 0.12863071 0.00000000 0.00000000 0.00000000 0.25074096 0.00000000 0.22910492 0.39152341 0.00000000 0.00000000 0.00000000 
19 0.00000000 0.00000000 0.00000000 0.00000000 0.00000000 1.00000000 0.00000000 0.00000000 0.00000000 0.00000000 0.00000000 0.00000000 0.00000000 
21 0.00000000 0.42434988 0.00000000 0.57565012 0.00000000 0.00000000 0.00000000 0.00000000 0.00000000 0.00000000 0.00000000 0.00000000 0.00000000 
22 0.00000000 0.00000000 0.00000000 0.00000000 0.00000000 0.00000000 0.00000000 0.00000000 0.00000000 0.00000000 0.00000000 1.00000000 0.00000000 

workload distribution if node 2 fails:

1    3    4    5    6    7    8    9    10    11    12    13    14    
1 0.00000000 0.00000000 0.00000000 0.00000000 0.00000000 0.00000000 0.15702796 0.33703562 0.00000000 0.00000000 0.00000000 0.00000000 0.50593642 
2 0.00000000 0.00000000 0.56444444 0.00000000 0.43555556 0.00000000 0.00000000 0.00000000 0.00000000 0.00000000 0.00000000 0.00000000 0.00000000 
3 0.00000000 0.00000000 0.00000000 0.00000000 0.00000000 0.00000000 0.00000000 0.00000000 0.00000000 0.00000000 1.00000000 0.00000000 0.00000000 
4 0.00000000 0.00000000 0.00000000 1.00000000 0.00000000 0.00000000 0.00000000 0.00000000 0.00000000 0.00000000 0.00000000 0.00000000 0.00000000 
5 0.00000000 1.00000000 0.00000000 0.00000000 0.00000000 0.00000000 0.00000000 0.00000000 0.00000000 0.00000000 0.00000000 0.00000000 0.00000000 
6 0.00000000 0.00000000 0.00000000 0.00000000 0.00000000 0.00000000 0.00000000 1.00000000 0.00000000 0.00000000 0.00000000 0.00000000 0.00000000 
7 0.00000000 1.00000000 0.00000000 0.00000000 0.00000000 0.00000000 0.00000000 0.00000000 0.00000000 0.00000000 0.00000000 0.00000000 0.00000000 
8 0.00000000 0.00000000 1.00000000 0.00000000 0.00000000 0.00000000 0.00000000 0.00000000 0.00000000 0.00000000 0.00000000 0.00000000 0.00000000 
9 0.68163055 0.00000000 0.31836945 0.00000000 0.00000000 0.00000000 0.00000000 0.00000000 0.00000000 0.00000000 0.00000000 0.00000000 0.00000000 
10 0.00000000 0.00000000 0.00000000 0.00000000 0.00000000 0.00000000 0.08290816 0.00000000 0.00000000 0.00000000 0.91709184 0.00000000 0.00000000 
11 0.00000000 0.00000000 0.00000000 0.00000000 1.00000000 0.00000000 0.00000000 0.00000000 0.00000000 0.00000000 0.00000000 0.00000000 0.00000000 
12 0.00000000 0.00000000 0.00000000 1.00000000 0.00000000 0.00000000 0.00000000 0.00000000 0.00000000 0.00000000 0.00000000 0.00000000 0.00000000 
13 0.00000000 0.00000000 0.00000000 0.00000000 0.00000000 0.00000000 0.00000000 0.00000000 0.41641337 0.00000000 0.00000000 0.58358663 0.00000000 
14 0.00000000 0.00000000 0.00000000 0.00000000 0.69718310 0.30281690 0.00000000 0.00000000 0.00000000 0.00000000 0.00000000 0.00000000 0.00000000 
15 0.00000000 0.21256039 0.00000000 0.00000000 0.00000000 0.78743961 0.00000000 0.00000000 0.00000000 0.00000000 0.00000000 0.00000000 0.00000000 
16 0.00000000 0.00000000 0.00000000 0.00000000 1.00000000 0.00000000 0.00000000 0.00000000 0.00000000 0.00000000 0.00000000 0.00000000 0.00000000 
18 0.00000000 0.00000000 0.12863071 0.00000000 0.00000000 0.00000000 0.25074096 0.00000000 0.22910492 0.39152341 0.00000000 0.00000000 0.00000000 
19 0.00000000 0.00000000 0.00000000 0.00000000 0.00000000 1.00000000 0.00000000 0.00000000 0.00000000 0.00000000 0.00000000 0.00000000 0.00000000 
21 0.00000000 0.42434988 0.00000000 0.57565012 0.00000000 0.00000000 0.00000000 0.00000000 0.00000000 0.00000000 0.00000000 0.00000000 0.00000000 
22 0.00000000 0.00000000 0.00000000 0.00000000 0.00000000 0.00000000 0.00000000 0.00000000 0.00000000 0.00000000 0.00000000 1.00000000 0.00000000 

workload distribution if node 3 fails:

1    2    4    5    6    7    8    9    10    11    12    13    14    
1 0.00000000 0.00000000 0.00000000 0.00000000 0.00000000 0.00000000 0.15702796 0.33703562 0.00000000 0.00000000 0.00000000 0.00000000 0.50593642 
2 0.00000000 0.00000000 0.85111111 0.00000000 0.14888889 0.00000000 0.00000000 0.00000000 0.00000000 0.00000000 0.00000000 0.00000000 0.00000000 
3 0.00000000 0.00000000 0.00000000 0.00000000 0.00000000 0.00000000 0.00000000 0.00000000 0.00000000 0.00000000 1.00000000 0.00000000 0.00000000 
4 0.00000000 0.00000000 1.00000000 0.00000000 0.00000000 0.00000000 0.00000000 0.00000000 0.00000000 0.00000000 0.00000000 0.00000000 0.00000000 
5 0.00000000 0.81410256 0.18589744 0.00000000 0.00000000 0.00000000 0.00000000 0.00000000 0.00000000 0.00000000 0.00000000 0.00000000 0.00000000 
6 0.00000000 0.00000000 0.00000000 0.00000000 0.00000000 0.00000000 0.00000000 1.00000000 0.00000000 0.00000000 0.00000000 0.00000000 0.00000000 
7 0.00000000 0.00000000 1.00000000 0.00000000 0.00000000 0.00000000 0.00000000 0.00000000 0.00000000 0.00000000 0.00000000 0.00000000 0.00000000 
8 0.00000000 1.00000000 0.00000000 0.00000000 0.00000000 0.00000000 0.00000000 0.00000000 0.00000000 0.00000000 0.00000000 0.00000000 0.00000000 
9 0.68163055 0.31836945 0.00000000 0.00000000 0.00000000 0.00000000 0.00000000 0.00000000 0.00000000 0.00000000 0.00000000 0.00000000 0.00000000 
10 0.00000000 0.00000000 0.00000000 0.00000000 0.00000000 0.00000000 0.08290816 0.00000000 0.00000000 0.00000000 0.91709184 0.00000000 0.00000000 
11 0.00000000 0.00000000 0.00000000 0.00000000 1.00000000 0.00000000 0.00000000 0.00000000 0.00000000 0.00000000 0.00000000 0.00000000 0.00000000 
12 0.00000000 0.00000000 0.15780142 0.84219858 0.00000000 0.00000000 0.00000000 0.00000000 0.00000000 0.00000000 0.00000000 0.00000000 0.00000000 
13 0.00000000 0.00000000 0.00000000 0.00000000 0.00000000 0.00000000 0.00000000 0.00000000 0.41641337 0.00000000 0.00000000 0.58358663 0.00000000 
14 0.00000000 0.00000000 0.00000000 0.00000000 1.00000000 0.00000000 0.00000000 0.00000000 0.00000000 0.00000000 0.00000000 0.00000000 0.00000000 
15 0.00000000 0.00000000 0.05676329 0.00000000 0.00000000 0.94323671 0.00000000 0.00000000 0.00000000 0.00000000 0.00000000 0.00000000 0.00000000 
16 0.00000000 0.00000000 0.00000000 0.00000000 1.00000000 0.00000000 0.00000000 0.00000000 0.00000000 0.00000000 0.00000000 0.00000000 0.00000000 
18 0.00000000 0.12863071 0.00000000 0.00000000 0.00000000 0.00000000 0.25074096 0.00000000 0.22910492 0.39152341 0.00000000 0.00000000 0.00000000 
19 0.00000000 0.00000000 0.00000000 0.00000000 0.00000000 1.00000000 0.00000000 0.00000000 0.00000000 0.00000000 0.00000000 0.00000000 0.00000000 
21 0.00000000 0.00000000 0.00000000 1.00000000 0.00000000 0.00000000 0.00000000 0.00000000 0.00000000 0.00000000 0.00000000 0.00000000 0.00000000 
22 0.00000000 0.00000000 0.00000000 0.00000000 0.00000000 0.00000000 0.00000000 0.00000000 0.00000000 0.00000000 0.00000000 1.00000000 0.00000000 

workload distribution if node 4 fails:

1    2    3    5    6    7    8    9    10    11    12    13    14    
1 0.00000000 0.00000000 0.00000000 0.00000000 0.00000000 0.00000000 0.15702796 0.33703562 0.00000000 0.00000000 0.00000000 0.00000000 0.50593642 
2 0.00000000 0.00000000 0.00000000 0.00000000 1.00000000 0.00000000 0.00000000 0.00000000 0.00000000 0.00000000 0.00000000 0.00000000 0.00000000 
3 0.00000000 0.00000000 0.00000000 0.00000000 0.00000000 0.00000000 0.00000000 0.00000000 0.00000000 0.00000000 1.00000000 0.00000000 0.00000000 
4 0.00000000 0.00000000 0.00000000 1.00000000 0.00000000 0.00000000 0.00000000 0.00000000 0.00000000 0.00000000 0.00000000 0.00000000 0.00000000 
5 0.00000000 0.31410256 0.68589744 0.00000000 0.00000000 0.00000000 0.00000000 0.00000000 0.00000000 0.00000000 0.00000000 0.00000000 0.00000000 
6 0.00000000 0.00000000 0.00000000 0.00000000 0.00000000 0.00000000 0.00000000 1.00000000 0.00000000 0.00000000 0.00000000 0.00000000 0.00000000 
7 0.00000000 0.00000000 1.00000000 0.00000000 0.00000000 0.00000000 0.00000000 0.00000000 0.00000000 0.00000000 0.00000000 0.00000000 0.00000000 
8 0.00000000 1.00000000 0.00000000 0.00000000 0.00000000 0.00000000 0.00000000 0.00000000 0.00000000 0.00000000 0.00000000 0.00000000 0.00000000 
9 0.60113519 0.39886481 0.00000000 0.00000000 0.00000000 0.00000000 0.00000000 0.00000000 0.00000000 0.00000000 0.00000000 0.00000000 0.00000000 
10 0.00000000 0.00000000 0.00000000 0.00000000 0.00000000 0.00000000 0.08290816 0.00000000 0.00000000 0.00000000 0.91709184 0.00000000 0.00000000 
11 1.00000000 0.00000000 0.00000000 0.00000000 0.00000000 0.00000000 0.00000000 0.00000000 0.00000000 0.00000000 0.00000000 0.00000000 0.00000000 
12 0.00000000 0.00000000 0.00000000 1.00000000 0.00000000 0.00000000 0.00000000 0.00000000 0.00000000 0.00000000 0.00000000 0.00000000 0.00000000 
13 0.00000000 0.00000000 0.00000000 0.00000000 0.00000000 0.00000000 0.00000000 0.00000000 0.41641337 0.00000000 0.00000000 0.58358663 0.00000000 
14 0.00000000 0.00000000 0.00000000 0.00000000 0.46713615 0.53286385 0.00000000 0.00000000 0.00000000 0.00000000 0.00000000 0.00000000 0.00000000 
15 0.00000000 0.00000000 0.33091787 0.00000000 0.00000000 0.66908213 0.00000000 0.00000000 0.00000000 0.00000000 0.00000000 0.00000000 0.00000000 
16 0.00000000 0.00000000 0.00000000 0.00000000 1.00000000 0.00000000 0.00000000 0.00000000 0.00000000 0.00000000 0.00000000 0.00000000 0.00000000 
18 0.00000000 0.12863071 0.00000000 0.00000000 0.00000000 0.00000000 0.25074096 0.00000000 0.22910492 0.39152341 0.00000000 0.00000000 0.00000000 
19 0.00000000 0.00000000 0.00000000 0.00000000 0.00000000 1.00000000 0.00000000 0.00000000 0.00000000 0.00000000 0.00000000 0.00000000 0.00000000 
21 0.00000000 0.00000000 0.42434988 0.57565012 0.00000000 0.00000000 0.00000000 0.00000000 0.00000000 0.00000000 0.00000000 0.00000000 0.00000000 
22 0.00000000 0.00000000 0.00000000 0.00000000 0.00000000 0.00000000 0.00000000 0.00000000 0.00000000 0.00000000 0.00000000 1.00000000 0.00000000 

workload distribution if node 5 fails:

1    2    3    4    6    7    8    9    10    11    12    13    14    
1 0.00000000 0.00000000 0.00000000 0.00000000 0.00000000 0.00000000 0.15702796 0.33703562 0.00000000 0.00000000 0.00000000 0.00000000 0.50593642 
2 0.00000000 0.00000000 0.00000000 0.00000000 1.00000000 0.00000000 0.00000000 0.00000000 0.00000000 0.00000000 0.00000000 0.00000000 0.00000000 
3 0.00000000 0.00000000 0.00000000 0.00000000 0.00000000 0.00000000 0.00000000 0.00000000 0.00000000 0.00000000 1.00000000 0.00000000 0.00000000 
4 0.00000000 0.00000000 0.00000000 1.00000000 0.00000000 0.00000000 0.00000000 0.00000000 0.00000000 0.00000000 0.00000000 0.00000000 0.00000000 
5 0.00000000 0.31410256 0.00000000 0.68589744 0.00000000 0.00000000 0.00000000 0.00000000 0.00000000 0.00000000 0.00000000 0.00000000 0.00000000 
6 0.00000000 0.00000000 0.00000000 0.00000000 0.00000000 0.00000000 0.00000000 1.00000000 0.00000000 0.00000000 0.00000000 0.00000000 0.00000000 
7 0.00000000 0.00000000 1.00000000 0.00000000 0.00000000 0.00000000 0.00000000 0.00000000 0.00000000 0.00000000 0.00000000 0.00000000 0.00000000 
8 0.00000000 1.00000000 0.00000000 0.00000000 0.00000000 0.00000000 0.00000000 0.00000000 0.00000000 0.00000000 0.00000000 0.00000000 0.00000000 
9 0.60113519 0.39886481 0.00000000 0.00000000 0.00000000 0.00000000 0.00000000 0.00000000 0.00000000 0.00000000 0.00000000 0.00000000 0.00000000 
10 0.00000000 0.00000000 0.00000000 0.00000000 0.00000000 0.00000000 0.08290816 0.00000000 0.00000000 0.00000000 0.91709184 0.00000000 0.00000000 
11 1.00000000 0.00000000 0.00000000 0.00000000 0.00000000 0.00000000 0.00000000 0.00000000 0.00000000 0.00000000 0.00000000 0.00000000 0.00000000 
12 0.00000000 0.00000000 0.00000000 1.00000000 0.00000000 0.00000000 0.00000000 0.00000000 0.00000000 0.00000000 0.00000000 0.00000000 0.00000000 
13 0.00000000 0.00000000 0.00000000 0.00000000 0.00000000 0.00000000 0.00000000 0.00000000 0.41641337 0.00000000 0.00000000 0.58358663 0.00000000 
14 0.00000000 0.00000000 0.00000000 0.00000000 0.46713615 0.53286385 0.00000000 0.00000000 0.00000000 0.00000000 0.00000000 0.00000000 0.00000000 
15 0.00000000 0.00000000 0.00120773 0.32971014 0.00000000 0.66908213 0.00000000 0.00000000 0.00000000 0.00000000 0.00000000 0.00000000 0.00000000 
16 0.00000000 0.00000000 0.00000000 0.00000000 1.00000000 0.00000000 0.00000000 0.00000000 0.00000000 0.00000000 0.00000000 0.00000000 0.00000000 
18 0.00000000 0.12863071 0.00000000 0.00000000 0.00000000 0.00000000 0.25074096 0.00000000 0.22910492 0.39152341 0.00000000 0.00000000 0.00000000 
19 0.00000000 0.00000000 0.00000000 0.00000000 0.00000000 1.00000000 0.00000000 0.00000000 0.00000000 0.00000000 0.00000000 0.00000000 0.00000000 
21 0.00000000 0.00000000 1.00000000 0.00000000 0.00000000 0.00000000 0.00000000 0.00000000 0.00000000 0.00000000 0.00000000 0.00000000 0.00000000 
22 0.00000000 0.00000000 0.00000000 0.00000000 0.00000000 0.00000000 0.00000000 0.00000000 0.00000000 0.00000000 0.00000000 1.00000000 0.00000000 

workload distribution if node 6 fails:

1    2    3    4    5    7    8    9    10    11    12    13    14    
1 0.00000000 0.00000000 0.00000000 0.00000000 0.00000000 0.00000000 0.15702796 0.33703562 0.00000000 0.00000000 0.00000000 0.00000000 0.50593642 
2 0.00000000 0.00000000 0.00000000 1.00000000 0.00000000 0.00000000 0.00000000 0.00000000 0.00000000 0.00000000 0.00000000 0.00000000 0.00000000 
3 0.00000000 0.00000000 0.00000000 0.00000000 0.00000000 0.00000000 0.00000000 0.00000000 0.00000000 0.00000000 1.00000000 0.00000000 0.00000000 
4 0.00000000 0.00000000 0.00000000 0.00000000 1.00000000 0.00000000 0.00000000 0.00000000 0.00000000 0.00000000 0.00000000 0.00000000 0.00000000 
5 0.00000000 0.95192308 0.04807692 0.00000000 0.00000000 0.00000000 0.00000000 0.00000000 0.00000000 0.00000000 0.00000000 0.00000000 0.00000000 
6 0.00000000 0.00000000 0.00000000 0.00000000 0.00000000 0.00000000 0.00000000 1.00000000 0.00000000 0.00000000 0.00000000 0.00000000 0.00000000 
7 0.00000000 0.00000000 1.00000000 0.00000000 0.00000000 0.00000000 0.00000000 0.00000000 0.00000000 0.00000000 0.00000000 0.00000000 0.00000000 
8 0.00000000 1.00000000 0.00000000 0.00000000 0.00000000 0.00000000 0.00000000 0.00000000 0.00000000 0.00000000 0.00000000 0.00000000 0.00000000 
9 0.60113519 0.39886481 0.00000000 0.00000000 0.00000000 0.00000000 0.00000000 0.00000000 0.00000000 0.00000000 0.00000000 0.00000000 0.00000000 
10 0.00000000 0.00000000 0.00000000 0.00000000 0.00000000 0.00000000 0.08290816 0.00000000 0.00000000 0.00000000 0.91709184 0.00000000 0.00000000 
11 1.00000000 0.00000000 0.00000000 0.00000000 0.00000000 0.00000000 0.00000000 0.00000000 0.00000000 0.00000000 0.00000000 0.00000000 0.00000000 
12 0.00000000 0.00000000 0.00000000 0.00000000 1.00000000 0.00000000 0.00000000 0.00000000 0.00000000 0.00000000 0.00000000 0.00000000 0.00000000 
13 0.00000000 0.00000000 0.00000000 0.00000000 0.00000000 0.00000000 0.00000000 0.00000000 0.41641337 0.00000000 0.00000000 0.58358663 0.00000000 
14 0.00000000 0.00000000 0.00000000 0.00000000 0.00000000 1.00000000 0.00000000 0.00000000 0.00000000 0.00000000 0.00000000 0.00000000 0.00000000 
15 0.00000000 0.00000000 0.57125604 0.00000000 0.00000000 0.42874396 0.00000000 0.00000000 0.00000000 0.00000000 0.00000000 0.00000000 0.00000000 
16 0.00000000 0.00000000 0.00000000 1.00000000 0.00000000 0.00000000 0.00000000 0.00000000 0.00000000 0.00000000 0.00000000 0.00000000 0.00000000 
18 0.00000000 0.05982019 0.00000000 0.06881051 0.00000000 0.00000000 0.25074096 0.00000000 0.22910492 0.39152341 0.00000000 0.00000000 0.00000000 
19 0.00000000 0.00000000 0.00000000 0.00000000 0.00000000 1.00000000 0.00000000 0.00000000 0.00000000 0.00000000 0.00000000 0.00000000 0.00000000 
21 0.00000000 0.00000000 0.42434988 0.00000000 0.57565012 0.00000000 0.00000000 0.00000000 0.00000000 0.00000000 0.00000000 0.00000000 0.00000000 
22 0.00000000 0.00000000 0.00000000 0.00000000 0.00000000 0.00000000 0.00000000 0.00000000 0.00000000 0.00000000 0.00000000 1.00000000 0.00000000 

workload distribution if node 7 fails:

1    2    3    4    5    6    8    9    10    11    12    13    14    
1 0.00000000 0.00000000 0.00000000 0.00000000 0.00000000 0.00000000 0.15702796 0.33703562 0.00000000 0.00000000 0.00000000 0.00000000 0.50593642 
2 0.00000000 0.00000000 0.00000000 0.00000000 0.00000000 1.00000000 0.00000000 0.00000000 0.00000000 0.00000000 0.00000000 0.00000000 0.00000000 
3 0.00000000 0.00000000 0.00000000 0.00000000 0.00000000 0.00000000 0.00000000 0.00000000 0.00000000 0.00000000 1.00000000 0.00000000 0.00000000 
4 0.00000000 0.00000000 0.00000000 0.00000000 1.00000000 0.00000000 0.00000000 0.00000000 0.00000000 0.00000000 0.00000000 0.00000000 0.00000000 
5 0.00000000 0.31410256 0.68589744 0.00000000 0.00000000 0.00000000 0.00000000 0.00000000 0.00000000 0.00000000 0.00000000 0.00000000 0.00000000 
6 0.00000000 0.00000000 0.00000000 0.00000000 0.00000000 0.00000000 0.00000000 1.00000000 0.00000000 0.00000000 0.00000000 0.00000000 0.00000000 
7 0.00000000 0.00000000 1.00000000 0.00000000 0.00000000 0.00000000 0.00000000 0.00000000 0.00000000 0.00000000 0.00000000 0.00000000 0.00000000 
8 0.00000000 1.00000000 0.00000000 0.00000000 0.00000000 0.00000000 0.00000000 0.00000000 0.00000000 0.00000000 0.00000000 0.00000000 0.00000000 
9 0.60113519 0.39886481 0.00000000 0.00000000 0.00000000 0.00000000 0.00000000 0.00000000 0.00000000 0.00000000 0.00000000 0.00000000 0.00000000 
10 0.00000000 0.00000000 0.00000000 0.00000000 0.00000000 0.00000000 0.08290816 0.00000000 0.00000000 0.00000000 0.91709184 0.00000000 0.00000000 
11 1.00000000 0.00000000 0.00000000 0.00000000 0.00000000 0.00000000 0.00000000 0.00000000 0.00000000 0.00000000 0.00000000 0.00000000 0.00000000 
12 0.00000000 0.00000000 0.00000000 0.00000000 1.00000000 0.00000000 0.00000000 0.00000000 0.00000000 0.00000000 0.00000000 0.00000000 0.00000000 
13 0.00000000 0.00000000 0.00000000 0.00000000 0.00000000 0.00000000 0.00000000 0.00000000 0.41641337 0.00000000 0.00000000 0.58358663 0.00000000 
14 0.00000000 0.00000000 0.00000000 0.00000000 0.00000000 1.00000000 0.00000000 0.00000000 0.00000000 0.00000000 0.00000000 0.00000000 0.00000000 
15 0.00000000 0.00000000 0.33091787 0.66908213 0.00000000 0.00000000 0.00000000 0.00000000 0.00000000 0.00000000 0.00000000 0.00000000 0.00000000 
16 0.00000000 0.00000000 0.00000000 0.33779762 0.00000000 0.66220238 0.00000000 0.00000000 0.00000000 0.00000000 0.00000000 0.00000000 0.00000000 
18 0.00000000 0.12863071 0.00000000 0.00000000 0.00000000 0.00000000 0.25074096 0.00000000 0.22910492 0.39152341 0.00000000 0.00000000 0.00000000 
19 0.00000000 0.00000000 0.00000000 1.00000000 0.00000000 0.00000000 0.00000000 0.00000000 0.00000000 0.00000000 0.00000000 0.00000000 0.00000000 
21 0.00000000 0.00000000 0.42434988 0.00000000 0.57565012 0.00000000 0.00000000 0.00000000 0.00000000 0.00000000 0.00000000 0.00000000 0.00000000 
22 0.00000000 0.00000000 0.00000000 0.00000000 0.00000000 0.00000000 0.00000000 0.00000000 0.00000000 0.00000000 0.00000000 1.00000000 0.00000000 

workload distribution if node 8 fails:

1    2    3    4    5    6    7    9    10    11    12    13    14    
1 0.00000000 0.00000000 0.00000000 0.00000000 0.00000000 0.00000000 0.00000000 0.59025916 0.00000000 0.00000000 0.00000000 0.00000000 0.40974084 
2 0.00000000 0.00000000 0.00000000 0.00000000 0.00000000 1.00000000 0.00000000 0.00000000 0.00000000 0.00000000 0.00000000 0.00000000 0.00000000 
3 0.00000000 0.00000000 0.00000000 0.00000000 0.00000000 0.00000000 0.00000000 0.00000000 0.00000000 0.00000000 1.00000000 0.00000000 0.00000000 
4 0.00000000 0.00000000 0.00000000 0.00000000 1.00000000 0.00000000 0.00000000 0.00000000 0.00000000 0.00000000 0.00000000 0.00000000 0.00000000 
5 0.00000000 0.00000000 0.35439560 0.64560440 0.00000000 0.00000000 0.00000000 0.00000000 0.00000000 0.00000000 0.00000000 0.00000000 0.00000000 
6 0.00000000 0.00000000 0.00000000 0.00000000 0.00000000 0.00000000 0.00000000 0.00000000 0.00000000 0.00000000 0.00000000 0.00000000 1.00000000 
7 0.00000000 0.00000000 1.00000000 0.00000000 0.00000000 0.00000000 0.00000000 0.00000000 0.00000000 0.00000000 0.00000000 0.00000000 0.00000000 
8 0.00000000 0.00000000 0.00000000 1.00000000 0.00000000 0.00000000 0.00000000 0.00000000 0.00000000 0.00000000 0.00000000 0.00000000 0.00000000 
9 0.50375940 0.49624060 0.00000000 0.00000000 0.00000000 0.00000000 0.00000000 0.00000000 0.00000000 0.00000000 0.00000000 0.00000000 0.00000000 
10 0.00000000 0.00000000 0.00000000 0.00000000 0.00000000 0.00000000 0.00000000 0.00000000 0.00000000 0.00000000 1.00000000 0.00000000 0.00000000 
11 1.00000000 0.00000000 0.00000000 0.00000000 0.00000000 0.00000000 0.00000000 0.00000000 0.00000000 0.00000000 0.00000000 0.00000000 0.00000000 
12 0.00000000 0.00000000 0.00000000 0.00000000 1.00000000 0.00000000 0.00000000 0.00000000 0.00000000 0.00000000 0.00000000 0.00000000 0.00000000 
13 0.00000000 0.00000000 0.00000000 0.00000000 0.00000000 0.00000000 0.00000000 0.00000000 0.10815603 0.00000000 0.00000000 0.89184397 0.00000000 
14 0.00000000 0.00000000 0.00000000 0.00000000 0.00000000 1.00000000 0.00000000 0.00000000 0.00000000 0.00000000 0.00000000 0.00000000 0.00000000 
15 0.00000000 0.00000000 0.00000000 0.28467909 0.00000000 0.00000000 0.71532091 0.00000000 0.00000000 0.00000000 0.00000000 0.00000000 0.00000000 
16 0.00000000 0.00000000 0.00000000 0.61862245 0.00000000 0.38137755 0.00000000 0.00000000 0.00000000 0.00000000 0.00000000 0.00000000 0.00000000 
18 0.00000000 0.05898044 0.00000000 0.06965027 0.00000000 0.00000000 0.00000000 0.00000000 0.41459198 0.45677732 0.00000000 0.00000000 0.00000000 
19 0.00000000 0.00000000 0.00000000 0.00000000 0.00000000 0.00000000 1.00000000 0.00000000 0.00000000 0.00000000 0.00000000 0.00000000 0.00000000 
21 0.00000000 0.00000000 0.64741641 0.00000000 0.35258359 0.00000000 0.00000000 0.00000000 0.00000000 0.00000000 0.00000000 0.00000000 0.00000000 
22 0.00000000 0.00000000 0.00000000 0.00000000 0.00000000 0.00000000 0.00000000 0.00000000 0.00000000 0.00000000 0.28059072 0.66455696 0.05485232 

workload distribution if node 9 fails:

1    2    3    4    5    6    7    8    10    11    12    13    14    
1 0.00000000 0.00000000 0.00000000 0.00000000 0.00000000 0.00000000 0.00000000 0.57864164 0.00000000 0.00000000 0.00000000 0.00000000 0.42135836 
2 0.00000000 0.00000000 0.00000000 0.00000000 0.00000000 1.00000000 0.00000000 0.00000000 0.00000000 0.00000000 0.00000000 0.00000000 0.00000000 
3 0.00000000 0.00000000 0.00000000 0.00000000 0.00000000 0.00000000 0.00000000 0.00000000 0.00000000 0.00000000 1.00000000 0.00000000 0.00000000 
4 0.00000000 0.00000000 0.00000000 0.00000000 1.00000000 0.00000000 0.00000000 0.00000000 0.00000000 0.00000000 0.00000000 0.00000000 0.00000000 
5 0.00000000 0.00000000 0.35439560 0.64560440 0.00000000 0.00000000 0.00000000 0.00000000 0.00000000 0.00000000 0.00000000 0.00000000 0.00000000 
6 0.00000000 0.00000000 0.00000000 0.00000000 0.00000000 0.00000000 0.00000000 0.00000000 0.00000000 0.00000000 0.00000000 0.00000000 1.00000000 
7 0.00000000 0.00000000 1.00000000 0.00000000 0.00000000 0.00000000 0.00000000 0.00000000 0.00000000 0.00000000 0.00000000 0.00000000 0.00000000 
8 0.00000000 0.00000000 0.00000000 1.00000000 0.00000000 0.00000000 0.00000000 0.00000000 0.00000000 0.00000000 0.00000000 0.00000000 0.00000000 
9 0.50375940 0.49624060 0.00000000 0.00000000 0.00000000 0.00000000 0.00000000 0.00000000 0.00000000 0.00000000 0.00000000 0.00000000 0.00000000 
10 0.00000000 0.00000000 0.00000000 0.00000000 0.00000000 0.00000000 0.00000000 0.00000000 0.00000000 0.00000000 1.00000000 0.00000000 0.00000000 
11 1.00000000 0.00000000 0.00000000 0.00000000 0.00000000 0.00000000 0.00000000 0.00000000 0.00000000 0.00000000 0.00000000 0.00000000 0.00000000 
12 0.00000000 0.00000000 0.00000000 0.00000000 1.00000000 0.00000000 0.00000000 0.00000000 0.00000000 0.00000000 0.00000000 0.00000000 0.00000000 
13 0.00000000 0.00000000 0.00000000 0.00000000 0.00000000 0.00000000 0.00000000 0.00000000 0.13120567 0.00000000 0.00000000 0.86879433 0.00000000 
14 0.00000000 0.00000000 0.00000000 0.00000000 0.00000000 1.00000000 0.00000000 0.00000000 0.00000000 0.00000000 0.00000000 0.00000000 0.00000000 
15 0.00000000 0.00000000 0.00000000 0.28467909 0.00000000 0.00000000 0.71532091 0.00000000 0.00000000 0.00000000 0.00000000 0.00000000 0.00000000 
16 0.00000000 0.00000000 0.00000000 0.61862245 0.00000000 0.38137755 0.00000000 0.00000000 0.00000000 0.00000000 0.00000000 0.00000000 0.00000000 
18 0.00000000 0.05898044 0.00000000 0.06965027 0.00000000 0.00000000 0.00000000 0.00899032 0.40560166 0.45677732 0.00000000 0.00000000 0.00000000 
19 0.00000000 0.00000000 0.00000000 0.00000000 0.00000000 0.00000000 1.00000000 0.00000000 0.00000000 0.00000000 0.00000000 0.00000000 0.00000000 
21 0.00000000 0.00000000 0.64741641 0.00000000 0.35258359 0.00000000 0.00000000 0.00000000 0.00000000 0.00000000 0.00000000 0.00000000 0.00000000 
22 0.00000000 0.00000000 0.00000000 0.00000000 0.00000000 0.00000000 0.00000000 0.00000000 0.00000000 0.00000000 0.28059072 0.71940928 0.00000000 

workload distribution if node 10 fails:

1    2    3    4    5    6    7    8    9    11    12    13    14    
1 0.00000000 0.00000000 0.00000000 0.00000000 0.00000000 0.00000000 0.00000000 0.00000000 0.59025916 0.00000000 0.00000000 0.00000000 0.40974084 
2 0.00000000 0.00000000 0.00000000 0.00000000 0.00000000 1.00000000 0.00000000 0.00000000 0.00000000 0.00000000 0.00000000 0.00000000 0.00000000 
3 0.00000000 0.00000000 0.00000000 0.00000000 0.00000000 0.00000000 0.00000000 0.00000000 0.00000000 0.00000000 1.00000000 0.00000000 0.00000000 
4 0.00000000 0.00000000 0.00000000 0.00000000 1.00000000 0.00000000 0.00000000 0.00000000 0.00000000 0.00000000 0.00000000 0.00000000 0.00000000 
5 0.00000000 0.00000000 0.35439560 0.64560440 0.00000000 0.00000000 0.00000000 0.00000000 0.00000000 0.00000000 0.00000000 0.00000000 0.00000000 
6 0.00000000 0.00000000 0.00000000 0.00000000 0.00000000 0.00000000 0.00000000 0.00000000 0.00000000 0.00000000 0.00000000 0.00000000 1.00000000 
7 0.00000000 0.00000000 1.00000000 0.00000000 0.00000000 0.00000000 0.00000000 0.00000000 0.00000000 0.00000000 0.00000000 0.00000000 0.00000000 
8 0.00000000 0.00000000 0.00000000 1.00000000 0.00000000 0.00000000 0.00000000 0.00000000 0.00000000 0.00000000 0.00000000 0.00000000 0.00000000 
9 0.50375940 0.49624060 0.00000000 0.00000000 0.00000000 0.00000000 0.00000000 0.00000000 0.00000000 0.00000000 0.00000000 0.00000000 0.00000000 
10 0.00000000 0.00000000 0.00000000 0.00000000 0.00000000 0.00000000 0.00000000 0.18154762 0.00000000 0.00000000 0.81845238 0.00000000 0.00000000 
11 1.00000000 0.00000000 0.00000000 0.00000000 0.00000000 0.00000000 0.00000000 0.00000000 0.00000000 0.00000000 0.00000000 0.00000000 0.00000000 
12 0.00000000 0.00000000 0.00000000 0.00000000 1.00000000 0.00000000 0.00000000 0.00000000 0.00000000 0.00000000 0.00000000 0.00000000 0.00000000 
13 0.00000000 0.00000000 0.00000000 0.00000000 0.00000000 0.00000000 0.00000000 0.00000000 0.00000000 0.00000000 0.00000000 1.00000000 0.00000000 
14 0.00000000 0.00000000 0.00000000 0.00000000 0.00000000 1.00000000 0.00000000 0.00000000 0.00000000 0.00000000 0.00000000 0.00000000 0.00000000 
15 0.00000000 0.00000000 0.00000000 0.28467909 0.00000000 0.00000000 0.71532091 0.00000000 0.00000000 0.00000000 0.00000000 0.00000000 0.00000000 
16 0.00000000 0.00000000 0.00000000 0.61862245 0.00000000 0.38137755 0.00000000 0.00000000 0.00000000 0.00000000 0.00000000 0.00000000 0.00000000 
18 0.00000000 0.05898044 0.00000000 0.06965027 0.00000000 0.00000000 0.00000000 0.41459198 0.00000000 0.45677732 0.00000000 0.00000000 0.00000000 
19 0.00000000 0.00000000 0.00000000 0.00000000 0.00000000 0.00000000 1.00000000 0.00000000 0.00000000 0.00000000 0.00000000 0.00000000 0.00000000 
21 0.00000000 0.00000000 0.64741641 0.00000000 0.35258359 0.00000000 0.00000000 0.00000000 0.00000000 0.00000000 0.00000000 0.00000000 0.00000000 
22 0.00000000 0.00000000 0.00000000 0.00000000 0.00000000 0.00000000 0.00000000 0.00000000 0.00000000 0.00000000 0.53797468 0.40717300 0.05485232 

workload distribution if node 11 fails:

1    2    3    4    5    6    7    8    9    10    12    13    14    
1 0.00000000 0.00000000 0.00000000 0.00000000 0.00000000 0.00000000 0.00000000 0.00000000 0.59025916 0.00000000 0.00000000 0.00000000 0.40974084 
2 0.00000000 0.00000000 0.00000000 0.00000000 0.00000000 1.00000000 0.00000000 0.00000000 0.00000000 0.00000000 0.00000000 0.00000000 0.00000000 
3 0.00000000 0.00000000 0.00000000 0.00000000 0.00000000 0.00000000 0.00000000 0.23643411 0.00000000 0.00000000 0.76356589 0.00000000 0.00000000 
4 0.00000000 0.00000000 0.00000000 0.00000000 1.00000000 0.00000000 0.00000000 0.00000000 0.00000000 0.00000000 0.00000000 0.00000000 0.00000000 
5 0.00000000 0.00000000 0.35439560 0.64560440 0.00000000 0.00000000 0.00000000 0.00000000 0.00000000 0.00000000 0.00000000 0.00000000 0.00000000 
6 0.00000000 0.00000000 0.00000000 0.00000000 0.00000000 0.00000000 0.00000000 0.00000000 0.00000000 0.00000000 0.00000000 0.00000000 1.00000000 
7 0.00000000 0.00000000 1.00000000 0.00000000 0.00000000 0.00000000 0.00000000 0.00000000 0.00000000 0.00000000 0.00000000 0.00000000 0.00000000 
8 0.00000000 0.00000000 0.00000000 1.00000000 0.00000000 0.00000000 0.00000000 0.00000000 0.00000000 0.00000000 0.00000000 0.00000000 0.00000000 
9 0.50375940 0.49624060 0.00000000 0.00000000 0.00000000 0.00000000 0.00000000 0.00000000 0.00000000 0.00000000 0.00000000 0.00000000 0.00000000 
10 0.00000000 0.00000000 0.00000000 0.00000000 0.00000000 0.00000000 0.00000000 0.00000000 0.00000000 0.00000000 1.00000000 0.00000000 0.00000000 
11 1.00000000 0.00000000 0.00000000 0.00000000 0.00000000 0.00000000 0.00000000 0.00000000 0.00000000 0.00000000 0.00000000 0.00000000 0.00000000 
12 0.00000000 0.00000000 0.00000000 0.00000000 1.00000000 0.00000000 0.00000000 0.00000000 0.00000000 0.00000000 0.00000000 0.00000000 0.00000000 
13 0.00000000 0.00000000 0.00000000 0.00000000 0.00000000 0.00000000 0.00000000 0.00000000 0.00000000 0.00000000 0.00000000 1.00000000 0.00000000 
14 0.00000000 0.00000000 0.00000000 0.00000000 0.00000000 1.00000000 0.00000000 0.00000000 0.00000000 0.00000000 0.00000000 0.00000000 0.00000000 
15 0.00000000 0.00000000 0.00000000 0.28467909 0.00000000 0.00000000 0.71532091 0.00000000 0.00000000 0.00000000 0.00000000 0.00000000 0.00000000 
16 0.00000000 0.00000000 0.00000000 0.61862245 0.00000000 0.38137755 0.00000000 0.00000000 0.00000000 0.00000000 0.00000000 0.00000000 0.00000000 
18 0.00000000 0.05898044 0.00000000 0.06965027 0.00000000 0.00000000 0.00000000 0.41459198 0.00000000 0.45677732 0.00000000 0.00000000 0.00000000 
19 0.00000000 0.00000000 0.00000000 0.00000000 0.00000000 0.00000000 1.00000000 0.00000000 0.00000000 0.00000000 0.00000000 0.00000000 0.00000000 
21 0.00000000 0.00000000 0.64741641 0.00000000 0.35258359 0.00000000 0.00000000 0.00000000 0.00000000 0.00000000 0.00000000 0.00000000 0.00000000 
22 0.00000000 0.00000000 0.00000000 0.00000000 0.00000000 0.00000000 0.00000000 0.00000000 0.00000000 0.00000000 0.53797468 0.40717300 0.05485232 

workload distribution if node 12 fails:

1    2    3    4    5    6    7    8    9    10    11    13    14    
1 0.00000000 0.00000000 0.00000000 0.00000000 0.00000000 0.00000000 0.00000000 0.00000000 0.59025916 0.00000000 0.00000000 0.00000000 0.40974084 
2 0.00000000 0.00000000 0.00000000 0.00000000 0.00000000 1.00000000 0.00000000 0.00000000 0.00000000 0.00000000 0.00000000 0.00000000 0.00000000 
3 0.00000000 0.00000000 0.00000000 0.00000000 0.00000000 0.00000000 0.00000000 1.00000000 0.00000000 0.00000000 0.00000000 0.00000000 0.00000000 
4 0.00000000 0.00000000 0.00000000 0.00000000 1.00000000 0.00000000 0.00000000 0.00000000 0.00000000 0.00000000 0.00000000 0.00000000 0.00000000 
5 0.00000000 0.00000000 0.35439560 0.64560440 0.00000000 0.00000000 0.00000000 0.00000000 0.00000000 0.00000000 0.00000000 0.00000000 0.00000000 
6 0.00000000 0.00000000 0.00000000 0.00000000 0.00000000 0.00000000 0.00000000 0.00000000 0.00000000 0.00000000 0.00000000 0.00000000 1.00000000 
7 0.00000000 0.00000000 1.00000000 0.00000000 0.00000000 0.00000000 0.00000000 0.00000000 0.00000000 0.00000000 0.00000000 0.00000000 0.00000000 
8 0.00000000 0.00000000 0.00000000 1.00000000 0.00000000 0.00000000 0.00000000 0.00000000 0.00000000 0.00000000 0.00000000 0.00000000 0.00000000 
9 0.50375940 0.49624060 0.00000000 0.00000000 0.00000000 0.00000000 0.00000000 0.00000000 0.00000000 0.00000000 0.00000000 0.00000000 0.00000000 
10 0.00000000 0.00000000 0.00000000 0.00000000 0.00000000 0.00000000 0.00000000 1.00000000 0.00000000 0.00000000 0.00000000 0.00000000 0.00000000 
11 1.00000000 0.00000000 0.00000000 0.00000000 0.00000000 0.00000000 0.00000000 0.00000000 0.00000000 0.00000000 0.00000000 0.00000000 0.00000000 
12 0.00000000 0.00000000 0.00000000 0.00000000 1.00000000 0.00000000 0.00000000 0.00000000 0.00000000 0.00000000 0.00000000 0.00000000 0.00000000 
13 0.00000000 0.00000000 0.00000000 0.00000000 0.00000000 0.00000000 0.00000000 0.00000000 0.00000000 0.10815603 0.00000000 0.89184397 0.00000000 
14 0.00000000 0.00000000 0.00000000 0.00000000 0.00000000 1.00000000 0.00000000 0.00000000 0.00000000 0.00000000 0.00000000 0.00000000 0.00000000 
15 0.00000000 0.00000000 0.00000000 0.28467909 0.00000000 0.00000000 0.71532091 0.00000000 0.00000000 0.00000000 0.00000000 0.00000000 0.00000000 
16 0.00000000 0.00000000 0.00000000 0.61862245 0.00000000 0.38137755 0.00000000 0.00000000 0.00000000 0.00000000 0.00000000 0.00000000 0.00000000 
18 0.00000000 0.05898044 0.00000000 0.06965027 0.00000000 0.00000000 0.00000000 0.00000000 0.00000000 0.41459198 0.45677732 0.00000000 0.00000000 
19 0.00000000 0.00000000 0.00000000 0.00000000 0.00000000 0.00000000 1.00000000 0.00000000 0.00000000 0.00000000 0.00000000 0.00000000 0.00000000 
21 0.00000000 0.00000000 0.64741641 0.00000000 0.35258359 0.00000000 0.00000000 0.00000000 0.00000000 0.00000000 0.00000000 0.00000000 0.00000000 
22 0.00000000 0.00000000 0.00000000 0.00000000 0.00000000 0.00000000 0.00000000 0.28059072 0.00000000 0.00000000 0.00000000 0.66455696 0.05485232 

workload distribution if node 13 fails:

1    2    3    4    5    6    7    8    9    10    11    12    14    
1 0.00000000 0.00000000 0.00000000 0.00000000 0.00000000 0.00000000 0.00000000 0.14075067 0.42135836 0.00000000 0.00000000 0.00000000 0.43789097 
2 0.00000000 0.00000000 0.00000000 0.00000000 0.00000000 1.00000000 0.00000000 0.00000000 0.00000000 0.00000000 0.00000000 0.00000000 0.00000000 
3 0.00000000 0.00000000 0.00000000 0.00000000 0.00000000 0.00000000 0.00000000 0.00000000 0.00000000 0.00000000 0.00000000 1.00000000 0.00000000 
4 0.00000000 0.00000000 0.00000000 0.00000000 1.00000000 0.00000000 0.00000000 0.00000000 0.00000000 0.00000000 0.00000000 0.00000000 0.00000000 
5 0.00000000 0.00000000 0.35439560 0.64560440 0.00000000 0.00000000 0.00000000 0.00000000 0.00000000 0.00000000 0.00000000 0.00000000 0.00000000 
6 0.00000000 0.00000000 0.00000000 0.00000000 0.00000000 0.00000000 0.00000000 0.00000000 1.00000000 0.00000000 0.00000000 0.00000000 0.00000000 
7 0.00000000 0.00000000 1.00000000 0.00000000 0.00000000 0.00000000 0.00000000 0.00000000 0.00000000 0.00000000 0.00000000 0.00000000 0.00000000 
8 0.00000000 0.00000000 0.00000000 1.00000000 0.00000000 0.00000000 0.00000000 0.00000000 0.00000000 0.00000000 0.00000000 0.00000000 0.00000000 
9 0.50375940 0.49624060 0.00000000 0.00000000 0.00000000 0.00000000 0.00000000 0.00000000 0.00000000 0.00000000 0.00000000 0.00000000 0.00000000 
10 0.00000000 0.00000000 0.00000000 0.00000000 0.00000000 0.00000000 0.00000000 0.00000000 0.00000000 0.00000000 0.00000000 1.00000000 0.00000000 
11 1.00000000 0.00000000 0.00000000 0.00000000 0.00000000 0.00000000 0.00000000 0.00000000 0.00000000 0.00000000 0.00000000 0.00000000 0.00000000 
12 0.00000000 0.00000000 0.00000000 0.00000000 1.00000000 0.00000000 0.00000000 0.00000000 0.00000000 0.00000000 0.00000000 0.00000000 0.00000000 
13 0.00000000 0.00000000 0.00000000 0.00000000 0.00000000 0.00000000 0.00000000 0.00000000 0.00000000 1.00000000 0.00000000 0.00000000 0.00000000 
14 0.00000000 0.00000000 0.00000000 0.00000000 0.00000000 1.00000000 0.00000000 0.00000000 0.00000000 0.00000000 0.00000000 0.00000000 0.00000000 
15 0.00000000 0.00000000 0.00000000 0.28467909 0.00000000 0.00000000 0.71532091 0.00000000 0.00000000 0.00000000 0.00000000 0.00000000 0.00000000 
16 0.00000000 0.00000000 0.00000000 0.61862245 0.00000000 0.38137755 0.00000000 0.00000000 0.00000000 0.00000000 0.00000000 0.00000000 0.00000000 
18 0.00000000 0.05898044 0.00000000 0.06965027 0.00000000 0.00000000 0.00000000 0.34785615 0.00000000 0.06673582 0.45677732 0.00000000 0.00000000 
19 0.00000000 0.00000000 0.00000000 0.00000000 0.00000000 0.00000000 1.00000000 0.00000000 0.00000000 0.00000000 0.00000000 0.00000000 0.00000000 
21 0.00000000 0.00000000 0.64741641 0.00000000 0.35258359 0.00000000 0.00000000 0.00000000 0.00000000 0.00000000 0.00000000 0.00000000 0.00000000 
22 0.00000000 0.00000000 0.00000000 0.00000000 0.00000000 0.00000000 0.00000000 0.00000000 0.00000000 0.00000000 0.00000000 0.28059072 0.71940928 

workload distribution if node 14 fails:

1    2    3    4    5    6    7    8    9    10    11    12    13    
1 0.00000000 0.00000000 0.00000000 0.00000000 0.00000000 0.00000000 0.00000000 0.57864164 0.42135836 0.00000000 0.00000000 0.00000000 0.00000000 
2 0.00000000 0.00000000 0.00000000 0.00000000 0.00000000 1.00000000 0.00000000 0.00000000 0.00000000 0.00000000 0.00000000 0.00000000 0.00000000 
3 0.00000000 0.00000000 0.00000000 0.00000000 0.00000000 0.00000000 0.00000000 0.00000000 0.00000000 0.00000000 0.00000000 1.00000000 0.00000000 
4 0.00000000 0.00000000 0.00000000 0.00000000 1.00000000 0.00000000 0.00000000 0.00000000 0.00000000 0.00000000 0.00000000 0.00000000 0.00000000 
5 0.00000000 0.00000000 0.35439560 0.64560440 0.00000000 0.00000000 0.00000000 0.00000000 0.00000000 0.00000000 0.00000000 0.00000000 0.00000000 
6 0.00000000 0.00000000 0.00000000 0.00000000 0.00000000 0.00000000 0.00000000 0.00000000 1.00000000 0.00000000 0.00000000 0.00000000 0.00000000 
7 0.00000000 0.00000000 1.00000000 0.00000000 0.00000000 0.00000000 0.00000000 0.00000000 0.00000000 0.00000000 0.00000000 0.00000000 0.00000000 
8 0.00000000 0.00000000 0.00000000 1.00000000 0.00000000 0.00000000 0.00000000 0.00000000 0.00000000 0.00000000 0.00000000 0.00000000 0.00000000 
9 0.50375940 0.49624060 0.00000000 0.00000000 0.00000000 0.00000000 0.00000000 0.00000000 0.00000000 0.00000000 0.00000000 0.00000000 0.00000000 
10 0.00000000 0.00000000 0.00000000 0.00000000 0.00000000 0.00000000 0.00000000 0.03869048 0.00000000 0.00000000 0.00000000 0.96130952 0.00000000 
11 1.00000000 0.00000000 0.00000000 0.00000000 0.00000000 0.00000000 0.00000000 0.00000000 0.00000000 0.00000000 0.00000000 0.00000000 0.00000000 
12 0.00000000 0.00000000 0.00000000 0.00000000 1.00000000 0.00000000 0.00000000 0.00000000 0.00000000 0.00000000 0.00000000 0.00000000 0.00000000 
13 0.00000000 0.00000000 0.00000000 0.00000000 0.00000000 0.00000000 0.00000000 0.00000000 0.00000000 0.10815603 0.00000000 0.00000000 0.89184397 
14 0.00000000 0.00000000 0.00000000 0.00000000 0.00000000 1.00000000 0.00000000 0.00000000 0.00000000 0.00000000 0.00000000 0.00000000 0.00000000 
15 0.00000000 0.00000000 0.00000000 0.28467909 0.00000000 0.00000000 0.71532091 0.00000000 0.00000000 0.00000000 0.00000000 0.00000000 0.00000000 
16 0.00000000 0.00000000 0.00000000 0.61862245 0.00000000 0.38137755 0.00000000 0.00000000 0.00000000 0.00000000 0.00000000 0.00000000 0.00000000 
18 0.00000000 0.05898044 0.00000000 0.06965027 0.00000000 0.00000000 0.00000000 0.00000000 0.00000000 0.41459198 0.45677732 0.00000000 0.00000000 
19 0.00000000 0.00000000 0.00000000 0.00000000 0.00000000 0.00000000 1.00000000 0.00000000 0.00000000 0.00000000 0.00000000 0.00000000 0.00000000 
21 0.00000000 0.00000000 0.64741641 0.00000000 0.35258359 0.00000000 0.00000000 0.00000000 0.00000000 0.00000000 0.00000000 0.00000000 0.00000000 
22 0.00000000 0.00000000 0.00000000 0.00000000 0.00000000 0.00000000 0.00000000 0.00000000 0.00000000 0.00000000 0.00000000 0.33544304 0.66455696 



zz_test [*] :=
 1  1
 2  1
 3  1
 4  1
 5  1
 6  1
 7  1
 8  1
 9  1
10  1
11  1
12  1
13  1
14  1
15  1
16  1
18  1
19  1
21  1
22  1
;

K_test [*] :=
 1  0.0714286
 2  0.0714286
 3  0.0714286
 4  0.0714286
 5  0.0714286
 6  0.0714286
 7  0.0714286
 8  0.0714286
 9  0.0714286
10  0.0714286
11  0.0714286
12  0.0714286
13  0.0714286
14  0.0714286
;

zz2_test [*,*]
:    1   2   3   4   5   6   7   8   9  10  11  12  13  14    :=
1    1   1   1   1   1   1   1   1   1   1   1   1   1   1
2    1   1   1   1   1   1   1   1   1   1   1   1   1   1
3    1   1   1   1   1   1   1   1   1   1   1   1   1   1
4    1   1   1   1   1   1   1   1   1   1   1   1   1   1
5    1   1   1   1   1   1   1   1   1   1   1   1   1   1
6    1   1   1   1   1   1   1   1   1   1   1   1   1   1
7    1   1   1   1   1   1   1   1   1   1   1   1   1   1
8    1   1   1   1   1   1   1   1   1   1   1   1   1   1
9    1   1   1   1   1   1   1   1   1   1   1   1   1   1
10   1   1   1   1   1   1   1   1   1   1   1   1   1   1
11   1   1   1   1   1   1   1   1   1   1   1   1   1   1
12   1   1   1   1   1   1   1   1   1   1   1   1   1   1
13   1   1   1   1   1   1   1   1   1   1   1   1   1   1
14   1   1   1   1   1   1   1   1   1   1   1   1   1   1
15   1   1   1   1   1   1   1   1   1   1   1   1   1   1
16   1   1   1   1   1   1   1   1   1   1   1   1   1   1
18   1   1   1   1   1   1   1   1   1   1   1   1   1   1
19   1   1   1   1   1   1   1   1   1   1   1   1   1   1
21   1   1   1   1   1   1   1   1   1   1   1   1   1   1
22   1   1   1   1   1   1   1   1   1   1   1   1   1   1
;

K2_test [*,*]
:        1           2           3           4           5           6       :=
1     .          0.0833333   0.0833333   0.0833333   0.0833333   0.0833333
2    0.0833333    .          0.0833333   0.0833333   0.0833333   0.0833333
3    0.0833333   0.0833333    .          0.0833333   0.0833333   0.0833333
4    0.0833333   0.0833333   0.0833333    .          0.0833333   0.0833333
5    0.0833333   0.0833333   0.0833333   0.0833333    .          0.0833333
6    0.0833333   0.0833333   0.0833333   0.0833333   0.0833333    .
7    0.0833333   0.0833333   0.0833333   0.0833333   0.0833333   0.0833333
8    0.0714286   0.0714286   0.0714286   0.0714286   0.0714286   0.0714286
9    0.0714286   0.0714286   0.0714286   0.0714286   0.0714286   0.0714286
10   0.0714286   0.0714286   0.0714286   0.0714286   0.0714286   0.0714286
11   0.0714286   0.0714286   0.0714286   0.0714286   0.0714286   0.0714286
12   0.0714286   0.0714286   0.0714286   0.0714286   0.0714286   0.0714286
13   0.0714286   0.0714286   0.0714286   0.0714286   0.0714286   0.0714286
14   0.0714286   0.0714286   0.0714286   0.0714286   0.0714286   0.0714286

:        7           8           9          10          11          12       :=
1    0.0833333   0.0714286   0.0714286   0.0714286   0.0714286   0.0714286
2    0.0833333   0.0714286   0.0714286   0.0714286   0.0714286   0.0714286
3    0.0833333   0.0714286   0.0714286   0.0714286   0.0714286   0.0714286
4    0.0833333   0.0714286   0.0714286   0.0714286   0.0714286   0.0714286
5    0.0833333   0.0714286   0.0714286   0.0714286   0.0714286   0.0714286
6    0.0833333   0.0714286   0.0714286   0.0714286   0.0714286   0.0714286
7     .          0.0714286   0.0714286   0.0714286   0.0714286   0.0714286
8    0.0714286    .          0.0833333   0.0833333   0.0833333   0.0833333
9    0.0714286   0.0833333    .          0.0833333   0.0833333   0.0833333
10   0.0714286   0.0833333   0.0833333    .          0.0833333   0.0833333
11   0.0714286   0.0833333   0.0833333   0.0833333    .          0.0833333
12   0.0714286   0.0833333   0.0833333   0.0833333   0.0833333    .
13   0.0714286   0.0833333   0.0833333   0.0833333   0.0833333   0.0833333
14   0.0714286   0.0833333   0.0833333   0.0833333   0.0833333   0.0833333

:       13          14        :=
1    0.0714286   0.0714286
2    0.0714286   0.0714286
3    0.0714286   0.0714286
4    0.0714286   0.0714286
5    0.0714286   0.0714286
6    0.0714286   0.0714286
7    0.0714286   0.0714286
8    0.0833333   0.0833333
9    0.0833333   0.0833333
10   0.0833333   0.0833333
11   0.0833333   0.0833333
12   0.0833333   0.0833333
13    .          0.0833333
14   0.0833333    .
;

zz2 [*,1,*]
:       2          3          4          5         6          7           8  :=
1    0          0          0          0         0          0          0.157028
2    0          0          0          0         1          0          0
3    0          0          0          0         0          0          0
4    0          0          0          1         0          0          0
5    0          0.185897   0.814103   0         0          0          0
6    0          0          0          0         0          0          0
7    0          1          0          0         0          0          0
8    0          0          1          0         0          0          0
9    0.681631   0          0.318369   0         0          0          0
10   0          0          0          0         0          0          0.0829082
11   0          0          0          0         1          0          0
12   0          0          0          1         0          0          0
13   0          0          0          0         0          0          0
14   0          0          0          0         0.100939   0.899061   0
15   0          0.519324   0          0         0          0.480676   0
16   0          0          0          0         1          0          0
18   0          0          0.128631   0         0          0          0.250741
19   0          0          0          0         0          1          0
21   0          0.42435    0          0.57565   0          0          0
22   0          0          0          0         0          0          0

:       9          10         11         12         13         14       :=
1    0.337036   0          0          0          0          0.505936
2    0          0          0          0          0          0
3    0          0          0          1          0          0
4    0          0          0          0          0          0
5    0          0          0          0          0          0
6    1          0          0          0          0          0
7    0          0          0          0          0          0
8    0          0          0          0          0          0
9    0          0          0          0          0          0
10   0          0          0          0.917092   0          0
11   0          0          0          0          0          0
12   0          0          0          0          0          0
13   0          0.416413   0          0          0.583587   0
14   0          0          0          0          0          0
15   0          0          0          0          0          0
16   0          0          0          0          0          0
18   0          0.229105   0.391523   0          0          0
19   0          0          0          0          0          0
21   0          0          0          0          0          0
22   0          0          0          0          1          0

 [*,2,*]
:       1          3         4          5         6          7           8   :=
1    0          0         0          0         0          0          0.157028
2    0          0         0.564444   0         0.435556   0          0
3    0          0         0          0         0          0          0
4    0          0         0          1         0          0          0
5    0          1         0          0         0          0          0
6    0          0         0          0         0          0          0
7    0          1         0          0         0          0          0
8    0          0         1          0         0          0          0
9    0.681631   0         0.318369   0         0          0          0
10   0          0         0          0         0          0          0.0829082
11   0          0         0          0         1          0          0
12   0          0         0          1         0          0          0
13   0          0         0          0         0          0          0
14   0          0         0          0         0.697183   0.302817   0
15   0          0.21256   0          0         0          0.78744    0
16   0          0         0          0         1          0          0
18   0          0         0.128631   0         0          0          0.250741
19   0          0         0          0         0          1          0
21   0          0.42435   0          0.57565   0          0          0
22   0          0         0          0         0          0          0

:       9          10         11         12         13         14       :=
1    0.337036   0          0          0          0          0.505936
2    0          0          0          0          0          0
3    0          0          0          1          0          0
4    0          0          0          0          0          0
5    0          0          0          0          0          0
6    1          0          0          0          0          0
7    0          0          0          0          0          0
8    0          0          0          0          0          0
9    0          0          0          0          0          0
10   0          0          0          0.917092   0          0
11   0          0          0          0          0          0
12   0          0          0          0          0          0
13   0          0.416413   0          0          0.583587   0
14   0          0          0          0          0          0
15   0          0          0          0          0          0
16   0          0          0          0          0          0
18   0          0.229105   0.391523   0          0          0
19   0          0          0          0          0          0
21   0          0          0          0          0          0
22   0          0          0          0          1          0

 [*,3,*]
:       1          2           4          5          6          7        :=
1    0          0          0           0          0          0
2    0          0          0.851111    0          0.148889   0
3    0          0          0           0          0          0
4    0          0          1           0          0          0
5    0          0.814103   0.185897    0          0          0
6    0          0          0           0          0          0
7    0          0          1           0          0          0
8    0          1          0           0          0          0
9    0.681631   0.318369   0           0          0          0
10   0          0          0           0          0          0
11   0          0          0           0          1          0
12   0          0          0.157801    0.842199   0          0
13   0          0          0           0          0          0
14   0          0          0           0          1          0
15   0          0          0.0567633   0          0          0.943237
16   0          0          0           0          1          0
18   0          0.128631   0           0          0          0
19   0          0          0           0          0          1
21   0          0          0           1          0          0
22   0          0          0           0          0          0

:        8          9          10         11         12         13       :=
1    0.157028    0.337036   0          0          0          0
2    0           0          0          0          0          0
3    0           0          0          0          1          0
4    0           0          0          0          0          0
5    0           0          0          0          0          0
6    0           1          0          0          0          0
7    0           0          0          0          0          0
8    0           0          0          0          0          0
9    0           0          0          0          0          0
10   0.0829082   0          0          0          0.917092   0
11   0           0          0          0          0          0
12   0           0          0          0          0          0
13   0           0          0.416413   0          0          0.583587
14   0           0          0          0          0          0
15   0           0          0          0          0          0
16   0           0          0          0          0          0
18   0.250741    0          0.229105   0.391523   0          0
19   0           0          0          0          0          0
21   0           0          0          0          0          0
22   0           0          0          0          0          1

:       14       :=
1    0.505936
2    0
3    0
4    0
5    0
6    0
7    0
8    0
9    0
10   0
11   0
12   0
13   0
14   0
15   0
16   0
18   0
19   0
21   0
22   0

 [*,4,*]
:       1          2          3          5         6          7           8  :=
1    0          0          0          0         0          0          0.157028
2    0          0          0          0         1          0          0
3    0          0          0          0         0          0          0
4    0          0          0          1         0          0          0
5    0          0.314103   0.685897   0         0          0          0
6    0          0          0          0         0          0          0
7    0          0          1          0         0          0          0
8    0          1          0          0         0          0          0
9    0.601135   0.398865   0          0         0          0          0
10   0          0          0          0         0          0          0.0829082
11   1          0          0          0         0          0          0
12   0          0          0          1         0          0          0
13   0          0          0          0         0          0          0
14   0          0          0          0         0.467136   0.532864   0
15   0          0          0.330918   0         0          0.669082   0
16   0          0          0          0         1          0          0
18   0          0.128631   0          0         0          0          0.250741
19   0          0          0          0         0          1          0
21   0          0          0.42435    0.57565   0          0          0
22   0          0          0          0         0          0          0

:       9          10         11         12         13         14       :=
1    0.337036   0          0          0          0          0.505936
2    0          0          0          0          0          0
3    0          0          0          1          0          0
4    0          0          0          0          0          0
5    0          0          0          0          0          0
6    1          0          0          0          0          0
7    0          0          0          0          0          0
8    0          0          0          0          0          0
9    0          0          0          0          0          0
10   0          0          0          0.917092   0          0
11   0          0          0          0          0          0
12   0          0          0          0          0          0
13   0          0.416413   0          0          0.583587   0
14   0          0          0          0          0          0
15   0          0          0          0          0          0
16   0          0          0          0          0          0
18   0          0.229105   0.391523   0          0          0
19   0          0          0          0          0          0
21   0          0          0          0          0          0
22   0          0          0          0          1          0

 [*,5,*]
:       1          2           3           4          6          7        :=
1    0          0          0            0          0          0
2    0          0          0            0          1          0
3    0          0          0            0          0          0
4    0          0          0            1          0          0
5    0          0.314103   0            0.685897   0          0
6    0          0          0            0          0          0
7    0          0          1            0          0          0
8    0          1          0            0          0          0
9    0.601135   0.398865   0            0          0          0
10   0          0          0            0          0          0
11   1          0          0            0          0          0
12   0          0          0            1          0          0
13   0          0          0            0          0          0
14   0          0          0            0          0.467136   0.532864
15   0          0          0.00120773   0.32971    0          0.669082
16   0          0          0            0          1          0
18   0          0.128631   0            0          0          0
19   0          0          0            0          0          1
21   0          0          1            0          0          0
22   0          0          0            0          0          0

:        8          9          10         11         12         13       :=
1    0.157028    0.337036   0          0          0          0
2    0           0          0          0          0          0
3    0           0          0          0          1          0
4    0           0          0          0          0          0
5    0           0          0          0          0          0
6    0           1          0          0          0          0
7    0           0          0          0          0          0
8    0           0          0          0          0          0
9    0           0          0          0          0          0
10   0.0829082   0          0          0          0.917092   0
11   0           0          0          0          0          0
12   0           0          0          0          0          0
13   0           0          0.416413   0          0          0.583587
14   0           0          0          0          0          0
15   0           0          0          0          0          0
16   0           0          0          0          0          0
18   0.250741    0          0.229105   0.391523   0          0
19   0           0          0          0          0          0
21   0           0          0          0          0          0
22   0           0          0          0          0          1

:       14       :=
1    0.505936
2    0
3    0
4    0
5    0
6    0
7    0
8    0
9    0
10   0
11   0
12   0
13   0
14   0
15   0
16   0
18   0
19   0
21   0
22   0

 [*,6,*]
:       1           2           3           4          5         7        :=
1    0          0           0           0           0         0
2    0          0           0           1           0         0
3    0          0           0           0           0         0
4    0          0           0           0           1         0
5    0          0.951923    0.0480769   0           0         0
6    0          0           0           0           0         0
7    0          0           1           0           0         0
8    0          1           0           0           0         0
9    0.601135   0.398865    0           0           0         0
10   0          0           0           0           0         0
11   1          0           0           0           0         0
12   0          0           0           0           1         0
13   0          0           0           0           0         0
14   0          0           0           0           0         1
15   0          0           0.571256    0           0         0.428744
16   0          0           0           1           0         0
18   0          0.0598202   0           0.0688105   0         0
19   0          0           0           0           0         1
21   0          0           0.42435     0           0.57565   0
22   0          0           0           0           0         0

:        8          9          10         11         12         13       :=
1    0.157028    0.337036   0          0          0          0
2    0           0          0          0          0          0
3    0           0          0          0          1          0
4    0           0          0          0          0          0
5    0           0          0          0          0          0
6    0           1          0          0          0          0
7    0           0          0          0          0          0
8    0           0          0          0          0          0
9    0           0          0          0          0          0
10   0.0829082   0          0          0          0.917092   0
11   0           0          0          0          0          0
12   0           0          0          0          0          0
13   0           0          0.416413   0          0          0.583587
14   0           0          0          0          0          0
15   0           0          0          0          0          0
16   0           0          0          0          0          0
18   0.250741    0          0.229105   0.391523   0          0
19   0           0          0          0          0          0
21   0           0          0          0          0          0
22   0           0          0          0          0          1

:       14       :=
1    0.505936
2    0
3    0
4    0
5    0
6    0
7    0
8    0
9    0
10   0
11   0
12   0
13   0
14   0
15   0
16   0
18   0
19   0
21   0
22   0

 [*,7,*]
:       1          2          3          4          5         6           8  :=
1    0          0          0          0          0         0          0.157028
2    0          0          0          0          0         1          0
3    0          0          0          0          0         0          0
4    0          0          0          0          1         0          0
5    0          0.314103   0.685897   0          0         0          0
6    0          0          0          0          0         0          0
7    0          0          1          0          0         0          0
8    0          1          0          0          0         0          0
9    0.601135   0.398865   0          0          0         0          0
10   0          0          0          0          0         0          0.0829082
11   1          0          0          0          0         0          0
12   0          0          0          0          1         0          0
13   0          0          0          0          0         0          0
14   0          0          0          0          0         1          0
15   0          0          0.330918   0.669082   0         0          0
16   0          0          0          0.337798   0         0.662202   0
18   0          0.128631   0          0          0         0          0.250741
19   0          0          0          1          0         0          0
21   0          0          0.42435    0          0.57565   0          0
22   0          0          0          0          0         0          0

:       9          10         11         12         13         14       :=
1    0.337036   0          0          0          0          0.505936
2    0          0          0          0          0          0
3    0          0          0          1          0          0
4    0          0          0          0          0          0
5    0          0          0          0          0          0
6    1          0          0          0          0          0
7    0          0          0          0          0          0
8    0          0          0          0          0          0
9    0          0          0          0          0          0
10   0          0          0          0.917092   0          0
11   0          0          0          0          0          0
12   0          0          0          0          0          0
13   0          0.416413   0          0          0.583587   0
14   0          0          0          0          0          0
15   0          0          0          0          0          0
16   0          0          0          0          0          0
18   0          0.229105   0.391523   0          0          0
19   0          0          0          0          0          0
21   0          0          0          0          0          0
22   0          0          0          0          1          0

 [*,8,*]
:       1           2          3           4          5          6        :=
1    0          0           0          0           0          0
2    0          0           0          0           0          1
3    0          0           0          0           0          0
4    0          0           0          0           1          0
5    0          0           0.354396   0.645604    0          0
6    0          0           0          0           0          0
7    0          0           1          0           0          0
8    0          0           0          1           0          0
9    0.503759   0.496241    0          0           0          0
10   0          0           0          0           0          0
11   1          0           0          0           0          0
12   0          0           0          0           1          0
13   0          0           0          0           0          0
14   0          0           0          0           0          1
15   0          0           0          0.284679    0          0
16   0          0           0          0.618622    0          0.381378
18   0          0.0589804   0          0.0696503   0          0
19   0          0           0          0           0          0
21   0          0           0.647416   0           0.352584   0
22   0          0           0          0           0          0

:       7          9          10         11         12         13       :=
1    0          0.590259   0          0          0          0
2    0          0          0          0          0          0
3    0          0          0          0          1          0
4    0          0          0          0          0          0
5    0          0          0          0          0          0
6    0          0          0          0          0          0
7    0          0          0          0          0          0
8    0          0          0          0          0          0
9    0          0          0          0          0          0
10   0          0          0          0          1          0
11   0          0          0          0          0          0
12   0          0          0          0          0          0
13   0          0          0.108156   0          0          0.891844
14   0          0          0          0          0          0
15   0.715321   0          0          0          0          0
16   0          0          0          0          0          0
18   0          0          0.414592   0.456777   0          0
19   1          0          0          0          0          0
21   0          0          0          0          0          0
22   0          0          0          0          0.280591   0.664557

:       14        :=
1    0.409741
2    0
3    0
4    0
5    0
6    1
7    0
8    0
9    0
10   0
11   0
12   0
13   0
14   0
15   0
16   0
18   0
19   0
21   0
22   0.0548523

 [*,9,*]
:       1           2          3           4          5          6        :=
1    0          0           0          0           0          0
2    0          0           0          0           0          1
3    0          0           0          0           0          0
4    0          0           0          0           1          0
5    0          0           0.354396   0.645604    0          0
6    0          0           0          0           0          0
7    0          0           1          0           0          0
8    0          0           0          1           0          0
9    0.503759   0.496241    0          0           0          0
10   0          0           0          0           0          0
11   1          0           0          0           0          0
12   0          0           0          0           1          0
13   0          0           0          0           0          0
14   0          0           0          0           0          1
15   0          0           0          0.284679    0          0
16   0          0           0          0.618622    0          0.381378
18   0          0.0589804   0          0.0696503   0          0
19   0          0           0          0           0          0
21   0          0           0.647416   0           0.352584   0
22   0          0           0          0           0          0

:       7           8           10         11         12         13       :=
1    0          0.578642     0          0          0          0
2    0          0            0          0          0          0
3    0          0            0          0          1          0
4    0          0            0          0          0          0
5    0          0            0          0          0          0
6    0          0            0          0          0          0
7    0          0            0          0          0          0
8    0          0            0          0          0          0
9    0          0            0          0          0          0
10   0          0            0          0          1          0
11   0          0            0          0          0          0
12   0          0            0          0          0          0
13   0          0            0.131206   0          0          0.868794
14   0          0            0          0          0          0
15   0.715321   0            0          0          0          0
16   0          0            0          0          0          0
18   0          0.00899032   0.405602   0.456777   0          0
19   1          0            0          0          0          0
21   0          0            0          0          0          0
22   0          0            0          0          0.280591   0.719409

:       14       :=
1    0.421358
2    0
3    0
4    0
5    0
6    1
7    0
8    0
9    0
10   0
11   0
12   0
13   0
14   0
15   0
16   0
18   0
19   0
21   0
22   0

 [*,10,*]
:       1           2          3           4          5          6        :=
1    0          0           0          0           0          0
2    0          0           0          0           0          1
3    0          0           0          0           0          0
4    0          0           0          0           1          0
5    0          0           0.354396   0.645604    0          0
6    0          0           0          0           0          0
7    0          0           1          0           0          0
8    0          0           0          1           0          0
9    0.503759   0.496241    0          0           0          0
10   0          0           0          0           0          0
11   1          0           0          0           0          0
12   0          0           0          0           1          0
13   0          0           0          0           0          0
14   0          0           0          0           0          1
15   0          0           0          0.284679    0          0
16   0          0           0          0.618622    0          0.381378
18   0          0.0589804   0          0.0696503   0          0
19   0          0           0          0           0          0
21   0          0           0.647416   0           0.352584   0
22   0          0           0          0           0          0

:       7          8          9          11         12         13       :=
1    0          0          0.590259   0          0          0
2    0          0          0          0          0          0
3    0          0          0          0          1          0
4    0          0          0          0          0          0
5    0          0          0          0          0          0
6    0          0          0          0          0          0
7    0          0          0          0          0          0
8    0          0          0          0          0          0
9    0          0          0          0          0          0
10   0          0.181548   0          0          0.818452   0
11   0          0          0          0          0          0
12   0          0          0          0          0          0
13   0          0          0          0          0          1
14   0          0          0          0          0          0
15   0.715321   0          0          0          0          0
16   0          0          0          0          0          0
18   0          0.414592   0          0.456777   0          0
19   1          0          0          0          0          0
21   0          0          0          0          0          0
22   0          0          0          0          0.537975   0.407173

:       14        :=
1    0.409741
2    0
3    0
4    0
5    0
6    1
7    0
8    0
9    0
10   0
11   0
12   0
13   0
14   0
15   0
16   0
18   0
19   0
21   0
22   0.0548523

 [*,11,*]
:       1           2          3           4          5          6        :=
1    0          0           0          0           0          0
2    0          0           0          0           0          1
3    0          0           0          0           0          0
4    0          0           0          0           1          0
5    0          0           0.354396   0.645604    0          0
6    0          0           0          0           0          0
7    0          0           1          0           0          0
8    0          0           0          1           0          0
9    0.503759   0.496241    0          0           0          0
10   0          0           0          0           0          0
11   1          0           0          0           0          0
12   0          0           0          0           1          0
13   0          0           0          0           0          0
14   0          0           0          0           0          1
15   0          0           0          0.284679    0          0
16   0          0           0          0.618622    0          0.381378
18   0          0.0589804   0          0.0696503   0          0
19   0          0           0          0           0          0
21   0          0           0.647416   0           0.352584   0
22   0          0           0          0           0          0

:       7          8          9          10         12         13       :=
1    0          0          0.590259   0          0          0
2    0          0          0          0          0          0
3    0          0.236434   0          0          0.763566   0
4    0          0          0          0          0          0
5    0          0          0          0          0          0
6    0          0          0          0          0          0
7    0          0          0          0          0          0
8    0          0          0          0          0          0
9    0          0          0          0          0          0
10   0          0          0          0          1          0
11   0          0          0          0          0          0
12   0          0          0          0          0          0
13   0          0          0          0          0          1
14   0          0          0          0          0          0
15   0.715321   0          0          0          0          0
16   0          0          0          0          0          0
18   0          0.414592   0          0.456777   0          0
19   1          0          0          0          0          0
21   0          0          0          0          0          0
22   0          0          0          0          0.537975   0.407173

:       14        :=
1    0.409741
2    0
3    0
4    0
5    0
6    1
7    0
8    0
9    0
10   0
11   0
12   0
13   0
14   0
15   0
16   0
18   0
19   0
21   0
22   0.0548523

 [*,12,*]
:       1           2          3           4          5          6        :=
1    0          0           0          0           0          0
2    0          0           0          0           0          1
3    0          0           0          0           0          0
4    0          0           0          0           1          0
5    0          0           0.354396   0.645604    0          0
6    0          0           0          0           0          0
7    0          0           1          0           0          0
8    0          0           0          1           0          0
9    0.503759   0.496241    0          0           0          0
10   0          0           0          0           0          0
11   1          0           0          0           0          0
12   0          0           0          0           1          0
13   0          0           0          0           0          0
14   0          0           0          0           0          1
15   0          0           0          0.284679    0          0
16   0          0           0          0.618622    0          0.381378
18   0          0.0589804   0          0.0696503   0          0
19   0          0           0          0           0          0
21   0          0           0.647416   0           0.352584   0
22   0          0           0          0           0          0

:       7          8          9          10         11         13       :=
1    0          0          0.590259   0          0          0
2    0          0          0          0          0          0
3    0          1          0          0          0          0
4    0          0          0          0          0          0
5    0          0          0          0          0          0
6    0          0          0          0          0          0
7    0          0          0          0          0          0
8    0          0          0          0          0          0
9    0          0          0          0          0          0
10   0          1          0          0          0          0
11   0          0          0          0          0          0
12   0          0          0          0          0          0
13   0          0          0          0.108156   0          0.891844
14   0          0          0          0          0          0
15   0.715321   0          0          0          0          0
16   0          0          0          0          0          0
18   0          0          0          0.414592   0.456777   0
19   1          0          0          0          0          0
21   0          0          0          0          0          0
22   0          0.280591   0          0          0          0.664557

:       14        :=
1    0.409741
2    0
3    0
4    0
5    0
6    1
7    0
8    0
9    0
10   0
11   0
12   0
13   0
14   0
15   0
16   0
18   0
19   0
21   0
22   0.0548523

 [*,13,*]
:       1           2          3           4          5          6        :=
1    0          0           0          0           0          0
2    0          0           0          0           0          1
3    0          0           0          0           0          0
4    0          0           0          0           1          0
5    0          0           0.354396   0.645604    0          0
6    0          0           0          0           0          0
7    0          0           1          0           0          0
8    0          0           0          1           0          0
9    0.503759   0.496241    0          0           0          0
10   0          0           0          0           0          0
11   1          0           0          0           0          0
12   0          0           0          0           1          0
13   0          0           0          0           0          0
14   0          0           0          0           0          1
15   0          0           0          0.284679    0          0
16   0          0           0          0.618622    0          0.381378
18   0          0.0589804   0          0.0696503   0          0
19   0          0           0          0           0          0
21   0          0           0.647416   0           0.352584   0
22   0          0           0          0           0          0

:       7          8          9          10          11          12         :=
1    0          0.140751   0.421358   0           0          0
2    0          0          0          0           0          0
3    0          0          0          0           0          1
4    0          0          0          0           0          0
5    0          0          0          0           0          0
6    0          0          1          0           0          0
7    0          0          0          0           0          0
8    0          0          0          0           0          0
9    0          0          0          0           0          0
10   0          0          0          0           0          1
11   0          0          0          0           0          0
12   0          0          0          0           0          0
13   0          0          0          1           0          8.32667e-17
14   0          0          0          0           0          0
15   0.715321   0          0          0           0          0
16   0          0          0          0           0          0
18   0          0.347856   0          0.0667358   0.456777   0
19   1          0          0          0           0          0
21   0          0          0          0           0          0
22   0          0          0          0           0          0.280591

:       14       :=
1    0.437891
2    0
3    0
4    0
5    0
6    0
7    0
8    0
9    0
10   0
11   0
12   0
13   0
14   0
15   0
16   0
18   0
19   0
21   0
22   0.719409

 [*,14,*]
:       1           2          3           4          5          6        :=
1    0          0           0          0           0          0
2    0          0           0          0           0          1
3    0          0           0          0           0          0
4    0          0           0          0           1          0
5    0          0           0.354396   0.645604    0          0
6    0          0           0          0           0          0
7    0          0           1          0           0          0
8    0          0           0          1           0          0
9    0.503759   0.496241    0          0           0          0
10   0          0           0          0           0          0
11   1          0           0          0           0          0
12   0          0           0          0           1          0
13   0          0           0          0           0          0
14   0          0           0          0           0          1
15   0          0           0          0.284679    0          0
16   0          0           0          0.618622    0          0.381378
18   0          0.0589804   0          0.0696503   0          0
19   0          0           0          0           0          0
21   0          0           0.647416   0           0.352584   0
22   0          0           0          0           0          0

:       7           8          9          10         11         12       :=
1    0          0.578642    0.421358   0          0          0
2    0          0           0          0          0          0
3    0          0           0          0          0          1
4    0          0           0          0          0          0
5    0          0           0          0          0          0
6    0          0           1          0          0          0
7    0          0           0          0          0          0
8    0          0           0          0          0          0
9    0          0           0          0          0          0
10   0          0.0386905   0          0          0          0.96131
11   0          0           0          0          0          0
12   0          0           0          0          0          0
13   0          0           0          0.108156   0          0
14   0          0           0          0          0          0
15   0.715321   0           0          0          0          0
16   0          0           0          0          0          0
18   0          0           0          0.414592   0.456777   0
19   1          0           0          0          0          0
21   0          0           0          0          0          0
22   0          0           0          0          0          0.335443

:       13       :=
1    0
2    0
3    0
4    0
5    0
6    0
7    0
8    0
9    0
10   0
11   0
12   0
13   0.891844
14   0
15   0
16   0
18   0
19   0
21   0
22   0.664557
;

