K=10, W/V=4.4359335, B=2, time:2.922

ca [*] :=
1  5
2  5
;

fragment allocation x on node k:

1    2    3    4    5    6    7    8    9    10    
0 1 1 1 0 1 0 0 0 0 0 
1 0 1 1 0 0 0 0 0 0 0 
2 1 1 0 0 0 0 0 0 0 0 
3 1 1 0 0 1 0 0 0 0 0 
4 1 1 0 0 1 0 0 0 0 0 
5 1 1 0 0 1 0 0 0 0 0 
6 0 1 0 0 1 0 0 0 0 0 
7 0 0 0 0 0 0 0 0 0 0 
8 0 0 0 0 0 0 0 0 0 0 
9 1 1 0 0 1 0 0 0 0 0 
10 1 1 0 0 1 0 0 0 0 0 
11 0 0 0 0 0 0 0 0 0 0 
12 1 1 1 1 1 0 1 1 0 0 
13 1 1 1 1 1 0 1 1 0 0 
14 1 1 0 0 1 0 0 0 0 0 
15 0 0 0 0 0 0 0 0 0 0 
16 1 1 1 1 1 0 0 0 0 0 
17 1 1 0 1 1 0 0 0 0 0 
18 1 1 0 0 1 0 0 0 0 0 
19 1 1 1 1 1 0 0 0 0 0 
20 1 1 0 0 1 0 0 0 0 0 
21 1 1 0 0 0 0 0 0 0 0 
22 1 1 0 0 0 0 0 0 0 0 
23 0 1 0 1 1 1 1 1 0 1 
24 0 1 0 1 0 0 1 1 0 1 
25 0 0 0 0 0 0 1 1 0 0 
26 0 1 0 0 1 0 1 1 0 0 
27 0 0 0 0 0 1 1 1 0 0 
28 0 0 0 0 0 1 1 1 0 0 
29 0 0 0 0 0 0 1 1 0 0 
30 0 0 0 0 0 0 1 1 0 0 
31 1 1 1 0 0 0 0 0 0 0 
32 1 1 1 0 0 0 0 0 0 0 
33 1 0 1 0 0 0 0 0 0 0 
34 1 1 1 0 0 0 0 0 0 0 
35 0 0 0 0 0 0 0 0 0 0 
36 0 1 1 1 1 1 1 1 0 1 
37 0 1 0 1 1 1 1 1 0 1 
38 0 0 0 1 1 0 0 0 0 0 
39 0 1 0 1 0 0 1 1 0 1 
40 0 1 1 1 1 0 1 1 0 1 
41 0 0 0 1 1 0 0 0 0 0 
42 0 0 0 0 0 0 0 0 0 0 
43 0 0 0 0 0 0 1 1 0 0 
44 0 0 0 0 0 1 0 0 0 1 
45 0 1 1 1 1 0 1 1 0 1 
46 0 1 1 0 1 0 0 0 0 0 
47 1 1 1 1 1 0 0 0 0 0 
48 0 0 0 0 0 0 0 0 0 0 
49 0 1 1 1 1 1 1 1 1 1 
50 1 1 1 0 1 1 1 1 1 0 
51 1 1 1 0 1 1 1 1 1 0 
52 0 0 0 0 0 1 1 0 1 0 
53 0 0 0 0 0 1 1 1 1 0 
54 0 0 0 0 0 1 1 0 1 0 
55 1 1 0 1 1 1 1 1 1 0 
56 0 0 0 1 1 0 0 0 0 0 
57 0 0 0 1 1 0 0 0 0 0 
58 0 1 0 0 1 0 0 0 0 0 
59 0 1 0 1 1 0 0 0 0 0 

query feasibility y on node k:

1    2    3    4    5    6    7    8    9    10    
1 0 0 0 0 0 1 1 0 1 0 
2 1 1 0 0 0 0 0 0 0 0 
3 0 0 0 0 0 0 1 1 0 0 
4 0 0 0 1 1 0 0 0 0 0 
5 0 1 0 0 1 0 0 0 0 0 
6 0 0 0 0 0 1 1 0 1 0 
7 0 1 0 0 1 0 0 0 0 0 
8 0 1 0 0 1 0 0 0 0 0 
9 0 1 1 0 0 0 0 0 0 0 
10 0 0 0 0 0 0 1 1 0 0 
11 1 0 1 0 0 0 0 0 0 0 
12 0 0 0 1 1 0 0 0 0 0 
13 0 0 0 0 0 1 0 0 0 1 
14 0 1 0 0 1 0 0 0 0 0 
15 1 1 0 0 1 0 0 0 0 0 
16 1 1 0 0 0 0 0 0 0 0 
18 0 1 0 1 0 0 1 1 0 1 
19 0 1 0 0 1 0 0 0 0 0 
21 0 0 0 1 1 0 0 0 0 0 
22 0 0 0 0 0 1 1 1 0 0 

workload distribution ohne node failure:

1    2    3    4    5    6    7    8    9    10    
1 0.00000000 0.00000000 0.00000000 0.00000000 0.00000000 0.46058981 0.00000000 0.00000000 0.53941019 0.00000000 
2 1.00000000 0.00000000 0.00000000 0.00000000 0.00000000 0.00000000 0.00000000 0.00000000 0.00000000 0.00000000 
3 0.00000000 0.00000000 0.00000000 0.00000000 0.00000000 0.00000000 0.00000000 1.00000000 0.00000000 0.00000000 
4 0.00000000 0.00000000 0.00000000 1.00000000 0.00000000 0.00000000 0.00000000 0.00000000 0.00000000 0.00000000 
5 0.00000000 1.00000000 0.00000000 0.00000000 0.00000000 0.00000000 0.00000000 0.00000000 0.00000000 0.00000000 
6 0.00000000 0.00000000 0.00000000 0.00000000 0.00000000 0.00000000 0.00000000 0.00000000 1.00000000 0.00000000 
7 0.00000000 0.00000000 0.00000000 0.00000000 1.00000000 0.00000000 0.00000000 0.00000000 0.00000000 0.00000000 
8 0.00000000 1.00000000 0.00000000 0.00000000 0.00000000 0.00000000 0.00000000 0.00000000 0.00000000 0.00000000 
9 0.00000000 0.18204334 0.81795666 0.00000000 0.00000000 0.00000000 0.00000000 0.00000000 0.00000000 0.00000000 
10 0.00000000 0.00000000 0.00000000 0.00000000 0.00000000 0.00000000 0.00000000 1.00000000 0.00000000 0.00000000 
11 1.00000000 0.00000000 0.00000000 0.00000000 0.00000000 0.00000000 0.00000000 0.00000000 0.00000000 0.00000000 
12 0.00000000 0.00000000 0.00000000 0.17234043 0.82765957 0.00000000 0.00000000 0.00000000 0.00000000 0.00000000 
13 0.00000000 0.00000000 0.00000000 0.00000000 0.00000000 0.49148936 0.00000000 0.00000000 0.00000000 0.50851064 
14 0.00000000 0.75492958 0.00000000 0.00000000 0.24507042 0.00000000 0.00000000 0.00000000 0.00000000 0.00000000 
15 0.37101449 0.62898551 0.00000000 0.00000000 0.00000000 0.00000000 0.00000000 0.00000000 0.00000000 0.00000000 
16 1.00000000 0.00000000 0.00000000 0.00000000 0.00000000 0.00000000 0.00000000 0.00000000 0.00000000 0.00000000 
18 0.00000000 0.00000000 0.00000000 0.12863071 0.00000000 0.00000000 0.38423237 0.13734440 0.00000000 0.34979253 
19 0.00000000 0.00000000 0.00000000 0.00000000 1.00000000 0.00000000 0.00000000 0.00000000 0.00000000 0.00000000 
21 0.00000000 0.00000000 0.00000000 1.00000000 0.00000000 0.00000000 0.00000000 0.00000000 0.00000000 0.00000000 
22 0.00000000 0.00000000 0.00000000 0.00000000 0.00000000 0.00000000 1.00000000 0.00000000 0.00000000 0.00000000 

workload distribution if node 1 fails:

2    3    4    5    6    7    8    9    10    
1 0.00000000 0.00000000 0.00000000 0.00000000 0.46058981 0.00000000 0.00000000 0.53941019 0.00000000 
2 1.00000000 0.00000000 0.00000000 0.00000000 0.00000000 0.00000000 0.00000000 0.00000000 0.00000000 
3 0.00000000 0.00000000 0.00000000 0.00000000 0.00000000 0.00000000 1.00000000 0.00000000 0.00000000 
4 0.00000000 0.00000000 1.00000000 0.00000000 0.00000000 0.00000000 0.00000000 0.00000000 0.00000000 
5 0.00000000 0.00000000 0.00000000 1.00000000 0.00000000 0.00000000 0.00000000 0.00000000 0.00000000 
6 0.00000000 0.00000000 0.00000000 0.00000000 0.00000000 0.00000000 0.00000000 1.00000000 0.00000000 
7 0.00000000 0.00000000 0.00000000 1.00000000 0.00000000 0.00000000 0.00000000 0.00000000 0.00000000 
8 0.00000000 0.00000000 0.00000000 1.00000000 0.00000000 0.00000000 0.00000000 0.00000000 0.00000000 
9 0.05804954 0.94195046 0.00000000 0.00000000 0.00000000 0.00000000 0.00000000 0.00000000 0.00000000 
10 0.00000000 0.00000000 0.00000000 0.00000000 0.00000000 0.00000000 1.00000000 0.00000000 0.00000000 
11 0.00000000 1.00000000 0.00000000 0.00000000 0.00000000 0.00000000 0.00000000 0.00000000 0.00000000 
12 0.00000000 0.00000000 1.00000000 0.00000000 0.00000000 0.00000000 0.00000000 0.00000000 0.00000000 
13 0.00000000 0.00000000 0.00000000 0.00000000 0.49148936 0.00000000 0.00000000 0.00000000 0.50851064 
14 1.00000000 0.00000000 0.00000000 0.00000000 0.00000000 0.00000000 0.00000000 0.00000000 0.00000000 
15 0.38768116 0.00000000 0.00000000 0.61231884 0.00000000 0.00000000 0.00000000 0.00000000 0.00000000 
16 1.00000000 0.00000000 0.00000000 0.00000000 0.00000000 0.00000000 0.00000000 0.00000000 0.00000000 
18 0.00000000 0.00000000 0.12863071 0.00000000 0.00000000 0.38423237 0.13734440 0.00000000 0.34979253 
19 0.00000000 0.00000000 0.00000000 1.00000000 0.00000000 0.00000000 0.00000000 0.00000000 0.00000000 
21 0.00000000 0.00000000 0.91666667 0.08333333 0.00000000 0.00000000 0.00000000 0.00000000 0.00000000 
22 0.00000000 0.00000000 0.00000000 0.00000000 0.00000000 1.00000000 0.00000000 0.00000000 0.00000000 

workload distribution if node 2 fails:

1    3    4    5    6    7    8    9    10    
1 0.00000000 0.00000000 0.00000000 0.00000000 0.46058981 0.00000000 0.00000000 0.53941019 0.00000000 
2 1.00000000 0.00000000 0.00000000 0.00000000 0.00000000 0.00000000 0.00000000 0.00000000 0.00000000 
3 0.00000000 0.00000000 0.00000000 0.00000000 0.00000000 0.00000000 1.00000000 0.00000000 0.00000000 
4 0.00000000 0.00000000 1.00000000 0.00000000 0.00000000 0.00000000 0.00000000 0.00000000 0.00000000 
5 0.00000000 0.00000000 0.00000000 1.00000000 0.00000000 0.00000000 0.00000000 0.00000000 0.00000000 
6 0.00000000 0.00000000 0.00000000 0.00000000 0.00000000 0.00000000 0.00000000 1.00000000 0.00000000 
7 0.00000000 0.00000000 0.00000000 1.00000000 0.00000000 0.00000000 0.00000000 0.00000000 0.00000000 
8 0.00000000 0.00000000 0.00000000 1.00000000 0.00000000 0.00000000 0.00000000 0.00000000 0.00000000 
9 0.00000000 1.00000000 0.00000000 0.00000000 0.00000000 0.00000000 0.00000000 0.00000000 0.00000000 
10 0.00000000 0.00000000 0.00000000 0.00000000 0.00000000 0.00000000 1.00000000 0.00000000 0.00000000 
11 0.72115385 0.27884615 0.00000000 0.00000000 0.00000000 0.00000000 0.00000000 0.00000000 0.00000000 
12 0.00000000 0.00000000 1.00000000 0.00000000 0.00000000 0.00000000 0.00000000 0.00000000 0.00000000 
13 0.00000000 0.00000000 0.00000000 0.00000000 0.49148936 0.00000000 0.00000000 0.00000000 0.50851064 
14 0.00000000 0.00000000 0.00000000 1.00000000 0.00000000 0.00000000 0.00000000 0.00000000 0.00000000 
15 0.90217391 0.00000000 0.00000000 0.09782609 0.00000000 0.00000000 0.00000000 0.00000000 0.00000000 
16 1.00000000 0.00000000 0.00000000 0.00000000 0.00000000 0.00000000 0.00000000 0.00000000 0.00000000 
18 0.00000000 0.00000000 0.12863071 0.00000000 0.00000000 0.38423237 0.13734440 0.00000000 0.34979253 
19 0.00000000 0.00000000 0.00000000 1.00000000 0.00000000 0.00000000 0.00000000 0.00000000 0.00000000 
21 0.00000000 0.00000000 0.91666667 0.08333333 0.00000000 0.00000000 0.00000000 0.00000000 0.00000000 
22 0.00000000 0.00000000 0.00000000 0.00000000 0.00000000 1.00000000 0.00000000 0.00000000 0.00000000 

workload distribution if node 3 fails:

1    2    4    5    6    7    8    9    10    
1 0.00000000 0.00000000 0.00000000 0.00000000 0.46058981 0.00000000 0.00000000 0.53941019 0.00000000 
2 1.00000000 0.00000000 0.00000000 0.00000000 0.00000000 0.00000000 0.00000000 0.00000000 0.00000000 
3 0.00000000 0.00000000 0.00000000 0.00000000 0.00000000 0.00000000 1.00000000 0.00000000 0.00000000 
4 0.00000000 0.00000000 1.00000000 0.00000000 0.00000000 0.00000000 0.00000000 0.00000000 0.00000000 
5 0.00000000 0.00000000 0.00000000 1.00000000 0.00000000 0.00000000 0.00000000 0.00000000 0.00000000 
6 0.00000000 0.00000000 0.00000000 0.00000000 0.00000000 0.00000000 0.00000000 1.00000000 0.00000000 
7 0.00000000 0.09177215 0.00000000 0.90822785 0.00000000 0.00000000 0.00000000 0.00000000 0.00000000 
8 0.00000000 0.00000000 0.00000000 1.00000000 0.00000000 0.00000000 0.00000000 0.00000000 0.00000000 
9 0.00000000 1.00000000 0.00000000 0.00000000 0.00000000 0.00000000 0.00000000 0.00000000 0.00000000 
10 0.00000000 0.00000000 0.00000000 0.00000000 0.00000000 0.00000000 1.00000000 0.00000000 0.00000000 
11 1.00000000 0.00000000 0.00000000 0.00000000 0.00000000 0.00000000 0.00000000 0.00000000 0.00000000 
12 0.00000000 0.00000000 1.00000000 0.00000000 0.00000000 0.00000000 0.00000000 0.00000000 0.00000000 
13 0.00000000 0.00000000 0.00000000 0.00000000 0.49148936 0.00000000 0.00000000 0.00000000 0.50851064 
14 0.00000000 0.00000000 0.00000000 1.00000000 0.00000000 0.00000000 0.00000000 0.00000000 0.00000000 
15 0.84963768 0.00000000 0.00000000 0.15036232 0.00000000 0.00000000 0.00000000 0.00000000 0.00000000 
16 1.00000000 0.00000000 0.00000000 0.00000000 0.00000000 0.00000000 0.00000000 0.00000000 0.00000000 
18 0.00000000 0.00000000 0.12863071 0.00000000 0.00000000 0.38423237 0.13734440 0.00000000 0.34979253 
19 0.00000000 0.00000000 0.00000000 1.00000000 0.00000000 0.00000000 0.00000000 0.00000000 0.00000000 
21 0.00000000 0.00000000 0.91666667 0.08333333 0.00000000 0.00000000 0.00000000 0.00000000 0.00000000 
22 0.00000000 0.00000000 0.00000000 0.00000000 0.00000000 1.00000000 0.00000000 0.00000000 0.00000000 

workload distribution if node 4 fails:

1    2    3    5    6    7    8    9    10    
1 0.00000000 0.00000000 0.00000000 0.00000000 0.46058981 0.00000000 0.00000000 0.53941019 0.00000000 
2 0.82000000 0.18000000 0.00000000 0.00000000 0.00000000 0.00000000 0.00000000 0.00000000 0.00000000 
3 0.00000000 0.00000000 0.00000000 0.00000000 0.00000000 0.00000000 1.00000000 0.00000000 0.00000000 
4 0.00000000 0.00000000 0.00000000 1.00000000 0.00000000 0.00000000 0.00000000 0.00000000 0.00000000 
5 0.00000000 1.00000000 0.00000000 0.00000000 0.00000000 0.00000000 0.00000000 0.00000000 0.00000000 
6 0.00000000 0.00000000 0.00000000 0.00000000 0.00000000 0.00000000 0.00000000 1.00000000 0.00000000 
7 0.00000000 1.00000000 0.00000000 0.00000000 0.00000000 0.00000000 0.00000000 0.00000000 0.00000000 
8 0.00000000 1.00000000 0.00000000 0.00000000 0.00000000 0.00000000 0.00000000 0.00000000 0.00000000 
9 0.00000000 0.00000000 1.00000000 0.00000000 0.00000000 0.00000000 0.00000000 0.00000000 0.00000000 
10 0.00000000 0.00000000 0.00000000 0.00000000 0.00000000 0.00000000 1.00000000 0.00000000 0.00000000 
11 0.72115385 0.00000000 0.27884615 0.00000000 0.00000000 0.00000000 0.00000000 0.00000000 0.00000000 
12 0.00000000 0.00000000 0.00000000 1.00000000 0.00000000 0.00000000 0.00000000 0.00000000 0.00000000 
13 0.00000000 0.00000000 0.00000000 0.00000000 0.49148936 0.00000000 0.00000000 0.00000000 0.50851064 
14 0.00000000 0.29225352 0.00000000 0.70774648 0.00000000 0.00000000 0.00000000 0.00000000 0.00000000 
15 1.00000000 0.00000000 0.00000000 0.00000000 0.00000000 0.00000000 0.00000000 0.00000000 0.00000000 
16 1.00000000 0.00000000 0.00000000 0.00000000 0.00000000 0.00000000 0.00000000 0.00000000 0.00000000 
18 0.00000000 0.12863071 0.00000000 0.00000000 0.00000000 0.38423237 0.13734440 0.00000000 0.34979253 
19 0.00000000 1.00000000 0.00000000 0.00000000 0.00000000 0.00000000 0.00000000 0.00000000 0.00000000 
21 0.00000000 0.00000000 0.00000000 1.00000000 0.00000000 0.00000000 0.00000000 0.00000000 0.00000000 
22 0.00000000 0.00000000 0.00000000 0.00000000 0.00000000 1.00000000 0.00000000 0.00000000 0.00000000 

workload distribution if node 5 fails:

1    2    3    4    6    7    8    9    10    
1 0.00000000 0.00000000 0.00000000 0.00000000 0.46058981 0.00000000 0.00000000 0.53941019 0.00000000 
2 1.00000000 0.00000000 0.00000000 0.00000000 0.00000000 0.00000000 0.00000000 0.00000000 0.00000000 
3 0.00000000 0.00000000 0.00000000 0.00000000 0.00000000 0.00000000 1.00000000 0.00000000 0.00000000 
4 0.00000000 0.00000000 0.00000000 1.00000000 0.00000000 0.00000000 0.00000000 0.00000000 0.00000000 
5 0.00000000 1.00000000 0.00000000 0.00000000 0.00000000 0.00000000 0.00000000 0.00000000 0.00000000 
6 0.00000000 0.00000000 0.00000000 0.00000000 0.00000000 0.00000000 0.00000000 1.00000000 0.00000000 
7 0.00000000 1.00000000 0.00000000 0.00000000 0.00000000 0.00000000 0.00000000 0.00000000 0.00000000 
8 0.00000000 1.00000000 0.00000000 0.00000000 0.00000000 0.00000000 0.00000000 0.00000000 0.00000000 
9 0.00000000 0.04179567 0.95820433 0.00000000 0.00000000 0.00000000 0.00000000 0.00000000 0.00000000 
10 0.00000000 0.00000000 0.00000000 0.00000000 0.00000000 0.00000000 1.00000000 0.00000000 0.00000000 
11 0.20192308 0.00000000 0.79807692 0.00000000 0.00000000 0.00000000 0.00000000 0.00000000 0.00000000 
12 0.00000000 0.00000000 0.00000000 1.00000000 0.00000000 0.00000000 0.00000000 0.00000000 0.00000000 
13 0.00000000 0.00000000 0.00000000 0.00000000 0.49148936 0.00000000 0.00000000 0.00000000 0.50851064 
14 0.00000000 1.00000000 0.00000000 0.00000000 0.00000000 0.00000000 0.00000000 0.00000000 0.00000000 
15 1.00000000 0.00000000 0.00000000 0.00000000 0.00000000 0.00000000 0.00000000 0.00000000 0.00000000 
16 1.00000000 0.00000000 0.00000000 0.00000000 0.00000000 0.00000000 0.00000000 0.00000000 0.00000000 
18 0.00000000 0.02437759 0.00000000 0.10425311 0.00000000 0.38423237 0.13734440 0.00000000 0.34979253 
19 0.00000000 1.00000000 0.00000000 0.00000000 0.00000000 0.00000000 0.00000000 0.00000000 0.00000000 
21 0.00000000 0.00000000 0.00000000 1.00000000 0.00000000 0.00000000 0.00000000 0.00000000 0.00000000 
22 0.00000000 0.00000000 0.00000000 0.00000000 0.00000000 1.00000000 0.00000000 0.00000000 0.00000000 

workload distribution if node 6 fails:

1    2    3    4    5    7    8    9    10    
1 0.00000000 0.00000000 0.00000000 0.00000000 0.00000000 0.28351206 0.00000000 0.71648794 0.00000000 
2 1.00000000 0.00000000 0.00000000 0.00000000 0.00000000 0.00000000 0.00000000 0.00000000 0.00000000 
3 0.00000000 0.00000000 0.00000000 0.00000000 0.00000000 1.00000000 0.00000000 0.00000000 0.00000000 
4 0.00000000 0.00000000 0.00000000 1.00000000 0.00000000 0.00000000 0.00000000 0.00000000 0.00000000 
5 0.00000000 1.00000000 0.00000000 0.00000000 0.00000000 0.00000000 0.00000000 0.00000000 0.00000000 
6 0.00000000 0.00000000 0.00000000 0.00000000 0.00000000 0.00000000 0.00000000 1.00000000 0.00000000 
7 0.00000000 0.00000000 0.00000000 0.00000000 1.00000000 0.00000000 0.00000000 0.00000000 0.00000000 
8 0.00000000 1.00000000 0.00000000 0.00000000 0.00000000 0.00000000 0.00000000 0.00000000 0.00000000 
9 0.00000000 0.18204334 0.81795666 0.00000000 0.00000000 0.00000000 0.00000000 0.00000000 0.00000000 
10 0.00000000 0.00000000 0.00000000 0.00000000 0.00000000 0.53125000 0.46875000 0.00000000 0.00000000 
11 1.00000000 0.00000000 0.00000000 0.00000000 0.00000000 0.00000000 0.00000000 0.00000000 0.00000000 
12 0.00000000 0.00000000 0.00000000 0.17234043 0.82765957 0.00000000 0.00000000 0.00000000 0.00000000 
13 0.00000000 0.00000000 0.00000000 0.00000000 0.00000000 0.00000000 0.00000000 0.00000000 1.00000000 
14 0.00000000 0.75492958 0.00000000 0.00000000 0.24507042 0.00000000 0.00000000 0.00000000 0.00000000 
15 0.37101449 0.62898551 0.00000000 0.00000000 0.00000000 0.00000000 0.00000000 0.00000000 0.00000000 
16 1.00000000 0.00000000 0.00000000 0.00000000 0.00000000 0.00000000 0.00000000 0.00000000 0.00000000 
18 0.00000000 0.00000000 0.00000000 0.12863071 0.00000000 0.00000000 0.57624481 0.00000000 0.29512448 
19 0.00000000 0.00000000 0.00000000 0.00000000 1.00000000 0.00000000 0.00000000 0.00000000 0.00000000 
21 0.00000000 0.00000000 0.00000000 1.00000000 0.00000000 0.00000000 0.00000000 0.00000000 0.00000000 
22 0.00000000 0.00000000 0.00000000 0.00000000 0.00000000 1.00000000 0.00000000 0.00000000 0.00000000 

workload distribution if node 7 fails:

1    2    3    4    5    6    8    9    10    
1 0.00000000 0.00000000 0.00000000 0.00000000 0.00000000 0.28351206 0.00000000 0.71648794 0.00000000 
2 1.00000000 0.00000000 0.00000000 0.00000000 0.00000000 0.00000000 0.00000000 0.00000000 0.00000000 
3 0.00000000 0.00000000 0.00000000 0.00000000 0.00000000 0.00000000 1.00000000 0.00000000 0.00000000 
4 0.00000000 0.00000000 0.00000000 1.00000000 0.00000000 0.00000000 0.00000000 0.00000000 0.00000000 
5 0.00000000 1.00000000 0.00000000 0.00000000 0.00000000 0.00000000 0.00000000 0.00000000 0.00000000 
6 0.00000000 0.00000000 0.00000000 0.00000000 0.00000000 0.00000000 0.00000000 1.00000000 0.00000000 
7 0.00000000 0.00000000 0.00000000 0.00000000 1.00000000 0.00000000 0.00000000 0.00000000 0.00000000 
8 0.00000000 1.00000000 0.00000000 0.00000000 0.00000000 0.00000000 0.00000000 0.00000000 0.00000000 
9 0.00000000 0.18204334 0.81795666 0.00000000 0.00000000 0.00000000 0.00000000 0.00000000 0.00000000 
10 0.00000000 0.00000000 0.00000000 0.00000000 0.00000000 0.00000000 1.00000000 0.00000000 0.00000000 
11 1.00000000 0.00000000 0.00000000 0.00000000 0.00000000 0.00000000 0.00000000 0.00000000 0.00000000 
12 0.00000000 0.00000000 0.00000000 0.17234043 0.82765957 0.00000000 0.00000000 0.00000000 0.00000000 
13 0.00000000 0.00000000 0.00000000 0.00000000 0.00000000 0.77393617 0.00000000 0.00000000 0.22606383 
14 0.00000000 0.75492958 0.00000000 0.00000000 0.24507042 0.00000000 0.00000000 0.00000000 0.00000000 
15 0.37101449 0.62898551 0.00000000 0.00000000 0.00000000 0.00000000 0.00000000 0.00000000 0.00000000 
16 1.00000000 0.00000000 0.00000000 0.00000000 0.00000000 0.00000000 0.00000000 0.00000000 0.00000000 
18 0.00000000 0.00000000 0.00000000 0.12863071 0.00000000 0.00000000 0.27437759 0.00000000 0.59699170 
19 0.00000000 0.00000000 0.00000000 0.00000000 1.00000000 0.00000000 0.00000000 0.00000000 0.00000000 
21 0.00000000 0.00000000 0.00000000 1.00000000 0.00000000 0.00000000 0.00000000 0.00000000 0.00000000 
22 0.00000000 0.00000000 0.00000000 0.00000000 0.00000000 1.00000000 0.00000000 0.00000000 0.00000000 

workload distribution if node 8 fails:

1    2    3    4    5    6    7    9    10    
1 0.00000000 0.00000000 0.00000000 0.00000000 0.00000000 0.16957105 0.00000000 0.83042895 0.00000000 
2 1.00000000 0.00000000 0.00000000 0.00000000 0.00000000 0.00000000 0.00000000 0.00000000 0.00000000 
3 0.00000000 0.00000000 0.00000000 0.00000000 0.00000000 0.00000000 1.00000000 0.00000000 0.00000000 
4 0.00000000 0.00000000 0.00000000 1.00000000 0.00000000 0.00000000 0.00000000 0.00000000 0.00000000 
5 0.00000000 1.00000000 0.00000000 0.00000000 0.00000000 0.00000000 0.00000000 0.00000000 0.00000000 
6 0.00000000 0.00000000 0.00000000 0.00000000 0.00000000 0.00000000 0.67460317 0.32539683 0.00000000 
7 0.00000000 0.00000000 0.00000000 0.00000000 1.00000000 0.00000000 0.00000000 0.00000000 0.00000000 
8 0.00000000 1.00000000 0.00000000 0.00000000 0.00000000 0.00000000 0.00000000 0.00000000 0.00000000 
9 0.00000000 0.18204334 0.81795666 0.00000000 0.00000000 0.00000000 0.00000000 0.00000000 0.00000000 
10 0.00000000 0.00000000 0.00000000 0.00000000 0.00000000 0.00000000 1.00000000 0.00000000 0.00000000 
11 1.00000000 0.00000000 0.00000000 0.00000000 0.00000000 0.00000000 0.00000000 0.00000000 0.00000000 
12 0.00000000 0.00000000 0.00000000 0.17234043 0.82765957 0.00000000 0.00000000 0.00000000 0.00000000 
13 0.00000000 0.00000000 0.00000000 0.00000000 0.00000000 1.00000000 0.00000000 0.00000000 0.00000000 
14 0.00000000 0.75492958 0.00000000 0.00000000 0.24507042 0.00000000 0.00000000 0.00000000 0.00000000 
15 0.37101449 0.62898551 0.00000000 0.00000000 0.00000000 0.00000000 0.00000000 0.00000000 0.00000000 
16 1.00000000 0.00000000 0.00000000 0.00000000 0.00000000 0.00000000 0.00000000 0.00000000 0.00000000 
18 0.00000000 0.00000000 0.00000000 0.12863071 0.00000000 0.00000000 0.18620332 0.00000000 0.68516598 
19 0.00000000 0.00000000 0.00000000 0.00000000 1.00000000 0.00000000 0.00000000 0.00000000 0.00000000 
21 0.00000000 0.00000000 0.00000000 1.00000000 0.00000000 0.00000000 0.00000000 0.00000000 0.00000000 
22 0.00000000 0.00000000 0.00000000 0.00000000 0.00000000 1.00000000 0.00000000 0.00000000 0.00000000 

workload distribution if node 9 fails:

1    2    3    4    5    6    7    8    10    
1 0.00000000 0.00000000 0.00000000 0.00000000 0.00000000 0.64544236 0.35455764 0.00000000 0.00000000 
2 1.00000000 0.00000000 0.00000000 0.00000000 0.00000000 0.00000000 0.00000000 0.00000000 0.00000000 
3 0.00000000 0.00000000 0.00000000 0.00000000 0.00000000 0.00000000 1.00000000 0.00000000 0.00000000 
4 0.00000000 0.00000000 0.00000000 1.00000000 0.00000000 0.00000000 0.00000000 0.00000000 0.00000000 
5 0.00000000 1.00000000 0.00000000 0.00000000 0.00000000 0.00000000 0.00000000 0.00000000 0.00000000 
6 0.00000000 0.00000000 0.00000000 0.00000000 0.00000000 1.00000000 0.00000000 0.00000000 0.00000000 
7 0.00000000 0.00000000 0.00000000 0.00000000 1.00000000 0.00000000 0.00000000 0.00000000 0.00000000 
8 0.00000000 1.00000000 0.00000000 0.00000000 0.00000000 0.00000000 0.00000000 0.00000000 0.00000000 
9 0.00000000 0.18204334 0.81795666 0.00000000 0.00000000 0.00000000 0.00000000 0.00000000 0.00000000 
10 0.00000000 0.00000000 0.00000000 0.00000000 0.00000000 0.00000000 1.00000000 0.00000000 0.00000000 
11 1.00000000 0.00000000 0.00000000 0.00000000 0.00000000 0.00000000 0.00000000 0.00000000 0.00000000 
12 0.00000000 0.00000000 0.00000000 0.17234043 0.82765957 0.00000000 0.00000000 0.00000000 0.00000000 
13 0.00000000 0.00000000 0.00000000 0.00000000 0.00000000 0.00000000 0.00000000 0.00000000 1.00000000 
14 0.00000000 0.75492958 0.00000000 0.00000000 0.24507042 0.00000000 0.00000000 0.00000000 0.00000000 
15 0.37101449 0.62898551 0.00000000 0.00000000 0.00000000 0.00000000 0.00000000 0.00000000 0.00000000 
16 1.00000000 0.00000000 0.00000000 0.00000000 0.00000000 0.00000000 0.00000000 0.00000000 0.00000000 
18 0.00000000 0.00000000 0.00000000 0.12863071 0.00000000 0.00000000 0.00000000 0.57624481 0.29512448 
19 0.00000000 0.00000000 0.00000000 0.00000000 1.00000000 0.00000000 0.00000000 0.00000000 0.00000000 
21 0.00000000 0.00000000 0.00000000 1.00000000 0.00000000 0.00000000 0.00000000 0.00000000 0.00000000 
22 0.00000000 0.00000000 0.00000000 0.00000000 0.00000000 0.33544304 0.00000000 0.66455696 0.00000000 

workload distribution if node 10 fails:

1    2    3    4    5    6    7    8    9    
1 0.00000000 0.00000000 0.00000000 0.00000000 0.00000000 0.16957105 0.11394102 0.00000000 0.71648794 
2 1.00000000 0.00000000 0.00000000 0.00000000 0.00000000 0.00000000 0.00000000 0.00000000 0.00000000 
3 0.00000000 0.00000000 0.00000000 0.00000000 0.00000000 0.00000000 1.00000000 0.00000000 0.00000000 
4 0.00000000 0.00000000 0.00000000 1.00000000 0.00000000 0.00000000 0.00000000 0.00000000 0.00000000 
5 0.00000000 1.00000000 0.00000000 0.00000000 0.00000000 0.00000000 0.00000000 0.00000000 0.00000000 
6 0.00000000 0.00000000 0.00000000 0.00000000 0.00000000 0.00000000 0.00000000 0.00000000 1.00000000 
7 0.00000000 0.00000000 0.00000000 0.00000000 1.00000000 0.00000000 0.00000000 0.00000000 0.00000000 
8 0.00000000 1.00000000 0.00000000 0.00000000 0.00000000 0.00000000 0.00000000 0.00000000 0.00000000 
9 0.00000000 0.18204334 0.81795666 0.00000000 0.00000000 0.00000000 0.00000000 0.00000000 0.00000000 
10 0.00000000 0.00000000 0.00000000 0.00000000 0.00000000 0.00000000 0.00000000 1.00000000 0.00000000 
11 1.00000000 0.00000000 0.00000000 0.00000000 0.00000000 0.00000000 0.00000000 0.00000000 0.00000000 
12 0.00000000 0.00000000 0.00000000 0.17234043 0.82765957 0.00000000 0.00000000 0.00000000 0.00000000 
13 0.00000000 0.00000000 0.00000000 0.00000000 0.00000000 1.00000000 0.00000000 0.00000000 0.00000000 
14 0.00000000 0.75492958 0.00000000 0.00000000 0.24507042 0.00000000 0.00000000 0.00000000 0.00000000 
15 0.37101449 0.62898551 0.00000000 0.00000000 0.00000000 0.00000000 0.00000000 0.00000000 0.00000000 
16 1.00000000 0.00000000 0.00000000 0.00000000 0.00000000 0.00000000 0.00000000 0.00000000 0.00000000 
18 0.00000000 0.00000000 0.00000000 0.12863071 0.00000000 0.00000000 0.41856846 0.45280083 0.00000000 
19 0.00000000 0.00000000 0.00000000 0.00000000 1.00000000 0.00000000 0.00000000 0.00000000 0.00000000 
21 0.00000000 0.00000000 0.00000000 1.00000000 0.00000000 0.00000000 0.00000000 0.00000000 0.00000000 
22 0.00000000 0.00000000 0.00000000 0.00000000 0.00000000 1.00000000 0.00000000 0.00000000 0.00000000 



zz_test [*] :=
 1  1
 2  1
 3  1
 4  1
 5  1
 6  1
 7  1
 8  1
 9  1
10  1
11  1
12  1
13  1
14  1
15  1
16  1
18  1
19  1
21  1
22  1
;

K_test [*] :=
 1  0.1
 2  0.1
 3  0.1
 4  0.1
 5  0.1
 6  0.1
 7  0.1
 8  0.1
 9  0.1
10  0.1
;

zz2_test [*,*]
:    1   2   3   4   5   6   7   8   9  10    :=
1    1   1   1   1   1   1   1   1   1   1
2    1   1   1   1   1   1   1   1   1   1
3    1   1   1   1   1   1   1   1   1   1
4    1   1   1   1   1   1   1   1   1   1
5    1   1   1   1   1   1   1   1   1   1
6    1   1   1   1   1   1   1   1   1   1
7    1   1   1   1   1   1   1   1   1   1
8    1   1   1   1   1   1   1   1   1   1
9    1   1   1   1   1   1   1   1   1   1
10   1   1   1   1   1   1   1   1   1   1
11   1   1   1   1   1   1   1   1   1   1
12   1   1   1   1   1   1   1   1   1   1
13   1   1   1   1   1   1   1   1   1   1
14   1   1   1   1   1   1   1   1   1   1
15   1   1   1   1   1   1   1   1   1   1
16   1   1   1   1   1   1   1   1   1   1
18   1   1   1   1   1   1   1   1   1   1
19   1   1   1   1   1   1   1   1   1   1
21   1   1   1   1   1   1   1   1   1   1
22   1   1   1   1   1   1   1   1   1   1
;

K2_test [*,*]
:      1       2       3       4       5       6       7       8       9     :=
1     .      0.125   0.125   0.125   0.125   0.1     0.1     0.1     0.1
2    0.125    .      0.125   0.125   0.125   0.1     0.1     0.1     0.1
3    0.125   0.125    .      0.125   0.125   0.1     0.1     0.1     0.1
4    0.125   0.125   0.125    .      0.125   0.1     0.1     0.1     0.1
5    0.125   0.125   0.125   0.125    .      0.1     0.1     0.1     0.1
6    0.1     0.1     0.1     0.1     0.1      .      0.125   0.125   0.125
7    0.1     0.1     0.1     0.1     0.1     0.125    .      0.125   0.125
8    0.1     0.1     0.1     0.1     0.1     0.125   0.125    .      0.125
9    0.1     0.1     0.1     0.1     0.1     0.125   0.125   0.125    .
10   0.1     0.1     0.1     0.1     0.1     0.125   0.125   0.125   0.125

:    10      :=
1   0.1
2   0.1
3   0.1
4   0.1
5   0.1
6   0.125
7   0.125
8   0.125
9   0.125
;

zz2 [*,1,*]
:        2          3         4           5          6          7        :=
1    0           0         0          0           0.46059    0
2    1           0         0          0           0          0
3    0           0         0          0           0          0
4    0           0         1          0           0          0
5    0           0         0          1           0          0
6    0           0         0          0           0          0
7    0           0         0          1           0          0
8    0           0         0          1           0          0
9    0.0580495   0.94195   0          0           0          0
10   0           0         0          0           0          0
11   0           1         0          0           0          0
12   0           0         1          0           0          0
13   0           0         0          0           0.491489   0
14   1           0         0          0           0          0
15   0.387681    0         0          0.612319    0          0
16   1           0         0          0           0          0
18   0           0         0.128631   0           0          0.384232
19   0           0         0          1           0          0
21   0           0         0.916667   0.0833333   0          0
22   0           0         0          0           0          1

:       8          9         10       :=
1    0          0.53941   0
2    0          0         0
3    1          0         0
4    0          0         0
5    0          0         0
6    0          1         0
7    0          0         0
8    0          0         0
9    0          0         0
10   1          0         0
11   0          0         0
12   0          0         0
13   0          0         0.508511
14   0          0         0
15   0          0         0
16   0          0         0
18   0.137344   0         0.349793
19   0          0         0
21   0          0         0
22   0          0         0

 [*,2,*]
:       1          3          4           5          6          7        :=
1    0          0          0          0           0.46059    0
2    1          0          0          0           0          0
3    0          0          0          0           0          0
4    0          0          1          0           0          0
5    0          0          0          1           0          0
6    0          0          0          0           0          0
7    0          0          0          1           0          0
8    0          0          0          1           0          0
9    0          1          0          0           0          0
10   0          0          0          0           0          0
11   0.721154   0.278846   0          0           0          0
12   0          0          1          0           0          0
13   0          0          0          0           0.491489   0
14   0          0          0          1           0          0
15   0.902174   0          0          0.0978261   0          0
16   1          0          0          0           0          0
18   0          0          0.128631   0           0          0.384232
19   0          0          0          1           0          0
21   0          0          0.916667   0.0833333   0          0
22   0          0          0          0           0          1

:       8          9         10       :=
1    0          0.53941   0
2    0          0         0
3    1          0         0
4    0          0         0
5    0          0         0
6    0          1         0
7    0          0         0
8    0          0         0
9    0          0         0
10   1          0         0
11   0          0         0
12   0          0         0
13   0          0         0.508511
14   0          0         0
15   0          0         0
16   0          0         0
18   0.137344   0         0.349793
19   0          0         0
21   0          0         0
22   0          0         0

 [*,3,*]
:       1           2          4           5          6          7        :=
1    0          0           0          0           0.46059    0
2    1          0           0          0           0          0
3    0          0           0          0           0          0
4    0          0           1          0           0          0
5    0          0           0          1           0          0
6    0          0           0          0           0          0
7    0          0.0917722   0          0.908228    0          0
8    0          0           0          1           0          0
9    0          1           0          0           0          0
10   0          0           0          0           0          0
11   1          0           0          0           0          0
12   0          0           1          0           0          0
13   0          0           0          0           0.491489   0
14   0          0           0          1           0          0
15   0.849638   0           0          0.150362    0          0
16   1          0           0          0           0          0
18   0          0           0.128631   0           0          0.384232
19   0          0           0          1           0          0
21   0          0           0.916667   0.0833333   0          0
22   0          0           0          0           0          1

:       8          9         10       :=
1    0          0.53941   0
2    0          0         0
3    1          0         0
4    0          0         0
5    0          0         0
6    0          1         0
7    0          0         0
8    0          0         0
9    0          0         0
10   1          0         0
11   0          0         0
12   0          0         0
13   0          0         0.508511
14   0          0         0
15   0          0         0
16   0          0         0
18   0.137344   0         0.349793
19   0          0         0
21   0          0         0
22   0          0         0

 [*,4,*]
:       1          2          3          5          6          7          8  :=
1    0          0          0          0          0.46059    0          0
2    0.82       0.18       0          0          0          0          0
3    0          0          0          0          0          0          1
4    0          0          0          1          0          0          0
5    0          1          0          0          0          0          0
6    0          0          0          0          0          0          0
7    0          1          0          0          0          0          0
8    0          1          0          0          0          0          0
9    0          0          1          0          0          0          0
10   0          0          0          0          0          0          1
11   0.721154   0          0.278846   0          0          0          0
12   0          0          0          1          0          0          0
13   0          0          0          0          0.491489   0          0
14   0          0.292254   0          0.707746   0          0          0
15   1          0          0          0          0          0          0
16   1          0          0          0          0          0          0
18   0          0.128631   0          0          0          0.384232   0.137344
19   0          1          0          0          0          0          0
21   0          0          0          1          0          0          0
22   0          0          0          0          0          1          0

:       9         10       :=
1    0.53941   0
2    0         0
3    0         0
4    0         0
5    0         0
6    1         0
7    0         0
8    0         0
9    0         0
10   0         0
11   0         0
12   0         0
13   0         0.508511
14   0         0
15   0         0
16   0         0
18   0         0.349793
19   0         0
21   0         0
22   0         0

 [*,5,*]
:       1           2          3          4          6          7        :=
1    0          0           0          0          0.46059    0
2    1          0           0          0          0          0
3    0          0           0          0          0          0
4    0          0           0          1          0          0
5    0          1           0          0          0          0
6    0          0           0          0          0          0
7    0          1           0          0          0          0
8    0          1           0          0          0          0
9    0          0.0417957   0.958204   0          0          0
10   0          0           0          0          0          0
11   0.201923   0           0.798077   0          0          0
12   0          0           0          1          0          0
13   0          0           0          0          0.491489   0
14   0          1           0          0          0          0
15   1          0           0          0          0          0
16   1          0           0          0          0          0
18   0          0.0243776   0          0.104253   0          0.384232
19   0          1           0          0          0          0
21   0          0           0          1          0          0
22   0          0           0          0          0          1

:       8          9         10       :=
1    0          0.53941   0
2    0          0         0
3    1          0         0
4    0          0         0
5    0          0         0
6    0          1         0
7    0          0         0
8    0          0         0
9    0          0         0
10   1          0         0
11   0          0         0
12   0          0         0
13   0          0         0.508511
14   0          0         0
15   0          0         0
16   0          0         0
18   0.137344   0         0.349793
19   0          0         0
21   0          0         0
22   0          0         0

 [*,6,*]
:       1          2          3          4          5         7          8   :=
1    0          0          0          0          0         0.283512   0
2    1          0          0          0          0         0          0
3    0          0          0          0          0         1          0
4    0          0          0          1          0         0          0
5    0          1          0          0          0         0          0
6    0          0          0          0          0         0          0
7    0          0          0          0          1         0          0
8    0          1          0          0          0         0          0
9    0          0.182043   0.817957   0          0         0          0
10   0          0          0          0          0         0.53125    0.46875
11   1          0          0          0          0         0          0
12   0          0          0          0.17234    0.82766   0          0
13   0          0          0          0          0         0          0
14   0          0.75493    0          0          0.24507   0          0
15   0.371014   0.628986   0          0          0         0          0
16   1          0          0          0          0         0          0
18   0          0          0          0.128631   0         0          0.576245
19   0          0          0          0          1         0          0
21   0          0          0          1          0         0          0
22   0          0          0          0          0         1          0

:       9          10       :=
1    0.716488   0
2    0          0
3    0          0
4    0          0
5    0          0
6    1          0
7    0          0
8    0          0
9    0          0
10   0          0
11   0          0
12   0          0
13   0          1
14   0          0
15   0          0
16   0          0
18   0          0.295124
19   0          0
21   0          0
22   0          0

 [*,7,*]
:       1          2          3          4          5         6          8   :=
1    0          0          0          0          0         0.283512   0
2    1          0          0          0          0         0          0
3    0          0          0          0          0         0          1
4    0          0          0          1          0         0          0
5    0          1          0          0          0         0          0
6    0          0          0          0          0         0          0
7    0          0          0          0          1         0          0
8    0          1          0          0          0         0          0
9    0          0.182043   0.817957   0          0         0          0
10   0          0          0          0          0         0          1
11   1          0          0          0          0         0          0
12   0          0          0          0.17234    0.82766   0          0
13   0          0          0          0          0         0.773936   0
14   0          0.75493    0          0          0.24507   0          0
15   0.371014   0.628986   0          0          0         0          0
16   1          0          0          0          0         0          0
18   0          0          0          0.128631   0         0          0.274378
19   0          0          0          0          1         0          0
21   0          0          0          1          0         0          0
22   0          0          0          0          0         1          0

:       9          10       :=
1    0.716488   0
2    0          0
3    0          0
4    0          0
5    0          0
6    1          0
7    0          0
8    0          0
9    0          0
10   0          0
11   0          0
12   0          0
13   0          0.226064
14   0          0
15   0          0
16   0          0
18   0          0.596992
19   0          0
21   0          0
22   0          0

 [*,8,*]
:       1          2          3          4          5         6          7   :=
1    0          0          0          0          0         0.169571   0
2    1          0          0          0          0         0          0
3    0          0          0          0          0         0          1
4    0          0          0          1          0         0          0
5    0          1          0          0          0         0          0
6    0          0          0          0          0         0          0.674603
7    0          0          0          0          1         0          0
8    0          1          0          0          0         0          0
9    0          0.182043   0.817957   0          0         0          0
10   0          0          0          0          0         0          1
11   1          0          0          0          0         0          0
12   0          0          0          0.17234    0.82766   0          0
13   0          0          0          0          0         1          0
14   0          0.75493    0          0          0.24507   0          0
15   0.371014   0.628986   0          0          0         0          0
16   1          0          0          0          0         0          0
18   0          0          0          0.128631   0         0          0.186203
19   0          0          0          0          1         0          0
21   0          0          0          1          0         0          0
22   0          0          0          0          0         1          0

:       9          10       :=
1    0.830429   0
2    0          0
3    0          0
4    0          0
5    0          0
6    0.325397   0
7    0          0
8    0          0
9    0          0
10   0          0
11   0          0
12   0          0
13   0          0
14   0          0
15   0          0
16   0          0
18   0          0.685166
19   0          0
21   0          0
22   0          0

 [*,9,*]
:       1          2          3          4          5         6          7   :=
1    0          0          0          0          0         0.645442   0.354558
2    1          0          0          0          0         0          0
3    0          0          0          0          0         0          1
4    0          0          0          1          0         0          0
5    0          1          0          0          0         0          0
6    0          0          0          0          0         1          0
7    0          0          0          0          1         0          0
8    0          1          0          0          0         0          0
9    0          0.182043   0.817957   0          0         0          0
10   0          0          0          0          0         0          1
11   1          0          0          0          0         0          0
12   0          0          0          0.17234    0.82766   0          0
13   0          0          0          0          0         0          0
14   0          0.75493    0          0          0.24507   0          0
15   0.371014   0.628986   0          0          0         0          0
16   1          0          0          0          0         0          0
18   0          0          0          0.128631   0         0          0
19   0          0          0          0          1         0          0
21   0          0          0          1          0         0          0
22   0          0          0          0          0         0.335443   0

:       8          10       :=
1    0          0
2    0          0
3    0          0
4    0          0
5    0          0
6    0          0
7    0          0
8    0          0
9    0          0
10   0          0
11   0          0
12   0          0
13   0          1
14   0          0
15   0          0
16   0          0
18   0.576245   0.295124
19   0          0
21   0          0
22   0.664557   0

 [*,10,*]
:       1          2          3          4          5         6          7   :=
1    0          0          0          0          0         0.169571   0.113941
2    1          0          0          0          0         0          0
3    0          0          0          0          0         0          1
4    0          0          0          1          0         0          0
5    0          1          0          0          0         0          0
6    0          0          0          0          0         0          0
7    0          0          0          0          1         0          0
8    0          1          0          0          0         0          0
9    0          0.182043   0.817957   0          0         0          0
10   0          0          0          0          0         0          0
11   1          0          0          0          0         0          0
12   0          0          0          0.17234    0.82766   0          0
13   0          0          0          0          0         1          0
14   0          0.75493    0          0          0.24507   0          0
15   0.371014   0.628986   0          0          0         0          0
16   1          0          0          0          0         0          0
18   0          0          0          0.128631   0         0          0.418568
19   0          0          0          0          1         0          0
21   0          0          0          1          0         0          0
22   0          0          0          0          0         1          0

:       8          9        :=
1    0          0.716488
2    0          0
3    0          0
4    0          0
5    0          0
6    0          1
7    0          0
8    0          0
9    0          0
10   1          0
11   0          0
12   0          0
13   0          0
14   0          0
15   0          0
16   0          0
18   0.452801   0
19   0          0
21   0          0
22   0          0
;

