K=5, W/V=3.0420238, B=2, time:0.296

ca [*] :=
1  3
2  2
;

fragment allocation x on node k:

1    2    3    4    5    
0 0 1 1 1 1 
1 0 1 1 0 0 
2 0 0 0 1 1 
3 0 1 1 1 1 
4 0 1 1 1 1 
5 0 1 1 1 1 
6 0 1 1 0 0 
7 0 0 0 0 0 
8 0 0 0 0 0 
9 0 1 1 1 1 
10 0 1 1 1 1 
11 0 0 0 0 0 
12 1 1 1 1 1 
13 1 1 1 1 1 
14 0 1 1 1 1 
15 0 0 0 0 0 
16 1 1 1 1 1 
17 1 1 0 1 1 
18 0 0 0 1 1 
19 1 1 1 1 1 
20 0 0 0 1 1 
21 0 0 0 1 1 
22 0 0 0 1 1 
23 1 1 1 1 1 
24 1 1 1 0 0 
25 0 1 1 0 0 
26 0 1 1 0 0 
27 1 1 1 1 1 
28 1 1 1 1 1 
29 0 1 1 0 0 
30 0 1 1 0 0 
31 0 1 1 1 1 
32 0 1 1 1 1 
33 0 0 0 1 1 
34 0 1 1 1 1 
35 0 0 0 0 0 
36 1 1 1 1 1 
37 1 1 1 1 1 
38 1 1 0 0 0 
39 1 1 0 0 0 
40 1 1 1 0 0 
41 1 1 0 0 0 
42 0 0 0 0 0 
43 0 1 1 0 0 
44 0 0 0 1 1 
45 1 1 1 0 0 
46 0 1 1 1 1 
47 1 1 1 1 1 
48 0 0 0 0 0 
49 1 1 1 1 1 
50 0 1 1 1 1 
51 0 1 1 1 1 
52 0 0 0 1 1 
53 0 1 1 1 1 
54 0 0 0 1 1 
55 1 1 1 1 1 
56 1 1 0 0 0 
57 1 1 0 0 0 
58 0 1 1 0 0 
59 1 1 1 0 0 

query feasibility y on node k:

1    2    3    4    5    
1 0 0 0 1 1 
2 0 0 0 1 1 
3 0 1 1 0 0 
4 1 1 0 0 0 
5 0 1 1 0 0 
6 0 0 0 1 1 
7 0 1 1 0 0 
8 0 1 1 0 0 
9 0 1 1 0 0 
10 0 1 1 0 0 
11 0 0 0 1 1 
12 1 1 0 0 0 
13 0 0 0 1 1 
14 0 0 0 1 1 
15 0 0 0 1 1 
16 0 0 0 1 1 
18 1 1 0 0 0 
19 0 1 1 0 0 
21 1 1 0 0 0 
22 1 1 1 1 1 

workload distribution ohne node failure:

1    2    3    4    5    
1 0.00000000 0.00000000 0.00000000 1.00000000 0.00000000 
2 0.00000000 0.00000000 0.00000000 0.00000000 1.00000000 
3 0.00000000 0.00000000 1.00000000 0.00000000 0.00000000 
4 1.00000000 0.00000000 0.00000000 0.00000000 0.00000000 
5 0.00000000 0.00000000 1.00000000 0.00000000 0.00000000 
6 0.00000000 0.00000000 0.00000000 0.00000000 1.00000000 
7 0.00000000 1.00000000 0.00000000 0.00000000 0.00000000 
8 0.00000000 1.00000000 0.00000000 0.00000000 0.00000000 
9 0.00000000 0.00000000 1.00000000 0.00000000 0.00000000 
10 0.00000000 0.39821429 0.60178571 0.00000000 0.00000000 
11 0.00000000 0.00000000 0.00000000 0.25384615 0.74615385 
12 1.00000000 0.00000000 0.00000000 0.00000000 0.00000000 
13 0.00000000 0.00000000 0.00000000 0.00000000 1.00000000 
14 0.00000000 0.00000000 0.00000000 0.00000000 1.00000000 
15 0.00000000 0.00000000 0.00000000 1.00000000 0.00000000 
16 0.00000000 0.00000000 0.00000000 0.00000000 1.00000000 
18 0.51535270 0.48464730 0.00000000 0.00000000 0.00000000 
19 0.00000000 1.00000000 0.00000000 0.00000000 0.00000000 
21 1.00000000 0.00000000 0.00000000 0.00000000 0.00000000 
22 0.00000000 0.86329114 0.00000000 0.13670886 0.00000000 

workload distribution if node 1 fails:

2    3    4    5    
1 0.00000000 0.00000000 1.00000000 0.00000000 
2 0.00000000 0.00000000 0.00000000 1.00000000 
3 0.35581395 0.64418605 0.00000000 0.00000000 
4 1.00000000 0.00000000 0.00000000 0.00000000 
5 0.00000000 1.00000000 0.00000000 0.00000000 
6 0.00000000 0.00000000 0.00000000 1.00000000 
7 0.00000000 1.00000000 0.00000000 0.00000000 
8 0.00000000 1.00000000 0.00000000 0.00000000 
9 0.00000000 1.00000000 0.00000000 0.00000000 
10 0.00000000 1.00000000 0.00000000 0.00000000 
11 0.00000000 0.00000000 0.25384615 0.74615385 
12 1.00000000 0.00000000 0.00000000 0.00000000 
13 0.00000000 0.00000000 0.00000000 1.00000000 
14 0.00000000 0.00000000 0.00000000 1.00000000 
15 0.00000000 0.00000000 1.00000000 0.00000000 
16 0.00000000 0.00000000 0.00000000 1.00000000 
18 1.00000000 0.00000000 0.00000000 0.00000000 
19 0.00000000 1.00000000 0.00000000 0.00000000 
21 1.00000000 0.00000000 0.00000000 0.00000000 
22 0.00000000 0.86329114 0.13670886 0.00000000 

workload distribution if node 2 fails:

1    3    4    5    
1 0.00000000 0.00000000 1.00000000 0.00000000 
2 0.00000000 0.00000000 0.00000000 1.00000000 
3 0.00000000 1.00000000 0.00000000 0.00000000 
4 1.00000000 0.00000000 0.00000000 0.00000000 
5 0.00000000 1.00000000 0.00000000 0.00000000 
6 0.00000000 0.00000000 0.00000000 1.00000000 
7 0.00000000 1.00000000 0.00000000 0.00000000 
8 0.00000000 1.00000000 0.00000000 0.00000000 
9 0.00000000 1.00000000 0.00000000 0.00000000 
10 0.00000000 1.00000000 0.00000000 0.00000000 
11 0.00000000 0.00000000 0.25384615 0.74615385 
12 1.00000000 0.00000000 0.00000000 0.00000000 
13 0.00000000 0.00000000 0.00000000 1.00000000 
14 0.00000000 0.00000000 0.00000000 1.00000000 
15 0.00000000 0.00000000 1.00000000 0.00000000 
16 0.00000000 0.00000000 0.00000000 1.00000000 
18 1.00000000 0.00000000 0.00000000 0.00000000 
19 0.00000000 1.00000000 0.00000000 0.00000000 
21 1.00000000 0.00000000 0.00000000 0.00000000 
22 0.38734177 0.47594937 0.13670886 0.00000000 

workload distribution if node 3 fails:

1    2    4    5    
1 0.00000000 0.00000000 1.00000000 0.00000000 
2 0.00000000 0.00000000 0.00000000 1.00000000 
3 0.00000000 1.00000000 0.00000000 0.00000000 
4 1.00000000 0.00000000 0.00000000 0.00000000 
5 0.00000000 1.00000000 0.00000000 0.00000000 
6 0.00000000 0.00000000 0.00000000 1.00000000 
7 0.00000000 1.00000000 0.00000000 0.00000000 
8 0.00000000 1.00000000 0.00000000 0.00000000 
9 0.00000000 1.00000000 0.00000000 0.00000000 
10 0.00000000 1.00000000 0.00000000 0.00000000 
11 0.00000000 0.00000000 0.25384615 0.74615385 
12 1.00000000 0.00000000 0.00000000 0.00000000 
13 0.00000000 0.00000000 0.00000000 1.00000000 
14 0.00000000 0.00000000 0.00000000 1.00000000 
15 0.00000000 0.00000000 1.00000000 0.00000000 
16 0.00000000 0.00000000 0.00000000 1.00000000 
18 1.00000000 0.00000000 0.00000000 0.00000000 
19 0.00000000 1.00000000 0.00000000 0.00000000 
21 0.73333333 0.26666667 0.00000000 0.00000000 
22 0.86329114 0.00000000 0.13670886 0.00000000 

workload distribution if node 4 fails:

1    2    3    5    
1 0.00000000 0.00000000 0.00000000 1.00000000 
2 0.00000000 0.00000000 0.00000000 1.00000000 
3 0.00000000 0.00000000 1.00000000 0.00000000 
4 1.00000000 0.00000000 0.00000000 0.00000000 
5 0.00000000 0.00000000 1.00000000 0.00000000 
6 0.00000000 0.00000000 0.00000000 1.00000000 
7 0.00000000 1.00000000 0.00000000 0.00000000 
8 0.00000000 1.00000000 0.00000000 0.00000000 
9 0.00000000 0.00000000 1.00000000 0.00000000 
10 0.00000000 0.39821429 0.60178571 0.00000000 
11 0.00000000 0.00000000 0.00000000 1.00000000 
12 1.00000000 0.00000000 0.00000000 0.00000000 
13 0.00000000 0.00000000 0.00000000 1.00000000 
14 0.00000000 0.00000000 0.00000000 1.00000000 
15 0.00000000 0.00000000 0.00000000 1.00000000 
16 0.00000000 0.00000000 0.00000000 1.00000000 
18 0.51535270 0.48464730 0.00000000 0.00000000 
19 0.00000000 1.00000000 0.00000000 0.00000000 
21 1.00000000 0.00000000 0.00000000 0.00000000 
22 0.00000000 0.86329114 0.00000000 0.13670886 

workload distribution if node 5 fails:

1    2    3    4    
1 0.00000000 0.00000000 0.00000000 1.00000000 
2 0.00000000 0.00000000 0.00000000 1.00000000 
3 0.00000000 0.00000000 1.00000000 0.00000000 
4 1.00000000 0.00000000 0.00000000 0.00000000 
5 0.00000000 0.00000000 1.00000000 0.00000000 
6 0.00000000 0.00000000 0.00000000 1.00000000 
7 0.00000000 1.00000000 0.00000000 0.00000000 
8 0.00000000 1.00000000 0.00000000 0.00000000 
9 0.00000000 0.00000000 1.00000000 0.00000000 
10 0.00000000 0.39821429 0.60178571 0.00000000 
11 0.00000000 0.00000000 0.00000000 1.00000000 
12 1.00000000 0.00000000 0.00000000 0.00000000 
13 0.00000000 0.00000000 0.00000000 1.00000000 
14 0.00000000 0.00000000 0.00000000 1.00000000 
15 0.00000000 0.00000000 0.00000000 1.00000000 
16 0.00000000 0.00000000 0.00000000 1.00000000 
18 0.51535270 0.48464730 0.00000000 0.00000000 
19 0.00000000 1.00000000 0.00000000 0.00000000 
21 1.00000000 0.00000000 0.00000000 0.00000000 
22 0.00000000 0.86329114 0.00000000 0.13670886 



zz_test [*] :=
 1  1
 2  1
 3  1
 4  1
 5  1
 6  1
 7  1
 8  1
 9  1
10  1
11  1
12  1
13  1
14  1
15  1
16  1
18  1
19  1
21  1
22  1
;

K_test [*] :=
1  0.2
2  0.2
3  0.2
4  0.2
5  0.2
;

zz2_test [*,*]
:    1   2   3   4   5    :=
1    1   1   1   1   1
2    1   1   1   1   1
3    1   1   1   1   1
4    1   1   1   1   1
5    1   1   1   1   1
6    1   1   1   1   1
7    1   1   1   1   1
8    1   1   1   1   1
9    1   1   1   1   1
10   1   1   1   1   1
11   1   1   1   1   1
12   1   1   1   1   1
13   1   1   1   1   1
14   1   1   1   1   1
15   1   1   1   1   1
16   1   1   1   1   1
18   1   1   1   1   1
19   1   1   1   1   1
21   1   1   1   1   1
22   1   1   1   1   1
;

K2_test :=
1 2   0.3
1 3   0.3
1 4   0.2
1 5   0.2
2 1   0.3
2 3   0.3
2 4   0.2
2 5   0.2
3 1   0.3
3 2   0.3
3 4   0.2
3 5   0.2
4 1   0.2
4 2   0.2
4 3   0.2
4 5   0.4
5 1   0.2
5 2   0.2
5 3   0.2
5 4   0.4
;

zz2 [*,1,*]
:       2          3          4          5        :=
1    0          0          1          0
2    0          0          0          1
3    0.355814   0.644186   0          0
4    1          0          0          0
5    0          1          0          0
6    0          0          0          1
7    0          1          0          0
8    0          1          0          0
9    0          1          0          0
10   0          1          0          0
11   0          0          0.253846   0.746154
12   1          0          0          0
13   0          0          0          1
14   0          0          0          1
15   0          0          1          0
16   0          0          0          1
18   1          0          0          0
19   0          1          0          0
21   1          0          0          0
22   0          0.863291   0.136709   0

 [*,2,*]
:       1          3          4          5        :=
1    0          0          1          0
2    0          0          0          1
3    0          1          0          0
4    1          0          0          0
5    0          1          0          0
6    0          0          0          1
7    0          1          0          0
8    0          1          0          0
9    0          1          0          0
10   0          1          0          0
11   0          0          0.253846   0.746154
12   1          0          0          0
13   0          0          0          1
14   0          0          0          1
15   0          0          1          0
16   0          0          0          1
18   1          0          0          0
19   0          1          0          0
21   1          0          0          0
22   0.387342   0.475949   0.136709   0

 [*,3,*]
:       1          2          4          5        :=
1    0          0          1          0
2    0          0          0          1
3    0          1          0          0
4    1          0          0          0
5    0          1          0          0
6    0          0          0          1
7    0          1          0          0
8    0          1          0          0
9    0          1          0          0
10   0          1          0          0
11   0          0          0.253846   0.746154
12   1          0          0          0
13   0          0          0          1
14   0          0          0          1
15   0          0          1          0
16   0          0          0          1
18   1          0          0          0
19   0          1          0          0
21   0.733333   0.266667   0          0
22   0.863291   0          0.136709   0

 [*,4,*]
:       1          2          3          5        :=
1    0          0          0          1
2    0          0          0          1
3    0          0          1          0
4    1          0          0          0
5    0          0          1          0
6    0          0          0          1
7    0          1          0          0
8    0          1          0          0
9    0          0          1          0
10   0          0.398214   0.601786   0
11   0          0          0          1
12   1          0          0          0
13   0          0          0          1
14   0          0          0          1
15   0          0          0          1
16   0          0          0          1
18   0.515353   0.484647   0          0
19   0          1          0          0
21   1          0          0          0
22   0          0.863291   0          0.136709

 [*,5,*]
:       1          2          3          4        :=
1    0          0          0          1
2    0          0          0          1
3    0          0          1          0
4    1          0          0          0
5    0          0          1          0
6    0          0          0          1
7    0          1          0          0
8    0          1          0          0
9    0          0          1          0
10   0          0.398214   0.601786   0
11   0          0          0          1
12   1          0          0          0
13   0          0          0          1
14   0          0          0          1
15   0          0          0          1
16   0          0          0          1
18   0.515353   0.484647   0          0
19   0          1          0          0
21   1          0          0          0
22   0          0.863291   0          0.136709
;

