K=14, W/V=5.3828453, B=3, time:1.282

ca [*] :=
1  5
2  5
3  4
;

fragment allocation x on node k:

1    2    3    4    5    6    7    8    9    10    11    12    13    14    
0 0 0 0 0 0 1 1 1 1 0 0 0 1 1 
1 0 0 0 0 0 1 0 1 1 0 0 0 0 0 
2 0 0 0 0 0 0 0 0 0 0 0 0 1 1 
3 0 0 0 0 0 1 0 0 1 0 0 0 1 1 
4 0 0 0 0 0 1 1 0 1 0 0 0 1 1 
5 0 0 0 0 0 1 0 0 1 0 0 0 1 1 
6 0 0 0 0 0 1 0 0 1 0 0 0 0 0 
7 0 0 0 0 0 0 0 0 0 0 0 0 0 0 
8 0 0 0 0 0 0 0 0 0 0 0 0 0 0 
9 0 0 0 0 0 0 1 0 1 0 0 0 1 1 
10 0 0 0 0 0 0 1 0 1 0 0 0 1 1 
11 0 0 0 0 0 0 0 0 0 0 0 0 0 0 
12 1 1 0 0 0 1 1 1 1 1 0 0 1 1 
13 1 1 0 0 0 1 1 1 1 1 0 0 1 1 
14 0 0 0 0 0 0 1 0 1 0 0 0 1 1 
15 0 0 0 0 0 0 0 0 0 0 0 0 0 0 
16 0 0 0 0 0 1 1 1 1 1 1 0 1 1 
17 0 0 0 0 0 0 1 0 0 1 1 0 1 1 
18 0 0 0 0 0 0 0 0 0 0 1 0 1 1 
19 0 0 0 0 0 1 1 1 1 1 0 0 1 1 
20 0 0 0 0 0 0 0 0 0 0 1 0 1 1 
21 0 0 0 0 0 0 0 0 0 0 0 0 1 1 
22 0 0 0 0 0 1 0 0 1 0 0 0 1 1 
23 1 1 1 1 1 1 1 0 1 0 0 0 0 0 
24 1 1 1 1 0 0 0 0 0 0 0 0 0 0 
25 1 1 0 0 0 0 0 0 0 0 0 0 0 0 
26 1 1 0 0 0 1 1 0 1 0 0 0 0 0 
27 1 1 0 0 1 0 0 0 0 0 0 0 0 0 
28 1 1 0 0 1 0 0 0 0 0 0 0 0 0 
29 1 1 0 0 0 1 1 0 0 0 0 0 0 0 
30 1 1 0 0 0 0 0 0 0 0 0 0 0 0 
31 0 0 0 0 0 1 0 1 1 0 0 0 1 1 
32 0 0 0 0 0 1 0 1 1 0 0 0 1 1 
33 0 0 0 0 0 0 0 0 0 0 0 0 1 1 
34 0 0 0 0 0 1 0 1 1 0 0 0 1 1 
35 0 0 0 0 0 0 0 0 0 0 0 0 0 0 
36 1 1 1 1 1 1 1 1 1 1 0 0 0 0 
37 1 1 1 1 1 1 1 0 1 0 0 0 0 0 
38 0 0 0 0 0 0 1 0 0 1 0 0 0 0 
39 1 1 1 1 0 0 0 0 0 0 0 0 0 0 
40 1 1 1 1 0 1 1 1 1 1 0 0 0 0 
41 0 0 0 0 0 1 0 0 0 1 0 0 0 0 
42 0 0 0 0 0 0 0 0 0 0 0 0 0 0 
43 1 1 0 0 0 1 1 0 0 0 0 0 0 0 
44 0 1 0 0 1 0 0 0 0 0 0 0 0 0 
45 1 1 1 1 0 1 1 1 1 1 0 0 0 0 
46 0 0 0 0 0 1 1 1 1 0 0 0 0 0 
47 0 0 0 0 0 1 1 1 1 1 1 0 1 0 
48 0 0 0 0 0 0 0 0 0 0 0 0 0 0 
49 1 1 1 1 0 1 0 1 1 0 1 1 0 1 
50 1 1 0 0 0 1 1 1 1 0 1 1 1 1 
51 1 1 0 0 0 1 1 1 1 0 1 1 1 1 
52 0 0 0 0 0 0 0 0 0 0 1 1 0 1 
53 1 1 0 0 0 0 0 0 0 0 1 1 0 1 
54 0 0 0 0 0 0 0 0 0 0 1 1 0 1 
55 1 1 0 0 0 1 1 0 0 1 1 1 1 1 
56 0 0 0 0 0 1 1 0 0 1 0 0 0 0 
57 0 0 0 0 0 1 1 0 0 1 0 0 0 0 
58 0 0 0 0 0 1 0 0 1 0 0 0 0 0 
59 0 0 0 0 0 1 0 0 1 1 0 0 0 0 

query feasibility y on node k:

1    2    3    4    5    6    7    8    9    10    11    12    13    14    
1 0 0 0 0 0 0 0 0 0 0 1 1 0 1 
2 0 0 0 0 0 0 0 0 0 0 0 0 1 1 
3 1 1 0 0 0 1 1 0 0 0 0 0 0 0 
4 0 0 0 0 0 1 0 0 0 1 0 0 0 0 
5 0 0 0 0 0 0 1 0 1 0 0 0 0 0 
6 0 0 0 0 0 0 0 0 0 0 1 1 0 0 
7 0 0 0 0 0 1 1 0 0 0 0 0 0 0 
8 0 0 0 0 0 0 1 0 1 0 0 0 0 0 
9 0 0 0 0 0 1 0 1 1 0 0 0 0 0 
10 1 1 0 0 0 0 0 0 0 0 0 0 0 0 
11 0 0 0 0 0 0 0 0 0 0 0 0 1 1 
12 0 0 0 0 0 1 0 0 0 1 0 0 0 0 
13 0 1 0 0 1 0 0 0 0 0 0 0 0 0 
14 0 0 0 0 0 1 1 0 0 0 0 0 0 0 
15 0 0 0 0 0 0 0 0 0 0 1 0 1 0 
16 0 0 0 0 0 1 0 0 1 0 0 0 1 1 
18 1 1 1 1 0 0 0 0 0 0 0 0 0 0 
19 0 0 0 0 0 1 0 0 1 0 0 0 0 0 
21 0 0 0 0 0 0 1 0 0 1 0 0 0 0 
22 1 0 0 0 1 0 0 0 0 0 0 0 0 0 

workload distribution ohne node failure:

1    2    3    4    5    6    7    8    9    10    11    12    13    14    
1 0.00000000 0.00000000 0.00000000 0.00000000 0.00000000 0.00000000 0.00000000 0.00000000 0.00000000 0.00000000 0.15702796 0.33703562 0.00000000 0.50593642 
2 0.00000000 0.00000000 0.00000000 0.00000000 0.00000000 0.00000000 0.00000000 0.00000000 0.00000000 0.00000000 0.00000000 0.00000000 1.00000000 0.00000000 
3 0.96013289 0.00000000 0.00000000 0.00000000 0.00000000 0.00797342 0.03189369 0.00000000 0.00000000 0.00000000 0.00000000 0.00000000 0.00000000 0.00000000 
4 0.00000000 0.00000000 0.00000000 0.00000000 0.00000000 1.00000000 0.00000000 0.00000000 0.00000000 0.00000000 0.00000000 0.00000000 0.00000000 0.00000000 
5 0.00000000 0.00000000 0.00000000 0.00000000 0.00000000 0.00000000 0.91703297 0.00000000 0.08296703 0.00000000 0.00000000 0.00000000 0.00000000 0.00000000 
6 0.00000000 0.00000000 0.00000000 0.00000000 0.00000000 0.00000000 0.00000000 0.00000000 0.00000000 0.00000000 0.00000000 1.00000000 0.00000000 0.00000000 
7 0.00000000 0.00000000 0.00000000 0.00000000 0.00000000 0.00000000 1.00000000 0.00000000 0.00000000 0.00000000 0.00000000 0.00000000 0.00000000 0.00000000 
8 0.00000000 0.00000000 0.00000000 0.00000000 0.00000000 0.00000000 1.00000000 0.00000000 0.00000000 0.00000000 0.00000000 0.00000000 0.00000000 0.00000000 
9 0.00000000 0.00000000 0.00000000 0.00000000 0.00000000 0.00000000 0.00000000 0.58425475 0.41574525 0.00000000 0.00000000 0.00000000 0.00000000 0.00000000 
10 0.01403061 0.98596939 0.00000000 0.00000000 0.00000000 0.00000000 0.00000000 0.00000000 0.00000000 0.00000000 0.00000000 0.00000000 0.00000000 0.00000000 
11 0.00000000 0.00000000 0.00000000 0.00000000 0.00000000 0.00000000 0.00000000 0.00000000 0.00000000 0.00000000 0.00000000 0.00000000 1.00000000 0.00000000 
12 0.00000000 0.00000000 0.00000000 0.00000000 0.00000000 0.00000000 0.00000000 0.00000000 0.00000000 1.00000000 0.00000000 0.00000000 0.00000000 0.00000000 
13 0.00000000 0.41641337 0.00000000 0.00000000 0.58358663 0.00000000 0.00000000 0.00000000 0.00000000 0.00000000 0.00000000 0.00000000 0.00000000 0.00000000 
14 0.00000000 0.00000000 0.00000000 0.00000000 0.00000000 1.00000000 0.00000000 0.00000000 0.00000000 0.00000000 0.00000000 0.00000000 0.00000000 0.00000000 
15 0.00000000 0.00000000 0.00000000 0.00000000 0.00000000 0.00000000 0.00000000 0.00000000 0.00000000 0.00000000 0.94306418 0.00000000 0.05693582 0.00000000 
16 0.00000000 0.00000000 0.00000000 0.00000000 0.00000000 0.00000000 0.00000000 0.00000000 0.28698980 0.00000000 0.00000000 0.00000000 0.71301020 0.00000000 
18 0.21695317 0.00000000 0.39152341 0.39152341 0.00000000 0.00000000 0.00000000 0.00000000 0.00000000 0.00000000 0.00000000 0.00000000 0.00000000 0.00000000 
19 0.00000000 0.00000000 0.00000000 0.00000000 0.00000000 0.80031746 0.00000000 0.00000000 0.19968254 0.00000000 0.00000000 0.00000000 0.00000000 0.00000000 
21 0.00000000 0.00000000 0.00000000 0.00000000 0.00000000 0.00000000 0.32826748 0.00000000 0.00000000 0.67173252 0.00000000 0.00000000 0.00000000 0.00000000 
22 0.00000000 0.00000000 0.00000000 0.00000000 1.00000000 0.00000000 0.00000000 0.00000000 0.00000000 0.00000000 0.00000000 0.00000000 0.00000000 0.00000000 

workload distribution if node 1 fails:

2    3    4    5    6    7    8    9    10    11    12    13    14    
1 0.00000000 0.00000000 0.00000000 0.00000000 0.00000000 0.00000000 0.00000000 0.00000000 0.00000000 0.15702796 0.33703562 0.00000000 0.50593642 
2 0.00000000 0.00000000 0.00000000 0.00000000 0.00000000 0.00000000 0.00000000 0.00000000 0.00000000 0.00000000 0.00000000 1.00000000 0.00000000 
3 0.96013289 0.00000000 0.00000000 0.00000000 0.00797342 0.03189369 0.00000000 0.00000000 0.00000000 0.00000000 0.00000000 0.00000000 0.00000000 
4 0.00000000 0.00000000 0.00000000 0.00000000 1.00000000 0.00000000 0.00000000 0.00000000 0.00000000 0.00000000 0.00000000 0.00000000 0.00000000 
5 0.00000000 0.00000000 0.00000000 0.00000000 0.00000000 0.91703297 0.00000000 0.08296703 0.00000000 0.00000000 0.00000000 0.00000000 0.00000000 
6 0.00000000 0.00000000 0.00000000 0.00000000 0.00000000 0.00000000 0.00000000 0.00000000 0.00000000 0.00000000 1.00000000 0.00000000 0.00000000 
7 0.00000000 0.00000000 0.00000000 0.00000000 0.00000000 1.00000000 0.00000000 0.00000000 0.00000000 0.00000000 0.00000000 0.00000000 0.00000000 
8 0.00000000 0.00000000 0.00000000 0.00000000 0.00000000 1.00000000 0.00000000 0.00000000 0.00000000 0.00000000 0.00000000 0.00000000 0.00000000 
9 0.00000000 0.00000000 0.00000000 0.00000000 0.00000000 0.00000000 0.58425475 0.41574525 0.00000000 0.00000000 0.00000000 0.00000000 0.00000000 
10 1.00000000 0.00000000 0.00000000 0.00000000 0.00000000 0.00000000 0.00000000 0.00000000 0.00000000 0.00000000 0.00000000 0.00000000 0.00000000 
11 0.00000000 0.00000000 0.00000000 0.00000000 0.00000000 0.00000000 0.00000000 0.00000000 0.00000000 0.00000000 0.00000000 1.00000000 0.00000000 
12 0.00000000 0.00000000 0.00000000 0.00000000 0.00000000 0.00000000 0.00000000 0.00000000 1.00000000 0.00000000 0.00000000 0.00000000 0.00000000 
13 0.16546353 0.00000000 0.00000000 0.83453647 0.00000000 0.00000000 0.00000000 0.00000000 0.00000000 0.00000000 0.00000000 0.00000000 0.00000000 
14 0.00000000 0.00000000 0.00000000 0.00000000 1.00000000 0.00000000 0.00000000 0.00000000 0.00000000 0.00000000 0.00000000 0.00000000 0.00000000 
15 0.00000000 0.00000000 0.00000000 0.00000000 0.00000000 0.00000000 0.00000000 0.00000000 0.00000000 0.94306418 0.00000000 0.05693582 0.00000000 
16 0.00000000 0.00000000 0.00000000 0.00000000 0.00000000 0.00000000 0.00000000 0.28698980 0.00000000 0.00000000 0.00000000 0.71301020 0.00000000 
18 0.02119146 0.48940427 0.48940427 0.00000000 0.00000000 0.00000000 0.00000000 0.00000000 0.00000000 0.00000000 0.00000000 0.00000000 0.00000000 
19 0.00000000 0.00000000 0.00000000 0.00000000 0.80031746 0.00000000 0.00000000 0.19968254 0.00000000 0.00000000 0.00000000 0.00000000 0.00000000 
21 0.00000000 0.00000000 0.00000000 0.00000000 0.00000000 0.32826748 0.00000000 0.00000000 0.67173252 0.00000000 0.00000000 0.00000000 0.00000000 
22 0.00000000 0.00000000 0.00000000 1.00000000 0.00000000 0.00000000 0.00000000 0.00000000 0.00000000 0.00000000 0.00000000 0.00000000 0.00000000 

workload distribution if node 2 fails:

1    3    4    5    6    7    8    9    10    11    12    13    14    
1 0.00000000 0.00000000 0.00000000 0.00000000 0.00000000 0.00000000 0.00000000 0.00000000 0.00000000 0.15702796 0.33703562 0.00000000 0.50593642 
2 0.00000000 0.00000000 0.00000000 0.00000000 0.00000000 0.00000000 0.00000000 0.00000000 0.00000000 0.00000000 0.00000000 1.00000000 0.00000000 
3 0.96013289 0.00000000 0.00000000 0.00000000 0.00797342 0.03189369 0.00000000 0.00000000 0.00000000 0.00000000 0.00000000 0.00000000 0.00000000 
4 0.00000000 0.00000000 0.00000000 0.00000000 1.00000000 0.00000000 0.00000000 0.00000000 0.00000000 0.00000000 0.00000000 0.00000000 0.00000000 
5 0.00000000 0.00000000 0.00000000 0.00000000 0.00000000 0.91703297 0.00000000 0.08296703 0.00000000 0.00000000 0.00000000 0.00000000 0.00000000 
6 0.00000000 0.00000000 0.00000000 0.00000000 0.00000000 0.00000000 0.00000000 0.00000000 0.00000000 0.00000000 1.00000000 0.00000000 0.00000000 
7 0.00000000 0.00000000 0.00000000 0.00000000 0.00000000 1.00000000 0.00000000 0.00000000 0.00000000 0.00000000 0.00000000 0.00000000 0.00000000 
8 0.00000000 0.00000000 0.00000000 0.00000000 0.00000000 1.00000000 0.00000000 0.00000000 0.00000000 0.00000000 0.00000000 0.00000000 0.00000000 
9 0.00000000 0.00000000 0.00000000 0.00000000 0.00000000 0.00000000 0.58425475 0.41574525 0.00000000 0.00000000 0.00000000 0.00000000 0.00000000 
10 1.00000000 0.00000000 0.00000000 0.00000000 0.00000000 0.00000000 0.00000000 0.00000000 0.00000000 0.00000000 0.00000000 0.00000000 0.00000000 
11 0.00000000 0.00000000 0.00000000 0.00000000 0.00000000 0.00000000 0.00000000 0.00000000 0.00000000 0.00000000 0.00000000 1.00000000 0.00000000 
12 0.00000000 0.00000000 0.00000000 0.00000000 0.00000000 0.00000000 0.00000000 0.00000000 1.00000000 0.00000000 0.00000000 0.00000000 0.00000000 
13 0.00000000 0.00000000 0.00000000 1.00000000 0.00000000 0.00000000 0.00000000 0.00000000 0.00000000 0.00000000 0.00000000 0.00000000 0.00000000 
14 0.00000000 0.00000000 0.00000000 0.00000000 1.00000000 0.00000000 0.00000000 0.00000000 0.00000000 0.00000000 0.00000000 0.00000000 0.00000000 
15 0.00000000 0.00000000 0.00000000 0.00000000 0.00000000 0.00000000 0.00000000 0.00000000 0.00000000 0.94306418 0.00000000 0.05693582 0.00000000 
16 0.00000000 0.00000000 0.00000000 0.00000000 0.00000000 0.00000000 0.00000000 0.28698980 0.00000000 0.00000000 0.00000000 0.71301020 0.00000000 
18 0.02119146 0.48940427 0.48940427 0.00000000 0.00000000 0.00000000 0.00000000 0.00000000 0.00000000 0.00000000 0.00000000 0.00000000 0.00000000 
19 0.00000000 0.00000000 0.00000000 0.00000000 0.80031746 0.00000000 0.00000000 0.19968254 0.00000000 0.00000000 0.00000000 0.00000000 0.00000000 
21 0.00000000 0.00000000 0.00000000 0.00000000 0.00000000 0.32826748 0.00000000 0.00000000 0.67173252 0.00000000 0.00000000 0.00000000 0.00000000 
22 0.39376130 0.00000000 0.00000000 0.60623870 0.00000000 0.00000000 0.00000000 0.00000000 0.00000000 0.00000000 0.00000000 0.00000000 0.00000000 

workload distribution if node 3 fails:

1    2    4    5    6    7    8    9    10    11    12    13    14    
1 0.00000000 0.00000000 0.00000000 0.00000000 0.00000000 0.00000000 0.00000000 0.00000000 0.00000000 0.15702796 0.33703562 0.00000000 0.50593642 
2 0.00000000 0.00000000 0.00000000 0.00000000 0.00000000 0.00000000 0.00000000 0.00000000 0.00000000 0.00000000 0.00000000 1.00000000 0.00000000 
3 0.96013289 0.00000000 0.00000000 0.00000000 0.00797342 0.03189369 0.00000000 0.00000000 0.00000000 0.00000000 0.00000000 0.00000000 0.00000000 
4 0.00000000 0.00000000 0.00000000 0.00000000 1.00000000 0.00000000 0.00000000 0.00000000 0.00000000 0.00000000 0.00000000 0.00000000 0.00000000 
5 0.00000000 0.00000000 0.00000000 0.00000000 0.00000000 0.91703297 0.00000000 0.08296703 0.00000000 0.00000000 0.00000000 0.00000000 0.00000000 
6 0.00000000 0.00000000 0.00000000 0.00000000 0.00000000 0.00000000 0.00000000 0.00000000 0.00000000 0.00000000 1.00000000 0.00000000 0.00000000 
7 0.00000000 0.00000000 0.00000000 0.00000000 0.00000000 1.00000000 0.00000000 0.00000000 0.00000000 0.00000000 0.00000000 0.00000000 0.00000000 
8 0.00000000 0.00000000 0.00000000 0.00000000 0.00000000 1.00000000 0.00000000 0.00000000 0.00000000 0.00000000 0.00000000 0.00000000 0.00000000 
9 0.00000000 0.00000000 0.00000000 0.00000000 0.00000000 0.00000000 0.58425475 0.41574525 0.00000000 0.00000000 0.00000000 0.00000000 0.00000000 
10 0.00000000 1.00000000 0.00000000 0.00000000 0.00000000 0.00000000 0.00000000 0.00000000 0.00000000 0.00000000 0.00000000 0.00000000 0.00000000 
11 0.00000000 0.00000000 0.00000000 0.00000000 0.00000000 0.00000000 0.00000000 0.00000000 0.00000000 0.00000000 0.00000000 1.00000000 0.00000000 
12 0.00000000 0.00000000 0.00000000 0.00000000 0.00000000 0.00000000 0.00000000 0.00000000 1.00000000 0.00000000 0.00000000 0.00000000 0.00000000 
13 0.00000000 0.16546353 0.00000000 0.83453647 0.00000000 0.00000000 0.00000000 0.00000000 0.00000000 0.00000000 0.00000000 0.00000000 0.00000000 
14 0.00000000 0.00000000 0.00000000 0.00000000 1.00000000 0.00000000 0.00000000 0.00000000 0.00000000 0.00000000 0.00000000 0.00000000 0.00000000 
15 0.00000000 0.00000000 0.00000000 0.00000000 0.00000000 0.00000000 0.00000000 0.00000000 0.00000000 0.94306418 0.00000000 0.05693582 0.00000000 
16 0.00000000 0.00000000 0.00000000 0.00000000 0.00000000 0.00000000 0.00000000 0.28698980 0.00000000 0.00000000 0.00000000 0.71301020 0.00000000 
18 0.31809425 0.19250148 0.48940427 0.00000000 0.00000000 0.00000000 0.00000000 0.00000000 0.00000000 0.00000000 0.00000000 0.00000000 0.00000000 
19 0.00000000 0.00000000 0.00000000 0.00000000 0.80031746 0.00000000 0.00000000 0.19968254 0.00000000 0.00000000 0.00000000 0.00000000 0.00000000 
21 0.00000000 0.00000000 0.00000000 0.00000000 0.00000000 0.32826748 0.00000000 0.00000000 0.67173252 0.00000000 0.00000000 0.00000000 0.00000000 
22 0.00000000 0.00000000 0.00000000 1.00000000 0.00000000 0.00000000 0.00000000 0.00000000 0.00000000 0.00000000 0.00000000 0.00000000 0.00000000 

workload distribution if node 4 fails:

1    2    3    5    6    7    8    9    10    11    12    13    14    
1 0.00000000 0.00000000 0.00000000 0.00000000 0.00000000 0.00000000 0.00000000 0.00000000 0.00000000 0.15702796 0.33703562 0.00000000 0.50593642 
2 0.00000000 0.00000000 0.00000000 0.00000000 0.00000000 0.00000000 0.00000000 0.00000000 0.00000000 0.00000000 0.00000000 1.00000000 0.00000000 
3 0.00000000 0.96013289 0.00000000 0.00000000 0.00797342 0.03189369 0.00000000 0.00000000 0.00000000 0.00000000 0.00000000 0.00000000 0.00000000 
4 0.00000000 0.00000000 0.00000000 0.00000000 1.00000000 0.00000000 0.00000000 0.00000000 0.00000000 0.00000000 0.00000000 0.00000000 0.00000000 
5 0.00000000 0.00000000 0.00000000 0.00000000 0.00000000 0.91703297 0.00000000 0.08296703 0.00000000 0.00000000 0.00000000 0.00000000 0.00000000 
6 0.00000000 0.00000000 0.00000000 0.00000000 0.00000000 0.00000000 0.00000000 0.00000000 0.00000000 0.00000000 1.00000000 0.00000000 0.00000000 
7 0.00000000 0.00000000 0.00000000 0.00000000 0.00000000 1.00000000 0.00000000 0.00000000 0.00000000 0.00000000 0.00000000 0.00000000 0.00000000 
8 0.00000000 0.00000000 0.00000000 0.00000000 0.00000000 1.00000000 0.00000000 0.00000000 0.00000000 0.00000000 0.00000000 0.00000000 0.00000000 
9 0.00000000 0.00000000 0.00000000 0.00000000 0.00000000 0.00000000 0.58425475 0.41574525 0.00000000 0.00000000 0.00000000 0.00000000 0.00000000 
10 1.00000000 0.00000000 0.00000000 0.00000000 0.00000000 0.00000000 0.00000000 0.00000000 0.00000000 0.00000000 0.00000000 0.00000000 0.00000000 
11 0.00000000 0.00000000 0.00000000 0.00000000 0.00000000 0.00000000 0.00000000 0.00000000 0.00000000 0.00000000 0.00000000 1.00000000 0.00000000 
12 0.00000000 0.00000000 0.00000000 0.00000000 0.00000000 0.00000000 0.00000000 0.00000000 1.00000000 0.00000000 0.00000000 0.00000000 0.00000000 
13 0.00000000 0.16546353 0.00000000 0.83453647 0.00000000 0.00000000 0.00000000 0.00000000 0.00000000 0.00000000 0.00000000 0.00000000 0.00000000 
14 0.00000000 0.00000000 0.00000000 0.00000000 1.00000000 0.00000000 0.00000000 0.00000000 0.00000000 0.00000000 0.00000000 0.00000000 0.00000000 
15 0.00000000 0.00000000 0.00000000 0.00000000 0.00000000 0.00000000 0.00000000 0.00000000 0.00000000 0.94306418 0.00000000 0.05693582 0.00000000 
16 0.00000000 0.00000000 0.00000000 0.00000000 0.00000000 0.00000000 0.00000000 0.28698980 0.00000000 0.00000000 0.00000000 0.71301020 0.00000000 
18 0.25703912 0.25355661 0.48940427 0.00000000 0.00000000 0.00000000 0.00000000 0.00000000 0.00000000 0.00000000 0.00000000 0.00000000 0.00000000 
19 0.00000000 0.00000000 0.00000000 0.00000000 0.80031746 0.00000000 0.00000000 0.19968254 0.00000000 0.00000000 0.00000000 0.00000000 0.00000000 
21 0.00000000 0.00000000 0.00000000 0.00000000 0.00000000 0.32826748 0.00000000 0.00000000 0.67173252 0.00000000 0.00000000 0.00000000 0.00000000 
22 0.00000000 0.00000000 0.00000000 1.00000000 0.00000000 0.00000000 0.00000000 0.00000000 0.00000000 0.00000000 0.00000000 0.00000000 0.00000000 

workload distribution if node 5 fails:

1    2    3    4    6    7    8    9    10    11    12    13    14    
1 0.00000000 0.00000000 0.00000000 0.00000000 0.00000000 0.00000000 0.00000000 0.00000000 0.00000000 0.15702796 0.33703562 0.00000000 0.50593642 
2 0.00000000 0.00000000 0.00000000 0.00000000 0.00000000 0.00000000 0.00000000 0.00000000 0.00000000 0.00000000 0.00000000 1.00000000 0.00000000 
3 0.96013289 0.00000000 0.00000000 0.00000000 0.00797342 0.03189369 0.00000000 0.00000000 0.00000000 0.00000000 0.00000000 0.00000000 0.00000000 
4 0.00000000 0.00000000 0.00000000 0.00000000 1.00000000 0.00000000 0.00000000 0.00000000 0.00000000 0.00000000 0.00000000 0.00000000 0.00000000 
5 0.00000000 0.00000000 0.00000000 0.00000000 0.00000000 0.91703297 0.00000000 0.08296703 0.00000000 0.00000000 0.00000000 0.00000000 0.00000000 
6 0.00000000 0.00000000 0.00000000 0.00000000 0.00000000 0.00000000 0.00000000 0.00000000 0.00000000 0.00000000 1.00000000 0.00000000 0.00000000 
7 0.00000000 0.00000000 0.00000000 0.00000000 0.00000000 1.00000000 0.00000000 0.00000000 0.00000000 0.00000000 0.00000000 0.00000000 0.00000000 
8 0.00000000 0.00000000 0.00000000 0.00000000 0.00000000 1.00000000 0.00000000 0.00000000 0.00000000 0.00000000 0.00000000 0.00000000 0.00000000 
9 0.00000000 0.00000000 0.00000000 0.00000000 0.00000000 0.00000000 0.58425475 0.41574525 0.00000000 0.00000000 0.00000000 0.00000000 0.00000000 
10 0.57238520 0.42761480 0.00000000 0.00000000 0.00000000 0.00000000 0.00000000 0.00000000 0.00000000 0.00000000 0.00000000 0.00000000 0.00000000 
11 0.00000000 0.00000000 0.00000000 0.00000000 0.00000000 0.00000000 0.00000000 0.00000000 0.00000000 0.00000000 0.00000000 1.00000000 0.00000000 
12 0.00000000 0.00000000 0.00000000 0.00000000 0.00000000 0.00000000 0.00000000 0.00000000 1.00000000 0.00000000 0.00000000 0.00000000 0.00000000 
13 0.00000000 1.00000000 0.00000000 0.00000000 0.00000000 0.00000000 0.00000000 0.00000000 0.00000000 0.00000000 0.00000000 0.00000000 0.00000000 
14 0.00000000 0.00000000 0.00000000 0.00000000 1.00000000 0.00000000 0.00000000 0.00000000 0.00000000 0.00000000 0.00000000 0.00000000 0.00000000 
15 0.00000000 0.00000000 0.00000000 0.00000000 0.00000000 0.00000000 0.00000000 0.00000000 0.00000000 0.94306418 0.00000000 0.05693582 0.00000000 
16 0.00000000 0.00000000 0.00000000 0.00000000 0.00000000 0.00000000 0.00000000 0.28698980 0.00000000 0.00000000 0.00000000 0.71301020 0.00000000 
18 0.02119146 0.00000000 0.48940427 0.48940427 0.00000000 0.00000000 0.00000000 0.00000000 0.00000000 0.00000000 0.00000000 0.00000000 0.00000000 
19 0.00000000 0.00000000 0.00000000 0.00000000 0.80031746 0.00000000 0.00000000 0.19968254 0.00000000 0.00000000 0.00000000 0.00000000 0.00000000 
21 0.00000000 0.00000000 0.00000000 0.00000000 0.00000000 0.32826748 0.00000000 0.00000000 0.67173252 0.00000000 0.00000000 0.00000000 0.00000000 
22 1.00000000 0.00000000 0.00000000 0.00000000 0.00000000 0.00000000 0.00000000 0.00000000 0.00000000 0.00000000 0.00000000 0.00000000 0.00000000 

workload distribution if node 6 fails:

1    2    3    4    5    7    8    9    10    11    12    13    14    
1 0.00000000 0.00000000 0.00000000 0.00000000 0.00000000 0.00000000 0.00000000 0.00000000 0.00000000 0.15702796 0.33703562 0.00000000 0.50593642 
2 0.00000000 0.00000000 0.00000000 0.00000000 0.00000000 0.00000000 0.00000000 0.00000000 0.00000000 0.00000000 0.00000000 1.00000000 0.00000000 
3 0.96013289 0.00000000 0.00000000 0.00000000 0.00000000 0.03986711 0.00000000 0.00000000 0.00000000 0.00000000 0.00000000 0.00000000 0.00000000 
4 0.00000000 0.00000000 0.00000000 0.00000000 0.00000000 0.00000000 0.00000000 0.00000000 1.00000000 0.00000000 0.00000000 0.00000000 0.00000000 
5 0.00000000 0.00000000 0.00000000 0.00000000 0.00000000 0.73763736 0.00000000 0.26236264 0.00000000 0.00000000 0.00000000 0.00000000 0.00000000 
6 0.00000000 0.00000000 0.00000000 0.00000000 0.00000000 0.00000000 0.00000000 0.00000000 0.00000000 0.00000000 1.00000000 0.00000000 0.00000000 
7 0.00000000 0.00000000 0.00000000 0.00000000 0.00000000 1.00000000 0.00000000 0.00000000 0.00000000 0.00000000 0.00000000 0.00000000 0.00000000 
8 0.00000000 0.00000000 0.00000000 0.00000000 0.00000000 0.00000000 0.00000000 1.00000000 0.00000000 0.00000000 0.00000000 0.00000000 0.00000000 
9 0.00000000 0.00000000 0.00000000 0.00000000 0.00000000 0.00000000 0.73031844 0.26968156 0.00000000 0.00000000 0.00000000 0.00000000 0.00000000 
10 0.01403061 0.98596939 0.00000000 0.00000000 0.00000000 0.00000000 0.00000000 0.00000000 0.00000000 0.00000000 0.00000000 0.00000000 0.00000000 
11 0.00000000 0.00000000 0.00000000 0.00000000 0.00000000 0.00000000 0.00000000 0.00000000 0.00000000 0.00000000 0.00000000 1.00000000 0.00000000 
12 0.00000000 0.00000000 0.00000000 0.00000000 0.00000000 0.00000000 0.00000000 0.00000000 1.00000000 0.00000000 0.00000000 0.00000000 0.00000000 
13 0.00000000 0.41641337 0.00000000 0.00000000 0.58358663 0.00000000 0.00000000 0.00000000 0.00000000 0.00000000 0.00000000 0.00000000 0.00000000 
14 0.00000000 0.00000000 0.00000000 0.00000000 0.00000000 1.00000000 0.00000000 0.00000000 0.00000000 0.00000000 0.00000000 0.00000000 0.00000000 
15 0.00000000 0.00000000 0.00000000 0.00000000 0.00000000 0.00000000 0.00000000 0.00000000 0.00000000 0.94306418 0.00000000 0.05693582 0.00000000 
16 0.00000000 0.00000000 0.00000000 0.00000000 0.00000000 0.00000000 0.00000000 0.28698980 0.00000000 0.00000000 0.00000000 0.71301020 0.00000000 
18 0.21695317 0.00000000 0.39152341 0.39152341 0.00000000 0.00000000 0.00000000 0.00000000 0.00000000 0.00000000 0.00000000 0.00000000 0.00000000 
19 0.00000000 0.00000000 0.00000000 0.00000000 0.00000000 0.00000000 0.00000000 1.00000000 0.00000000 0.00000000 0.00000000 0.00000000 0.00000000 
21 0.00000000 0.00000000 0.00000000 0.00000000 0.00000000 0.31281662 0.00000000 0.00000000 0.68718338 0.00000000 0.00000000 0.00000000 0.00000000 
22 0.00000000 0.00000000 0.00000000 0.00000000 1.00000000 0.00000000 0.00000000 0.00000000 0.00000000 0.00000000 0.00000000 0.00000000 0.00000000 

workload distribution if node 7 fails:

1    2    3    4    5    6    8    9    10    11    12    13    14    
1 0.00000000 0.00000000 0.00000000 0.00000000 0.00000000 0.00000000 0.00000000 0.00000000 0.00000000 0.15702796 0.33703562 0.00000000 0.50593642 
2 0.00000000 0.00000000 0.00000000 0.00000000 0.00000000 0.00000000 0.00000000 0.00000000 0.00000000 0.00000000 0.00000000 1.00000000 0.00000000 
3 0.96013289 0.00000000 0.00000000 0.00000000 0.00000000 0.03986711 0.00000000 0.00000000 0.00000000 0.00000000 0.00000000 0.00000000 0.00000000 
4 0.00000000 0.00000000 0.00000000 0.00000000 0.00000000 0.00000000 0.00000000 0.00000000 1.00000000 0.00000000 0.00000000 0.00000000 0.00000000 
5 0.00000000 0.00000000 0.00000000 0.00000000 0.00000000 0.00000000 0.00000000 1.00000000 0.00000000 0.00000000 0.00000000 0.00000000 0.00000000 
6 0.00000000 0.00000000 0.00000000 0.00000000 0.00000000 0.00000000 0.00000000 0.00000000 0.00000000 0.00000000 1.00000000 0.00000000 0.00000000 
7 0.00000000 0.00000000 0.00000000 0.00000000 0.00000000 1.00000000 0.00000000 0.00000000 0.00000000 0.00000000 0.00000000 0.00000000 0.00000000 
8 0.00000000 0.00000000 0.00000000 0.00000000 0.00000000 0.00000000 0.00000000 1.00000000 0.00000000 0.00000000 0.00000000 0.00000000 0.00000000 
9 0.00000000 0.00000000 0.00000000 0.00000000 0.00000000 0.01923927 0.73031844 0.25044228 0.00000000 0.00000000 0.00000000 0.00000000 0.00000000 
10 0.01403061 0.98596939 0.00000000 0.00000000 0.00000000 0.00000000 0.00000000 0.00000000 0.00000000 0.00000000 0.00000000 0.00000000 0.00000000 
11 0.00000000 0.00000000 0.00000000 0.00000000 0.00000000 0.00000000 0.00000000 0.00000000 0.00000000 0.00000000 0.00000000 1.00000000 0.00000000 
12 0.00000000 0.00000000 0.00000000 0.00000000 0.00000000 0.46922492 0.00000000 0.00000000 0.53077508 0.00000000 0.00000000 0.00000000 0.00000000 
13 0.00000000 0.41641337 0.00000000 0.00000000 0.58358663 0.00000000 0.00000000 0.00000000 0.00000000 0.00000000 0.00000000 0.00000000 0.00000000 
14 0.00000000 0.00000000 0.00000000 0.00000000 0.00000000 1.00000000 0.00000000 0.00000000 0.00000000 0.00000000 0.00000000 0.00000000 0.00000000 
15 0.00000000 0.00000000 0.00000000 0.00000000 0.00000000 0.00000000 0.00000000 0.00000000 0.00000000 0.94306418 0.00000000 0.05693582 0.00000000 
16 0.00000000 0.00000000 0.00000000 0.00000000 0.00000000 0.28698980 0.00000000 0.00000000 0.00000000 0.00000000 0.00000000 0.71301020 0.00000000 
18 0.21695317 0.00000000 0.39152341 0.39152341 0.00000000 0.00000000 0.00000000 0.00000000 0.00000000 0.00000000 0.00000000 0.00000000 0.00000000 
19 0.00000000 0.00000000 0.00000000 0.00000000 0.00000000 0.00000000 0.00000000 1.00000000 0.00000000 0.00000000 0.00000000 0.00000000 0.00000000 
21 0.00000000 0.00000000 0.00000000 0.00000000 0.00000000 0.00000000 0.00000000 0.00000000 1.00000000 0.00000000 0.00000000 0.00000000 0.00000000 
22 0.00000000 0.00000000 0.00000000 0.00000000 1.00000000 0.00000000 0.00000000 0.00000000 0.00000000 0.00000000 0.00000000 0.00000000 0.00000000 

workload distribution if node 8 fails:

1    2    3    4    5    6    7    9    10    11    12    13    14    
1 0.00000000 0.00000000 0.00000000 0.00000000 0.00000000 0.00000000 0.00000000 0.00000000 0.00000000 0.15702796 0.33703562 0.00000000 0.50593642 
2 0.00000000 0.00000000 0.00000000 0.00000000 0.00000000 0.00000000 0.00000000 0.00000000 0.00000000 0.00000000 0.00000000 1.00000000 0.00000000 
3 0.96013289 0.00000000 0.00000000 0.00000000 0.00000000 0.00000000 0.03986711 0.00000000 0.00000000 0.00000000 0.00000000 0.00000000 0.00000000 
4 0.00000000 0.00000000 0.00000000 0.00000000 0.00000000 0.00000000 0.00000000 0.00000000 1.00000000 0.00000000 0.00000000 0.00000000 0.00000000 
5 0.00000000 0.00000000 0.00000000 0.00000000 0.00000000 0.00000000 1.00000000 0.00000000 0.00000000 0.00000000 0.00000000 0.00000000 0.00000000 
6 0.00000000 0.00000000 0.00000000 0.00000000 0.00000000 0.00000000 0.00000000 0.00000000 0.00000000 0.00000000 1.00000000 0.00000000 0.00000000 
7 0.00000000 0.00000000 0.00000000 0.00000000 0.00000000 0.00000000 1.00000000 0.00000000 0.00000000 0.00000000 0.00000000 0.00000000 0.00000000 
8 0.00000000 0.00000000 0.00000000 0.00000000 0.00000000 0.00000000 1.00000000 0.00000000 0.00000000 0.00000000 0.00000000 0.00000000 0.00000000 
9 0.00000000 0.00000000 0.00000000 0.00000000 0.00000000 0.26968156 0.00000000 0.73031844 0.00000000 0.00000000 0.00000000 0.00000000 0.00000000 
10 0.01403061 0.98596939 0.00000000 0.00000000 0.00000000 0.00000000 0.00000000 0.00000000 0.00000000 0.00000000 0.00000000 0.00000000 0.00000000 
11 0.00000000 0.00000000 0.00000000 0.00000000 0.00000000 0.00000000 0.00000000 0.00000000 0.00000000 0.00000000 0.00000000 1.00000000 0.00000000 
12 0.00000000 0.00000000 0.00000000 0.00000000 0.00000000 0.00000000 0.00000000 0.00000000 1.00000000 0.00000000 0.00000000 0.00000000 0.00000000 
13 0.00000000 0.41641337 0.00000000 0.00000000 0.58358663 0.00000000 0.00000000 0.00000000 0.00000000 0.00000000 0.00000000 0.00000000 0.00000000 
14 0.00000000 0.00000000 0.00000000 0.00000000 0.00000000 0.37525151 0.62474849 0.00000000 0.00000000 0.00000000 0.00000000 0.00000000 0.00000000 
15 0.00000000 0.00000000 0.00000000 0.00000000 0.00000000 0.00000000 0.00000000 0.00000000 0.00000000 0.94306418 0.00000000 0.05693582 0.00000000 
16 0.00000000 0.00000000 0.00000000 0.00000000 0.00000000 0.28698980 0.00000000 0.00000000 0.00000000 0.00000000 0.00000000 0.71301020 0.00000000 
18 0.21695317 0.00000000 0.39152341 0.39152341 0.00000000 0.00000000 0.00000000 0.00000000 0.00000000 0.00000000 0.00000000 0.00000000 0.00000000 
19 0.00000000 0.00000000 0.00000000 0.00000000 0.00000000 1.00000000 0.00000000 0.00000000 0.00000000 0.00000000 0.00000000 0.00000000 0.00000000 
21 0.00000000 0.00000000 0.00000000 0.00000000 0.00000000 0.00000000 0.31281662 0.00000000 0.68718338 0.00000000 0.00000000 0.00000000 0.00000000 
22 0.00000000 0.00000000 0.00000000 0.00000000 1.00000000 0.00000000 0.00000000 0.00000000 0.00000000 0.00000000 0.00000000 0.00000000 0.00000000 

workload distribution if node 9 fails:

1    2    3    4    5    6    7    8    10    11    12    13    14    
1 0.00000000 0.00000000 0.00000000 0.00000000 0.00000000 0.00000000 0.00000000 0.00000000 0.00000000 0.15702796 0.33703562 0.00000000 0.50593642 
2 0.00000000 0.00000000 0.00000000 0.00000000 0.00000000 0.00000000 0.00000000 0.00000000 0.00000000 0.00000000 0.00000000 1.00000000 0.00000000 
3 0.96013289 0.00000000 0.00000000 0.00000000 0.00000000 0.00000000 0.03986711 0.00000000 0.00000000 0.00000000 0.00000000 0.00000000 0.00000000 
4 0.00000000 0.00000000 0.00000000 0.00000000 0.00000000 0.00000000 0.00000000 0.00000000 1.00000000 0.00000000 0.00000000 0.00000000 0.00000000 
5 0.00000000 0.00000000 0.00000000 0.00000000 0.00000000 0.00000000 1.00000000 0.00000000 0.00000000 0.00000000 0.00000000 0.00000000 0.00000000 
6 0.00000000 0.00000000 0.00000000 0.00000000 0.00000000 0.00000000 0.00000000 0.00000000 0.00000000 0.00000000 1.00000000 0.00000000 0.00000000 
7 0.00000000 0.00000000 0.00000000 0.00000000 0.00000000 0.33725136 0.66274864 0.00000000 0.00000000 0.00000000 0.00000000 0.00000000 0.00000000 
8 0.00000000 0.00000000 0.00000000 0.00000000 0.00000000 0.00000000 1.00000000 0.00000000 0.00000000 0.00000000 0.00000000 0.00000000 0.00000000 
9 0.00000000 0.00000000 0.00000000 0.00000000 0.00000000 0.26968156 0.00000000 0.73031844 0.00000000 0.00000000 0.00000000 0.00000000 0.00000000 
10 0.01403061 0.98596939 0.00000000 0.00000000 0.00000000 0.00000000 0.00000000 0.00000000 0.00000000 0.00000000 0.00000000 0.00000000 0.00000000 
11 0.00000000 0.00000000 0.00000000 0.00000000 0.00000000 0.00000000 0.00000000 0.00000000 0.00000000 0.00000000 0.00000000 1.00000000 0.00000000 
12 0.00000000 0.00000000 0.00000000 0.00000000 0.00000000 0.00000000 0.00000000 0.00000000 1.00000000 0.00000000 0.00000000 0.00000000 0.00000000 
13 0.00000000 0.41641337 0.00000000 0.00000000 0.58358663 0.00000000 0.00000000 0.00000000 0.00000000 0.00000000 0.00000000 0.00000000 0.00000000 
14 0.00000000 0.00000000 0.00000000 0.00000000 0.00000000 0.00000000 1.00000000 0.00000000 0.00000000 0.00000000 0.00000000 0.00000000 0.00000000 
15 0.00000000 0.00000000 0.00000000 0.00000000 0.00000000 0.00000000 0.00000000 0.00000000 0.00000000 0.94306418 0.00000000 0.05693582 0.00000000 
16 0.00000000 0.00000000 0.00000000 0.00000000 0.00000000 0.28698980 0.00000000 0.00000000 0.00000000 0.00000000 0.00000000 0.71301020 0.00000000 
18 0.21695317 0.00000000 0.39152341 0.39152341 0.00000000 0.00000000 0.00000000 0.00000000 0.00000000 0.00000000 0.00000000 0.00000000 0.00000000 
19 0.00000000 0.00000000 0.00000000 0.00000000 0.00000000 1.00000000 0.00000000 0.00000000 0.00000000 0.00000000 0.00000000 0.00000000 0.00000000 
21 0.00000000 0.00000000 0.00000000 0.00000000 0.00000000 0.00000000 0.31281662 0.00000000 0.68718338 0.00000000 0.00000000 0.00000000 0.00000000 
22 0.00000000 0.00000000 0.00000000 0.00000000 1.00000000 0.00000000 0.00000000 0.00000000 0.00000000 0.00000000 0.00000000 0.00000000 0.00000000 

workload distribution if node 10 fails:

1    2    3    4    5    6    7    8    9    11    12    13    14    
1 0.00000000 0.00000000 0.00000000 0.00000000 0.00000000 0.00000000 0.00000000 0.00000000 0.00000000 0.15702796 0.33703562 0.00000000 0.50593642 
2 0.00000000 0.00000000 0.00000000 0.00000000 0.00000000 0.00000000 0.00000000 0.00000000 0.00000000 0.00000000 0.00000000 1.00000000 0.00000000 
3 0.96013289 0.00000000 0.00000000 0.00000000 0.00000000 0.03986711 0.00000000 0.00000000 0.00000000 0.00000000 0.00000000 0.00000000 0.00000000 
4 0.00000000 0.00000000 0.00000000 0.00000000 0.00000000 1.00000000 0.00000000 0.00000000 0.00000000 0.00000000 0.00000000 0.00000000 0.00000000 
5 0.00000000 0.00000000 0.00000000 0.00000000 0.00000000 0.00000000 0.00000000 0.00000000 1.00000000 0.00000000 0.00000000 0.00000000 0.00000000 
6 0.00000000 0.00000000 0.00000000 0.00000000 0.00000000 0.00000000 0.00000000 0.00000000 0.00000000 0.00000000 1.00000000 0.00000000 0.00000000 
7 0.00000000 0.00000000 0.00000000 0.00000000 0.00000000 0.69755877 0.30244123 0.00000000 0.00000000 0.00000000 0.00000000 0.00000000 0.00000000 
8 0.00000000 0.00000000 0.00000000 0.00000000 0.00000000 0.00000000 0.00000000 0.00000000 1.00000000 0.00000000 0.00000000 0.00000000 0.00000000 
9 0.00000000 0.00000000 0.00000000 0.00000000 0.00000000 0.11875276 0.00000000 0.73031844 0.15092879 0.00000000 0.00000000 0.00000000 0.00000000 
10 0.01403061 0.98596939 0.00000000 0.00000000 0.00000000 0.00000000 0.00000000 0.00000000 0.00000000 0.00000000 0.00000000 0.00000000 0.00000000 
11 0.00000000 0.00000000 0.00000000 0.00000000 0.00000000 0.00000000 0.00000000 0.00000000 0.00000000 0.00000000 0.00000000 1.00000000 0.00000000 
12 0.00000000 0.00000000 0.00000000 0.00000000 0.00000000 1.00000000 0.00000000 0.00000000 0.00000000 0.00000000 0.00000000 0.00000000 0.00000000 
13 0.00000000 0.41641337 0.00000000 0.00000000 0.58358663 0.00000000 0.00000000 0.00000000 0.00000000 0.00000000 0.00000000 0.00000000 0.00000000 
14 0.00000000 0.00000000 0.00000000 0.00000000 0.00000000 0.00000000 1.00000000 0.00000000 0.00000000 0.00000000 0.00000000 0.00000000 0.00000000 
15 0.00000000 0.00000000 0.00000000 0.00000000 0.00000000 0.00000000 0.00000000 0.00000000 0.00000000 0.94306418 0.00000000 0.05693582 0.00000000 
16 0.00000000 0.00000000 0.00000000 0.00000000 0.00000000 0.00000000 0.00000000 0.00000000 0.28698980 0.00000000 0.00000000 0.71301020 0.00000000 
18 0.21695317 0.00000000 0.39152341 0.39152341 0.00000000 0.00000000 0.00000000 0.00000000 0.00000000 0.00000000 0.00000000 0.00000000 0.00000000 
19 0.00000000 0.00000000 0.00000000 0.00000000 0.00000000 0.00000000 0.00000000 0.00000000 1.00000000 0.00000000 0.00000000 0.00000000 0.00000000 
21 0.00000000 0.00000000 0.00000000 0.00000000 0.00000000 0.00000000 1.00000000 0.00000000 0.00000000 0.00000000 0.00000000 0.00000000 0.00000000 
22 0.00000000 0.00000000 0.00000000 0.00000000 1.00000000 0.00000000 0.00000000 0.00000000 0.00000000 0.00000000 0.00000000 0.00000000 0.00000000 

workload distribution if node 11 fails:

1    2    3    4    5    6    7    8    9    10    12    13    14    
1 0.00000000 0.00000000 0.00000000 0.00000000 0.00000000 0.00000000 0.00000000 0.00000000 0.00000000 0.00000000 0.50568109 0.00000000 0.49431891 
2 0.00000000 0.00000000 0.00000000 0.00000000 0.00000000 0.00000000 0.00000000 0.00000000 0.00000000 0.00000000 0.00000000 0.45015873 0.54984127 
3 0.96013289 0.00000000 0.00000000 0.00000000 0.00000000 0.00797342 0.03189369 0.00000000 0.00000000 0.00000000 0.00000000 0.00000000 0.00000000 
4 0.00000000 0.00000000 0.00000000 0.00000000 0.00000000 1.00000000 0.00000000 0.00000000 0.00000000 0.00000000 0.00000000 0.00000000 0.00000000 
5 0.00000000 0.00000000 0.00000000 0.00000000 0.00000000 0.00000000 0.91703297 0.00000000 0.08296703 0.00000000 0.00000000 0.00000000 0.00000000 
6 0.00000000 0.00000000 0.00000000 0.00000000 0.00000000 0.00000000 0.00000000 0.00000000 0.00000000 0.00000000 1.00000000 0.00000000 0.00000000 
7 0.00000000 0.00000000 0.00000000 0.00000000 0.00000000 0.00000000 1.00000000 0.00000000 0.00000000 0.00000000 0.00000000 0.00000000 0.00000000 
8 0.00000000 0.00000000 0.00000000 0.00000000 0.00000000 0.00000000 1.00000000 0.00000000 0.00000000 0.00000000 0.00000000 0.00000000 0.00000000 
9 0.00000000 0.00000000 0.00000000 0.00000000 0.00000000 0.00000000 0.00000000 0.58425475 0.41574525 0.00000000 0.00000000 0.00000000 0.00000000 
10 0.01403061 0.98596939 0.00000000 0.00000000 0.00000000 0.00000000 0.00000000 0.00000000 0.00000000 0.00000000 0.00000000 0.00000000 0.00000000 
11 0.00000000 0.00000000 0.00000000 0.00000000 0.00000000 0.00000000 0.00000000 0.00000000 0.00000000 0.00000000 0.00000000 0.00000000 1.00000000 
12 0.00000000 0.00000000 0.00000000 0.00000000 0.00000000 0.00000000 0.00000000 0.00000000 0.00000000 1.00000000 0.00000000 0.00000000 0.00000000 
13 0.00000000 0.41641337 0.00000000 0.00000000 0.58358663 0.00000000 0.00000000 0.00000000 0.00000000 0.00000000 0.00000000 0.00000000 0.00000000 
14 0.00000000 0.00000000 0.00000000 0.00000000 0.00000000 1.00000000 0.00000000 0.00000000 0.00000000 0.00000000 0.00000000 0.00000000 0.00000000 
15 0.00000000 0.00000000 0.00000000 0.00000000 0.00000000 0.00000000 0.00000000 0.00000000 0.00000000 0.00000000 0.00000000 1.00000000 0.00000000 
16 0.00000000 0.00000000 0.00000000 0.00000000 0.00000000 0.00000000 0.00000000 0.00000000 0.28698980 0.00000000 0.00000000 0.71301020 0.00000000 
18 0.21695317 0.00000000 0.39152341 0.39152341 0.00000000 0.00000000 0.00000000 0.00000000 0.00000000 0.00000000 0.00000000 0.00000000 0.00000000 
19 0.00000000 0.00000000 0.00000000 0.00000000 0.00000000 0.80031746 0.00000000 0.00000000 0.19968254 0.00000000 0.00000000 0.00000000 0.00000000 
21 0.00000000 0.00000000 0.00000000 0.00000000 0.00000000 0.00000000 0.32826748 0.00000000 0.00000000 0.67173252 0.00000000 0.00000000 0.00000000 
22 0.00000000 0.00000000 0.00000000 0.00000000 1.00000000 0.00000000 0.00000000 0.00000000 0.00000000 0.00000000 0.00000000 0.00000000 0.00000000 

workload distribution if node 12 fails:

1    2    3    4    5    6    7    8    9    10    11    13    14    
1 0.00000000 0.00000000 0.00000000 0.00000000 0.00000000 0.00000000 0.00000000 0.00000000 0.00000000 0.00000000 0.50568109 0.00000000 0.49431891 
2 0.00000000 0.00000000 0.00000000 0.00000000 0.00000000 0.00000000 0.00000000 0.00000000 0.00000000 0.00000000 0.00000000 1.00000000 0.00000000 
3 0.96013289 0.00000000 0.00000000 0.00000000 0.00000000 0.00797342 0.03189369 0.00000000 0.00000000 0.00000000 0.00000000 0.00000000 0.00000000 
4 0.00000000 0.00000000 0.00000000 0.00000000 0.00000000 1.00000000 0.00000000 0.00000000 0.00000000 0.00000000 0.00000000 0.00000000 0.00000000 
5 0.00000000 0.00000000 0.00000000 0.00000000 0.00000000 0.00000000 0.91703297 0.00000000 0.08296703 0.00000000 0.00000000 0.00000000 0.00000000 
6 0.00000000 0.00000000 0.00000000 0.00000000 0.00000000 0.00000000 0.00000000 0.00000000 0.00000000 0.00000000 1.00000000 0.00000000 0.00000000 
7 0.00000000 0.00000000 0.00000000 0.00000000 0.00000000 0.00000000 1.00000000 0.00000000 0.00000000 0.00000000 0.00000000 0.00000000 0.00000000 
8 0.00000000 0.00000000 0.00000000 0.00000000 0.00000000 0.00000000 1.00000000 0.00000000 0.00000000 0.00000000 0.00000000 0.00000000 0.00000000 
9 0.00000000 0.00000000 0.00000000 0.00000000 0.00000000 0.00000000 0.00000000 0.58425475 0.41574525 0.00000000 0.00000000 0.00000000 0.00000000 
10 0.01403061 0.98596939 0.00000000 0.00000000 0.00000000 0.00000000 0.00000000 0.00000000 0.00000000 0.00000000 0.00000000 0.00000000 0.00000000 
11 0.00000000 0.00000000 0.00000000 0.00000000 0.00000000 0.00000000 0.00000000 0.00000000 0.00000000 0.00000000 0.00000000 1.00000000 0.00000000 
12 0.00000000 0.00000000 0.00000000 0.00000000 0.00000000 0.00000000 0.00000000 0.00000000 0.00000000 1.00000000 0.00000000 0.00000000 0.00000000 
13 0.00000000 0.41641337 0.00000000 0.00000000 0.58358663 0.00000000 0.00000000 0.00000000 0.00000000 0.00000000 0.00000000 0.00000000 0.00000000 
14 0.00000000 0.00000000 0.00000000 0.00000000 0.00000000 1.00000000 0.00000000 0.00000000 0.00000000 0.00000000 0.00000000 0.00000000 0.00000000 
15 0.00000000 0.00000000 0.00000000 0.00000000 0.00000000 0.00000000 0.00000000 0.00000000 0.00000000 0.00000000 0.00000000 1.00000000 0.00000000 
16 0.00000000 0.00000000 0.00000000 0.00000000 0.00000000 0.00000000 0.00000000 0.00000000 0.28698980 0.00000000 0.00000000 0.11267007 0.60034014 
18 0.21695317 0.00000000 0.39152341 0.39152341 0.00000000 0.00000000 0.00000000 0.00000000 0.00000000 0.00000000 0.00000000 0.00000000 0.00000000 
19 0.00000000 0.00000000 0.00000000 0.00000000 0.00000000 0.80031746 0.00000000 0.00000000 0.19968254 0.00000000 0.00000000 0.00000000 0.00000000 
21 0.00000000 0.00000000 0.00000000 0.00000000 0.00000000 0.00000000 0.32826748 0.00000000 0.00000000 0.67173252 0.00000000 0.00000000 0.00000000 
22 0.00000000 0.00000000 0.00000000 0.00000000 1.00000000 0.00000000 0.00000000 0.00000000 0.00000000 0.00000000 0.00000000 0.00000000 0.00000000 

workload distribution if node 13 fails:

1    2    3    4    5    6    7    8    9    10    11    12    14    
1 0.00000000 0.00000000 0.00000000 0.00000000 0.00000000 0.00000000 0.00000000 0.00000000 0.00000000 0.00000000 0.13570790 0.67458190 0.18971020 
2 0.00000000 0.00000000 0.00000000 0.00000000 0.00000000 0.00000000 0.00000000 0.00000000 0.00000000 0.00000000 0.00000000 0.00000000 1.00000000 
3 0.96013289 0.00000000 0.00000000 0.00000000 0.00000000 0.00797342 0.03189369 0.00000000 0.00000000 0.00000000 0.00000000 0.00000000 0.00000000 
4 0.00000000 0.00000000 0.00000000 0.00000000 0.00000000 1.00000000 0.00000000 0.00000000 0.00000000 0.00000000 0.00000000 0.00000000 0.00000000 
5 0.00000000 0.00000000 0.00000000 0.00000000 0.00000000 0.00000000 0.91703297 0.00000000 0.08296703 0.00000000 0.00000000 0.00000000 0.00000000 
6 0.00000000 0.00000000 0.00000000 0.00000000 0.00000000 0.00000000 0.00000000 0.00000000 0.00000000 0.00000000 1.00000000 0.00000000 0.00000000 
7 0.00000000 0.00000000 0.00000000 0.00000000 0.00000000 0.00000000 1.00000000 0.00000000 0.00000000 0.00000000 0.00000000 0.00000000 0.00000000 
8 0.00000000 0.00000000 0.00000000 0.00000000 0.00000000 0.00000000 1.00000000 0.00000000 0.00000000 0.00000000 0.00000000 0.00000000 0.00000000 
9 0.00000000 0.00000000 0.00000000 0.00000000 0.00000000 0.00000000 0.00000000 0.58425475 0.41574525 0.00000000 0.00000000 0.00000000 0.00000000 
10 0.01403061 0.98596939 0.00000000 0.00000000 0.00000000 0.00000000 0.00000000 0.00000000 0.00000000 0.00000000 0.00000000 0.00000000 0.00000000 
11 0.00000000 0.00000000 0.00000000 0.00000000 0.00000000 0.00000000 0.00000000 0.00000000 0.00000000 0.00000000 0.00000000 0.00000000 1.00000000 
12 0.00000000 0.00000000 0.00000000 0.00000000 0.00000000 0.00000000 0.00000000 0.00000000 0.00000000 1.00000000 0.00000000 0.00000000 0.00000000 
13 0.00000000 0.41641337 0.00000000 0.00000000 0.58358663 0.00000000 0.00000000 0.00000000 0.00000000 0.00000000 0.00000000 0.00000000 0.00000000 
14 0.00000000 0.00000000 0.00000000 0.00000000 0.00000000 1.00000000 0.00000000 0.00000000 0.00000000 0.00000000 0.00000000 0.00000000 0.00000000 
15 0.00000000 0.00000000 0.00000000 0.00000000 0.00000000 0.00000000 0.00000000 0.00000000 0.00000000 0.00000000 1.00000000 0.00000000 0.00000000 
16 0.00000000 0.00000000 0.00000000 0.00000000 0.00000000 0.00000000 0.00000000 0.00000000 0.28698980 0.00000000 0.00000000 0.00000000 0.71301020 
18 0.21695317 0.00000000 0.39152341 0.39152341 0.00000000 0.00000000 0.00000000 0.00000000 0.00000000 0.00000000 0.00000000 0.00000000 0.00000000 
19 0.00000000 0.00000000 0.00000000 0.00000000 0.00000000 0.80031746 0.00000000 0.00000000 0.19968254 0.00000000 0.00000000 0.00000000 0.00000000 
21 0.00000000 0.00000000 0.00000000 0.00000000 0.00000000 0.00000000 0.32826748 0.00000000 0.00000000 0.67173252 0.00000000 0.00000000 0.00000000 
22 0.00000000 0.00000000 0.00000000 0.00000000 1.00000000 0.00000000 0.00000000 0.00000000 0.00000000 0.00000000 0.00000000 0.00000000 0.00000000 

workload distribution if node 14 fails:

1    2    3    4    5    6    7    8    9    10    11    12    13    
1 0.00000000 0.00000000 0.00000000 0.00000000 0.00000000 0.00000000 0.00000000 0.00000000 0.00000000 0.00000000 0.49431891 0.50568109 0.00000000 
2 0.00000000 0.00000000 0.00000000 0.00000000 0.00000000 0.00000000 0.00000000 0.00000000 0.00000000 0.00000000 0.00000000 0.00000000 1.00000000 
3 0.96013289 0.00000000 0.00000000 0.00000000 0.00000000 0.00797342 0.03189369 0.00000000 0.00000000 0.00000000 0.00000000 0.00000000 0.00000000 
4 0.00000000 0.00000000 0.00000000 0.00000000 0.00000000 1.00000000 0.00000000 0.00000000 0.00000000 0.00000000 0.00000000 0.00000000 0.00000000 
5 0.00000000 0.00000000 0.00000000 0.00000000 0.00000000 0.00000000 0.91703297 0.00000000 0.08296703 0.00000000 0.00000000 0.00000000 0.00000000 
6 0.00000000 0.00000000 0.00000000 0.00000000 0.00000000 0.00000000 0.00000000 0.00000000 0.00000000 0.00000000 0.00000000 1.00000000 0.00000000 
7 0.00000000 0.00000000 0.00000000 0.00000000 0.00000000 0.00000000 1.00000000 0.00000000 0.00000000 0.00000000 0.00000000 0.00000000 0.00000000 
8 0.00000000 0.00000000 0.00000000 0.00000000 0.00000000 0.00000000 1.00000000 0.00000000 0.00000000 0.00000000 0.00000000 0.00000000 0.00000000 
9 0.00000000 0.00000000 0.00000000 0.00000000 0.00000000 0.00000000 0.00000000 0.58425475 0.41574525 0.00000000 0.00000000 0.00000000 0.00000000 
10 0.01403061 0.98596939 0.00000000 0.00000000 0.00000000 0.00000000 0.00000000 0.00000000 0.00000000 0.00000000 0.00000000 0.00000000 0.00000000 
11 0.00000000 0.00000000 0.00000000 0.00000000 0.00000000 0.00000000 0.00000000 0.00000000 0.00000000 0.00000000 0.00000000 0.00000000 1.00000000 
12 0.00000000 0.00000000 0.00000000 0.00000000 0.00000000 0.00000000 0.00000000 0.00000000 0.00000000 1.00000000 0.00000000 0.00000000 0.00000000 
13 0.00000000 0.41641337 0.00000000 0.00000000 0.58358663 0.00000000 0.00000000 0.00000000 0.00000000 0.00000000 0.00000000 0.00000000 0.00000000 
14 0.00000000 0.00000000 0.00000000 0.00000000 0.00000000 1.00000000 0.00000000 0.00000000 0.00000000 0.00000000 0.00000000 0.00000000 0.00000000 
15 0.00000000 0.00000000 0.00000000 0.00000000 0.00000000 0.00000000 0.00000000 0.00000000 0.00000000 0.00000000 0.48723257 0.00000000 0.51276743 
16 0.00000000 0.00000000 0.00000000 0.00000000 0.00000000 0.00000000 0.00000000 0.00000000 0.28698980 0.00000000 0.00000000 0.00000000 0.71301020 
18 0.21695317 0.00000000 0.39152341 0.39152341 0.00000000 0.00000000 0.00000000 0.00000000 0.00000000 0.00000000 0.00000000 0.00000000 0.00000000 
19 0.00000000 0.00000000 0.00000000 0.00000000 0.00000000 0.80031746 0.00000000 0.00000000 0.19968254 0.00000000 0.00000000 0.00000000 0.00000000 
21 0.00000000 0.00000000 0.00000000 0.00000000 0.00000000 0.00000000 0.32826748 0.00000000 0.00000000 0.67173252 0.00000000 0.00000000 0.00000000 
22 0.00000000 0.00000000 0.00000000 0.00000000 1.00000000 0.00000000 0.00000000 0.00000000 0.00000000 0.00000000 0.00000000 0.00000000 0.00000000 



zz_test [*] :=
 1  1
 2  1
 3  1
 4  1
 5  1
 6  1
 7  1
 8  1
 9  1
10  1
11  1
12  1
13  1
14  1
15  1
16  1
18  1
19  1
21  1
22  1
;

K_test [*] :=
 1  0.0714286
 2  0.0714286
 3  0.0714286
 4  0.0714286
 5  0.0714286
 6  0.0714286
 7  0.0714286
 8  0.0714286
 9  0.0714286
10  0.0714286
11  0.0714286
12  0.0714286
13  0.0714286
14  0.0714286
;

zz2_test [*,*]
:    1   2   3   4   5   6   7   8   9  10  11  12  13  14    :=
1    1   1   1   1   1   1   1   1   1   1   1   1   1   1
2    1   1   1   1   1   1   1   1   1   1   1   1   1   1
3    1   1   1   1   1   1   1   1   1   1   1   1   1   1
4    1   1   1   1   1   1   1   1   1   1   1   1   1   1
5    1   1   1   1   1   1   1   1   1   1   1   1   1   1
6    1   1   1   1   1   1   1   1   1   1   1   1   1   1
7    1   1   1   1   1   1   1   1   1   1   1   1   1   1
8    1   1   1   1   1   1   1   1   1   1   1   1   1   1
9    1   1   1   1   1   1   1   1   1   1   1   1   1   1
10   1   1   1   1   1   1   1   1   1   1   1   1   1   1
11   1   1   1   1   1   1   1   1   1   1   1   1   1   1
12   1   1   1   1   1   1   1   1   1   1   1   1   1   1
13   1   1   1   1   1   1   1   1   1   1   1   1   1   1
14   1   1   1   1   1   1   1   1   1   1   1   1   1   1
15   1   1   1   1   1   1   1   1   1   1   1   1   1   1
16   1   1   1   1   1   1   1   1   1   1   1   1   1   1
18   1   1   1   1   1   1   1   1   1   1   1   1   1   1
19   1   1   1   1   1   1   1   1   1   1   1   1   1   1
21   1   1   1   1   1   1   1   1   1   1   1   1   1   1
22   1   1   1   1   1   1   1   1   1   1   1   1   1   1
;

K2_test [*,*]
:        1           2           3           4           5           6       :=
1     .          0.0892857   0.0892857   0.0892857   0.0892857   0.0714286
2    0.0892857    .          0.0892857   0.0892857   0.0892857   0.0714286
3    0.0892857   0.0892857    .          0.0892857   0.0892857   0.0714286
4    0.0892857   0.0892857   0.0892857    .          0.0892857   0.0714286
5    0.0892857   0.0892857   0.0892857   0.0892857    .          0.0714286
6    0.0714286   0.0714286   0.0714286   0.0714286   0.0714286    .
7    0.0714286   0.0714286   0.0714286   0.0714286   0.0714286   0.0892857
8    0.0714286   0.0714286   0.0714286   0.0714286   0.0714286   0.0892857
9    0.0714286   0.0714286   0.0714286   0.0714286   0.0714286   0.0892857
10   0.0714286   0.0714286   0.0714286   0.0714286   0.0714286   0.0892857
11   0.0714286   0.0714286   0.0714286   0.0714286   0.0714286   0.0714286
12   0.0714286   0.0714286   0.0714286   0.0714286   0.0714286   0.0714286
13   0.0714286   0.0714286   0.0714286   0.0714286   0.0714286   0.0714286
14   0.0714286   0.0714286   0.0714286   0.0714286   0.0714286   0.0714286

:        7           8           9          10          11          12       :=
1    0.0714286   0.0714286   0.0714286   0.0714286   0.0714286   0.0714286
2    0.0714286   0.0714286   0.0714286   0.0714286   0.0714286   0.0714286
3    0.0714286   0.0714286   0.0714286   0.0714286   0.0714286   0.0714286
4    0.0714286   0.0714286   0.0714286   0.0714286   0.0714286   0.0714286
5    0.0714286   0.0714286   0.0714286   0.0714286   0.0714286   0.0714286
6    0.0892857   0.0892857   0.0892857   0.0892857   0.0714286   0.0714286
7     .          0.0892857   0.0892857   0.0892857   0.0714286   0.0714286
8    0.0892857    .          0.0892857   0.0892857   0.0714286   0.0714286
9    0.0892857   0.0892857    .          0.0892857   0.0714286   0.0714286
10   0.0892857   0.0892857   0.0892857    .          0.0714286   0.0714286
11   0.0714286   0.0714286   0.0714286   0.0714286    .          0.0952381
12   0.0714286   0.0714286   0.0714286   0.0714286   0.0952381    .
13   0.0714286   0.0714286   0.0714286   0.0714286   0.0952381   0.0952381
14   0.0714286   0.0714286   0.0714286   0.0714286   0.0952381   0.0952381

:       13          14        :=
1    0.0714286   0.0714286
2    0.0714286   0.0714286
3    0.0714286   0.0714286
4    0.0714286   0.0714286
5    0.0714286   0.0714286
6    0.0714286   0.0714286
7    0.0714286   0.0714286
8    0.0714286   0.0714286
9    0.0714286   0.0714286
10   0.0714286   0.0714286
11   0.0952381   0.0952381
12   0.0952381   0.0952381
13    .          0.0952381
14   0.0952381    .
;

zz2 [*,1,*]
:        2          3          4          5           6            7        :=
1    0           0          0          0          0            0
2    0           0          0          0          0            0
3    0.960133    0          0          0          0.00797342   0.0318937
4    0           0          0          0          1            0
5    0           0          0          0          0            0.917033
6    0           0          0          0          0            0
7    0           0          0          0          0            1
8    0           0          0          0          0            1
9    0           0          0          0          0            0
10   1           0          0          0          0            0
11   0           0          0          0          0            0
12   0           0          0          0          0            0
13   0.165464    0          0          0.834536   0            0
14   0           0          0          0          1            0
15   0           0          0          0          0            0
16   0           0          0          0          0            0
18   0.0211915   0.489404   0.489404   0          0            0
19   0           0          0          0          0.800317     0
21   0           0          0          0          0            0.328267
22   0           0          0          1          0            0

:       8          9          10         11         12         13        :=
1    0          0          0          0.157028   0.337036   0
2    0          0          0          0          0          1
3    0          0          0          0          0          0
4    0          0          0          0          0          0
5    0          0.082967   0          0          0          0
6    0          0          0          0          1          0
7    0          0          0          0          0          0
8    0          0          0          0          0          0
9    0.584255   0.415745   0          0          0          0
10   0          0          0          0          0          0
11   0          0          0          0          0          1
12   0          0          1          0          0          0
13   0          0          0          0          0          0
14   0          0          0          0          0          0
15   0          0          0          0.943064   0          0.0569358
16   0          0.28699    0          0          0          0.71301
18   0          0          0          0          0          0
19   0          0.199683   0          0          0          0
21   0          0          0.671733   0          0          0
22   0          0          0          0          0          0

:       14       :=
1    0.505936
2    0
3    0
4    0
5    0
6    0
7    0
8    0
9    0
10   0
11   0
12   0
13   0
14   0
15   0
16   0
18   0
19   0
21   0
22   0

 [*,2,*]
:        1          3          4          5           6            7        :=
1    0           0          0          0          0            0
2    0           0          0          0          0            0
3    0.960133    0          0          0          0.00797342   0.0318937
4    0           0          0          0          1            0
5    0           0          0          0          0            0.917033
6    0           0          0          0          0            0
7    0           0          0          0          0            1
8    0           0          0          0          0            1
9    0           0          0          0          0            0
10   1           0          0          0          0            0
11   0           0          0          0          0            0
12   0           0          0          0          0            0
13   0           0          0          1          0            0
14   0           0          0          0          1            0
15   0           0          0          0          0            0
16   0           0          0          0          0            0
18   0.0211915   0.489404   0.489404   0          0            0
19   0           0          0          0          0.800317     0
21   0           0          0          0          0            0.328267
22   0.393761    0          0          0.606239   0            0

:       8          9          10         11         12         13        :=
1    0          0          0          0.157028   0.337036   0
2    0          0          0          0          0          1
3    0          0          0          0          0          0
4    0          0          0          0          0          0
5    0          0.082967   0          0          0          0
6    0          0          0          0          1          0
7    0          0          0          0          0          0
8    0          0          0          0          0          0
9    0.584255   0.415745   0          0          0          0
10   0          0          0          0          0          0
11   0          0          0          0          0          1
12   0          0          1          0          0          0
13   0          0          0          0          0          0
14   0          0          0          0          0          0
15   0          0          0          0.943064   0          0.0569358
16   0          0.28699    0          0          0          0.71301
18   0          0          0          0          0          0
19   0          0.199683   0          0          0          0
21   0          0          0.671733   0          0          0
22   0          0          0          0          0          0

:       14       :=
1    0.505936
2    0
3    0
4    0
5    0
6    0
7    0
8    0
9    0
10   0
11   0
12   0
13   0
14   0
15   0
16   0
18   0
19   0
21   0
22   0

 [*,3,*]
:       1          2          4          5           6            7        :=
1    0          0          0          0          0            0
2    0          0          0          0          0            0
3    0.960133   0          0          0          0.00797342   0.0318937
4    0          0          0          0          1            0
5    0          0          0          0          0            0.917033
6    0          0          0          0          0            0
7    0          0          0          0          0            1
8    0          0          0          0          0            1
9    0          0          0          0          0            0
10   0          1          0          0          0            0
11   0          0          0          0          0            0
12   0          0          0          0          0            0
13   0          0.165464   0          0.834536   0            0
14   0          0          0          0          1            0
15   0          0          0          0          0            0
16   0          0          0          0          0            0
18   0.318094   0.192501   0.489404   0          0            0
19   0          0          0          0          0.800317     0
21   0          0          0          0          0            0.328267
22   0          0          0          1          0            0

:       8          9          10         11         12         13        :=
1    0          0          0          0.157028   0.337036   0
2    0          0          0          0          0          1
3    0          0          0          0          0          0
4    0          0          0          0          0          0
5    0          0.082967   0          0          0          0
6    0          0          0          0          1          0
7    0          0          0          0          0          0
8    0          0          0          0          0          0
9    0.584255   0.415745   0          0          0          0
10   0          0          0          0          0          0
11   0          0          0          0          0          1
12   0          0          1          0          0          0
13   0          0          0          0          0          0
14   0          0          0          0          0          0
15   0          0          0          0.943064   0          0.0569358
16   0          0.28699    0          0          0          0.71301
18   0          0          0          0          0          0
19   0          0.199683   0          0          0          0
21   0          0          0.671733   0          0          0
22   0          0          0          0          0          0

:       14       :=
1    0.505936
2    0
3    0
4    0
5    0
6    0
7    0
8    0
9    0
10   0
11   0
12   0
13   0
14   0
15   0
16   0
18   0
19   0
21   0
22   0

 [*,4,*]
:       1          2          3          5           6            7        :=
1    0          0          0          0          0            0
2    0          0          0          0          0            0
3    0          0.960133   0          0          0.00797342   0.0318937
4    0          0          0          0          1            0
5    0          0          0          0          0            0.917033
6    0          0          0          0          0            0
7    0          0          0          0          0            1
8    0          0          0          0          0            1
9    0          0          0          0          0            0
10   1          0          0          0          0            0
11   0          0          0          0          0            0
12   0          0          0          0          0            0
13   0          0.165464   0          0.834536   0            0
14   0          0          0          0          1            0
15   0          0          0          0          0            0
16   0          0          0          0          0            0
18   0.257039   0.253557   0.489404   0          0            0
19   0          0          0          0          0.800317     0
21   0          0          0          0          0            0.328267
22   0          0          0          1          0            0

:       8          9          10         11         12         13        :=
1    0          0          0          0.157028   0.337036   0
2    0          0          0          0          0          1
3    0          0          0          0          0          0
4    0          0          0          0          0          0
5    0          0.082967   0          0          0          0
6    0          0          0          0          1          0
7    0          0          0          0          0          0
8    0          0          0          0          0          0
9    0.584255   0.415745   0          0          0          0
10   0          0          0          0          0          0
11   0          0          0          0          0          1
12   0          0          1          0          0          0
13   0          0          0          0          0          0
14   0          0          0          0          0          0
15   0          0          0          0.943064   0          0.0569358
16   0          0.28699    0          0          0          0.71301
18   0          0          0          0          0          0
19   0          0.199683   0          0          0          0
21   0          0          0.671733   0          0          0
22   0          0          0          0          0          0

:       14       :=
1    0.505936
2    0
3    0
4    0
5    0
6    0
7    0
8    0
9    0
10   0
11   0
12   0
13   0
14   0
15   0
16   0
18   0
19   0
21   0
22   0

 [*,5,*]
:        1          2          3          4           6            7        :=
1    0           0          0          0          0            0
2    0           0          0          0          0            0
3    0.960133    0          0          0          0.00797342   0.0318937
4    0           0          0          0          1            0
5    0           0          0          0          0            0.917033
6    0           0          0          0          0            0
7    0           0          0          0          0            1
8    0           0          0          0          0            1
9    0           0          0          0          0            0
10   0.572385    0.427615   0          0          0            0
11   0           0          0          0          0            0
12   0           0          0          0          0            0
13   0           1          0          0          0            0
14   0           0          0          0          1            0
15   0           0          0          0          0            0
16   0           0          0          0          0            0
18   0.0211915   0          0.489404   0.489404   0            0
19   0           0          0          0          0.800317     0
21   0           0          0          0          0            0.328267
22   1           0          0          0          0            0

:       8          9          10         11         12         13        :=
1    0          0          0          0.157028   0.337036   0
2    0          0          0          0          0          1
3    0          0          0          0          0          0
4    0          0          0          0          0          0
5    0          0.082967   0          0          0          0
6    0          0          0          0          1          0
7    0          0          0          0          0          0
8    0          0          0          0          0          0
9    0.584255   0.415745   0          0          0          0
10   0          0          0          0          0          0
11   0          0          0          0          0          1
12   0          0          1          0          0          0
13   0          0          0          0          0          0
14   0          0          0          0          0          0
15   0          0          0          0.943064   0          0.0569358
16   0          0.28699    0          0          0          0.71301
18   0          0          0          0          0          0
19   0          0.199683   0          0          0          0
21   0          0          0.671733   0          0          0
22   0          0          0          0          0          0

:       14       :=
1    0.505936
2    0
3    0
4    0
5    0
6    0
7    0
8    0
9    0
10   0
11   0
12   0
13   0
14   0
15   0
16   0
18   0
19   0
21   0
22   0

 [*,6,*]
:        1          2          3          4          5           7        :=
1    0           0          0          0          0          0
2    0           0          0          0          0          0
3    0.960133    0          0          0          0          0.0398671
4    0           0          0          0          0          0
5    0           0          0          0          0          0.737637
6    0           0          0          0          0          0
7    0           0          0          0          0          1
8    0           0          0          0          0          0
9    0           0          0          0          0          0
10   0.0140306   0.985969   0          0          0          0
11   0           0          0          0          0          0
12   0           0          0          0          0          0
13   0           0.416413   0          0          0.583587   0
14   0           0          0          0          0          1
15   0           0          0          0          0          0
16   0           0          0          0          0          0
18   0.216953    0          0.391523   0.391523   0          0
19   0           0          0          0          0          0
21   0           0          0          0          0          0.312817
22   0           0          0          0          1          0

:       8          9          10         11         12         13        :=
1    0          0          0          0.157028   0.337036   0
2    0          0          0          0          0          1
3    0          0          0          0          0          0
4    0          0          1          0          0          0
5    0          0.262363   0          0          0          0
6    0          0          0          0          1          0
7    0          0          0          0          0          0
8    0          1          0          0          0          0
9    0.730318   0.269682   0          0          0          0
10   0          0          0          0          0          0
11   0          0          0          0          0          1
12   0          0          1          0          0          0
13   0          0          0          0          0          0
14   0          0          0          0          0          0
15   0          0          0          0.943064   0          0.0569358
16   0          0.28699    0          0          0          0.71301
18   0          0          0          0          0          0
19   0          1          0          0          0          0
21   0          0          0.687183   0          0          0
22   0          0          0          0          0          0

:       14       :=
1    0.505936
2    0
3    0
4    0
5    0
6    0
7    0
8    0
9    0
10   0
11   0
12   0
13   0
14   0
15   0
16   0
18   0
19   0
21   0
22   0

 [*,7,*]
:        1          2          3          4          5           6        :=
1    0           0          0          0          0          0
2    0           0          0          0          0          0
3    0.960133    0          0          0          0          0.0398671
4    0           0          0          0          0          0
5    0           0          0          0          0          0
6    0           0          0          0          0          0
7    0           0          0          0          0          1
8    0           0          0          0          0          0
9    0           0          0          0          0          0.0192393
10   0.0140306   0.985969   0          0          0          0
11   0           0          0          0          0          0
12   0           0          0          0          0          0.469225
13   0           0.416413   0          0          0.583587   0
14   0           0          0          0          0          1
15   0           0          0          0          0          0
16   0           0          0          0          0          0.28699
18   0.216953    0          0.391523   0.391523   0          0
19   0           0          0          0          0          0
21   0           0          0          0          0          0
22   0           0          0          0          1          0

:       8          9          10         11         12         13        :=
1    0          0          0          0.157028   0.337036   0
2    0          0          0          0          0          1
3    0          0          0          0          0          0
4    0          0          1          0          0          0
5    0          1          0          0          0          0
6    0          0          0          0          1          0
7    0          0          0          0          0          0
8    0          1          0          0          0          0
9    0.730318   0.250442   0          0          0          0
10   0          0          0          0          0          0
11   0          0          0          0          0          1
12   0          0          0.530775   0          0          0
13   0          0          0          0          0          0
14   0          0          0          0          0          0
15   0          0          0          0.943064   0          0.0569358
16   0          0          0          0          0          0.71301
18   0          0          0          0          0          0
19   0          1          0          0          0          0
21   0          0          1          0          0          0
22   0          0          0          0          0          0

:       14       :=
1    0.505936
2    0
3    0
4    0
5    0
6    0
7    0
8    0
9    0
10   0
11   0
12   0
13   0
14   0
15   0
16   0
18   0
19   0
21   0
22   0

 [*,8,*]
:        1          2          3          4          5          6        :=
1    0           0          0          0          0          0
2    0           0          0          0          0          0
3    0.960133    0          0          0          0          0
4    0           0          0          0          0          0
5    0           0          0          0          0          0
6    0           0          0          0          0          0
7    0           0          0          0          0          0
8    0           0          0          0          0          0
9    0           0          0          0          0          0.269682
10   0.0140306   0.985969   0          0          0          0
11   0           0          0          0          0          0
12   0           0          0          0          0          0
13   0           0.416413   0          0          0.583587   0
14   0           0          0          0          0          0.375252
15   0           0          0          0          0          0
16   0           0          0          0          0          0.28699
18   0.216953    0          0.391523   0.391523   0          0
19   0           0          0          0          0          1
21   0           0          0          0          0          0
22   0           0          0          0          1          0

:        7          9          10         11         12         13        :=
1    0           0          0          0.157028   0.337036   0
2    0           0          0          0          0          1
3    0.0398671   0          0          0          0          0
4    0           0          1          0          0          0
5    1           0          0          0          0          0
6    0           0          0          0          1          0
7    1           0          0          0          0          0
8    1           0          0          0          0          0
9    0           0.730318   0          0          0          0
10   0           0          0          0          0          0
11   0           0          0          0          0          1
12   0           0          1          0          0          0
13   0           0          0          0          0          0
14   0.624748    0          0          0          0          0
15   0           0          0          0.943064   0          0.0569358
16   0           0          0          0          0          0.71301
18   0           0          0          0          0          0
19   0           0          0          0          0          0
21   0.312817    0          0.687183   0          0          0
22   0           0          0          0          0          0

:       14       :=
1    0.505936
2    0
3    0
4    0
5    0
6    0
7    0
8    0
9    0
10   0
11   0
12   0
13   0
14   0
15   0
16   0
18   0
19   0
21   0
22   0

 [*,9,*]
:        1          2          3          4          5          6        :=
1    0           0          0          0          0          0
2    0           0          0          0          0          0
3    0.960133    0          0          0          0          0
4    0           0          0          0          0          0
5    0           0          0          0          0          0
6    0           0          0          0          0          0
7    0           0          0          0          0          0.337251
8    0           0          0          0          0          0
9    0           0          0          0          0          0.269682
10   0.0140306   0.985969   0          0          0          0
11   0           0          0          0          0          0
12   0           0          0          0          0          0
13   0           0.416413   0          0          0.583587   0
14   0           0          0          0          0          0
15   0           0          0          0          0          0
16   0           0          0          0          0          0.28699
18   0.216953    0          0.391523   0.391523   0          0
19   0           0          0          0          0          1
21   0           0          0          0          0          0
22   0           0          0          0          1          0

:        7          8          10         11         12         13        :=
1    0           0          0          0.157028   0.337036   0
2    0           0          0          0          0          1
3    0.0398671   0          0          0          0          0
4    0           0          1          0          0          0
5    1           0          0          0          0          0
6    0           0          0          0          1          0
7    0.662749    0          0          0          0          0
8    1           0          0          0          0          0
9    0           0.730318   0          0          0          0
10   0           0          0          0          0          0
11   0           0          0          0          0          1
12   0           0          1          0          0          0
13   0           0          0          0          0          0
14   1           0          0          0          0          0
15   0           0          0          0.943064   0          0.0569358
16   0           0          0          0          0          0.71301
18   0           0          0          0          0          0
19   0           0          0          0          0          0
21   0.312817    0          0.687183   0          0          0
22   0           0          0          0          0          0

:       14       :=
1    0.505936
2    0
3    0
4    0
5    0
6    0
7    0
8    0
9    0
10   0
11   0
12   0
13   0
14   0
15   0
16   0
18   0
19   0
21   0
22   0

 [*,10,*]
:        1          2          3          4          5           6        :=
1    0           0          0          0          0          0
2    0           0          0          0          0          0
3    0.960133    0          0          0          0          0.0398671
4    0           0          0          0          0          1
5    0           0          0          0          0          0
6    0           0          0          0          0          0
7    0           0          0          0          0          0.697559
8    0           0          0          0          0          0
9    0           0          0          0          0          0.118753
10   0.0140306   0.985969   0          0          0          0
11   0           0          0          0          0          0
12   0           0          0          0          0          1
13   0           0.416413   0          0          0.583587   0
14   0           0          0          0          0          0
15   0           0          0          0          0          0
16   0           0          0          0          0          0
18   0.216953    0          0.391523   0.391523   0          0
19   0           0          0          0          0          0
21   0           0          0          0          0          0
22   0           0          0          0          1          0

:       7          8          9          11         12         13        :=
1    0          0          0          0.157028   0.337036   0
2    0          0          0          0          0          1
3    0          0          0          0          0          0
4    0          0          0          0          0          0
5    0          0          1          0          0          0
6    0          0          0          0          1          0
7    0.302441   0          0          0          0          0
8    0          0          1          0          0          0
9    0          0.730318   0.150929   0          0          0
10   0          0          0          0          0          0
11   0          0          0          0          0          1
12   0          0          0          0          0          0
13   0          0          0          0          0          0
14   1          0          0          0          0          0
15   0          0          0          0.943064   0          0.0569358
16   0          0          0.28699    0          0          0.71301
18   0          0          0          0          0          0
19   0          0          1          0          0          0
21   1          0          0          0          0          0
22   0          0          0          0          0          0

:       14       :=
1    0.505936
2    0
3    0
4    0
5    0
6    0
7    0
8    0
9    0
10   0
11   0
12   0
13   0
14   0
15   0
16   0
18   0
19   0
21   0
22   0

 [*,11,*]
:        1          2          3          4          5           6         :=
1    0           0          0          0          0          0
2    0           0          0          0          0          0
3    0.960133    0          0          0          0          0.00797342
4    0           0          0          0          0          1
5    0           0          0          0          0          0
6    0           0          0          0          0          0
7    0           0          0          0          0          0
8    0           0          0          0          0          0
9    0           0          0          0          0          0
10   0.0140306   0.985969   0          0          0          0
11   0           0          0          0          0          0
12   0           0          0          0          0          0
13   0           0.416413   0          0          0.583587   0
14   0           0          0          0          0          1
15   0           0          0          0          0          0
16   0           0          0          0          0          0
18   0.216953    0          0.391523   0.391523   0          0
19   0           0          0          0          0          0.800317
21   0           0          0          0          0          0
22   0           0          0          0          1          0

:        7          8          9          10         12         13       :=
1    0           0          0          0          0.505681   0
2    0           0          0          0          0          0.450159
3    0.0318937   0          0          0          0          0
4    0           0          0          0          0          0
5    0.917033    0          0.082967   0          0          0
6    0           0          0          0          1          0
7    1           0          0          0          0          0
8    1           0          0          0          0          0
9    0           0.584255   0.415745   0          0          0
10   0           0          0          0          0          0
11   0           0          0          0          0          0
12   0           0          0          1          0          0
13   0           0          0          0          0          0
14   0           0          0          0          0          0
15   0           0          0          0          0          1
16   0           0          0.28699    0          0          0.71301
18   0           0          0          0          0          0
19   0           0          0.199683   0          0          0
21   0.328267    0          0          0.671733   0          0
22   0           0          0          0          0          0

:       14       :=
1    0.494319
2    0.549841
3    0
4    0
5    0
6    0
7    0
8    0
9    0
10   0
11   1
12   0
13   0
14   0
15   0
16   0
18   0
19   0
21   0
22   0

 [*,12,*]
:        1          2          3          4          5           6         :=
1    0           0          0          0          0          0
2    0           0          0          0          0          0
3    0.960133    0          0          0          0          0.00797342
4    0           0          0          0          0          1
5    0           0          0          0          0          0
6    0           0          0          0          0          0
7    0           0          0          0          0          0
8    0           0          0          0          0          0
9    0           0          0          0          0          0
10   0.0140306   0.985969   0          0          0          0
11   0           0          0          0          0          0
12   0           0          0          0          0          0
13   0           0.416413   0          0          0.583587   0
14   0           0          0          0          0          1
15   0           0          0          0          0          0
16   0           0          0          0          0          0
18   0.216953    0          0.391523   0.391523   0          0
19   0           0          0          0          0          0.800317
21   0           0          0          0          0          0
22   0           0          0          0          1          0

:        7          8          9          10         11        13         14 :=
1    0           0          0          0          0.505681   0         0.494319
2    0           0          0          0          0          1         0
3    0.0318937   0          0          0          0          0         0
4    0           0          0          0          0          0         0
5    0.917033    0          0.082967   0          0          0         0
6    0           0          0          0          1          0         0
7    1           0          0          0          0          0         0
8    1           0          0          0          0          0         0
9    0           0.584255   0.415745   0          0          0         0
10   0           0          0          0          0          0         0
11   0           0          0          0          0          1         0
12   0           0          0          1          0          0         0
13   0           0          0          0          0          0         0
14   0           0          0          0          0          0         0
15   0           0          0          0          0          1         0
16   0           0          0.28699    0          0          0.11267   0.60034
18   0           0          0          0          0          0         0
19   0           0          0.199683   0          0          0         0
21   0.328267    0          0          0.671733   0          0         0
22   0           0          0          0          0          0         0

 [*,13,*]
:        1          2          3          4          5           6         :=
1    0           0          0          0          0          0
2    0           0          0          0          0          0
3    0.960133    0          0          0          0          0.00797342
4    0           0          0          0          0          1
5    0           0          0          0          0          0
6    0           0          0          0          0          0
7    0           0          0          0          0          0
8    0           0          0          0          0          0
9    0           0          0          0          0          0
10   0.0140306   0.985969   0          0          0          0
11   0           0          0          0          0          0
12   0           0          0          0          0          0
13   0           0.416413   0          0          0.583587   0
14   0           0          0          0          0          1
15   0           0          0          0          0          0
16   0           0          0          0          0          0
18   0.216953    0          0.391523   0.391523   0          0
19   0           0          0          0          0          0.800317
21   0           0          0          0          0          0
22   0           0          0          0          1          0

:        7          8          9          10         11         12        14 :=
1    0           0          0          0          0.135708   0.674582   0.18971
2    0           0          0          0          0          0          1
3    0.0318937   0          0          0          0          0          0
4    0           0          0          0          0          0          0
5    0.917033    0          0.082967   0          0          0          0
6    0           0          0          0          1          0          0
7    1           0          0          0          0          0          0
8    1           0          0          0          0          0          0
9    0           0.584255   0.415745   0          0          0          0
10   0           0          0          0          0          0          0
11   0           0          0          0          0          0          1
12   0           0          0          1          0          0          0
13   0           0          0          0          0          0          0
14   0           0          0          0          0          0          0
15   0           0          0          0          1          0          0
16   0           0          0.28699    0          0          0          0.71301
18   0           0          0          0          0          0          0
19   0           0          0.199683   0          0          0          0
21   0.328267    0          0          0.671733   0          0          0
22   0           0          0          0          0          0          0

 [*,14,*]
:        1          2          3          4          5           6         :=
1    0           0          0          0          0          0
2    0           0          0          0          0          0
3    0.960133    0          0          0          0          0.00797342
4    0           0          0          0          0          1
5    0           0          0          0          0          0
6    0           0          0          0          0          0
7    0           0          0          0          0          0
8    0           0          0          0          0          0
9    0           0          0          0          0          0
10   0.0140306   0.985969   0          0          0          0
11   0           0          0          0          0          0
12   0           0          0          0          0          0
13   0           0.416413   0          0          0.583587   0
14   0           0          0          0          0          1
15   0           0          0          0          0          0
16   0           0          0          0          0          0
18   0.216953    0          0.391523   0.391523   0          0
19   0           0          0          0          0          0.800317
21   0           0          0          0          0          0
22   0           0          0          0          1          0

:        7          8          9          10         11         12       :=
1    0           0          0          0          0.494319   0.505681
2    0           0          0          0          0          0
3    0.0318937   0          0          0          0          0
4    0           0          0          0          0          0
5    0.917033    0          0.082967   0          0          0
6    0           0          0          0          0          1
7    1           0          0          0          0          0
8    1           0          0          0          0          0
9    0           0.584255   0.415745   0          0          0
10   0           0          0          0          0          0
11   0           0          0          0          0          0
12   0           0          0          1          0          0
13   0           0          0          0          0          0
14   0           0          0          0          0          0
15   0           0          0          0          0.487233   0
16   0           0          0.28699    0          0          0
18   0           0          0          0          0          0
19   0           0          0.199683   0          0          0
21   0.328267    0          0          0.671733   0          0
22   0           0          0          0          0          0

:       13       :=
1    0
2    1
3    0
4    0
5    0
6    0
7    0
8    0
9    0
10   0
11   1
12   0
13   0
14   0
15   0.512767
16   0.71301
18   0
19   0
21   0
22   0
;

