K=3, W/V=1.7097023, K=3, time:0.044

ca [*] :=
1  3
;

fragment allocation x on node k:

1    2    3    
0 1 0 0 
1 1 0 0 
2 1 0 0 
3 1 0 0 
4 1 0 0 
5 1 0 0 
6 1 0 0 
7 0 0 0 
8 0 0 0 
9 1 0 0 
10 1 0 0 
11 0 0 0 
12 1 1 1 
13 1 1 1 
14 1 0 0 
15 0 0 0 
16 1 0 1 
17 1 0 1 
18 1 0 0 
19 1 0 1 
20 1 0 0 
21 1 0 0 
22 1 0 0 
23 1 1 1 
24 0 1 1 
25 0 1 0 
26 1 1 0 
27 0 1 1 
28 0 1 1 
29 1 1 0 
30 0 1 0 
31 1 0 0 
32 1 0 0 
33 1 0 0 
34 1 0 0 
35 0 0 0 
36 1 1 1 
37 1 1 1 
38 0 0 1 
39 0 0 1 
40 1 1 1 
41 1 0 1 
42 0 0 0 
43 1 1 0 
44 1 0 0 
45 1 1 1 
46 1 0 0 
47 1 0 1 
48 0 0 0 
49 1 1 1 
50 1 1 0 
51 1 1 0 
52 0 1 0 
53 0 1 0 
54 0 1 0 
55 1 1 0 
56 1 0 1 
57 1 0 1 
58 1 0 0 
59 1 0 0 
60 0 0 0 

query feasibility y on node k:

1    2    3    
1 0 1 0 
2 1 0 0 
3 1 1 0 
4 1 0 1 
5 1 0 0 
6 1 1 0 
7 1 0 0 
8 1 0 0 
9 1 0 0 
10 0 1 0 
11 1 0 0 
12 1 0 0 
13 1 0 0 
14 1 0 0 
15 1 0 0 
16 1 0 0 
17 1 0 0 
18 0 0 1 
19 1 0 0 
20 1 0 0 
21 0 0 1 
22 0 1 1 

workload distribution ohne node failure:

1    2    3    
1 0.00000000 1.00000000 0.00000000 
2 1.00000000 0.00000000 0.00000000 
3 0.14415814 0.85584186 0.00000000 
4 0.00000000 0.00000000 1.00000000 
5 1.00000000 0.00000000 0.00000000 
6 1.00000000 0.00000000 0.00000000 
7 1.00000000 0.00000000 0.00000000 
8 1.00000000 0.00000000 0.00000000 
9 1.00000000 0.00000000 0.00000000 
10 0.00000000 1.00000000 0.00000000 
11 1.00000000 0.00000000 0.00000000 
12 1.00000000 0.00000000 0.00000000 
13 1.00000000 0.00000000 0.00000000 
14 1.00000000 0.00000000 0.00000000 
15 1.00000000 0.00000000 0.00000000 
16 1.00000000 0.00000000 0.00000000 
17 1.00000000 0.00000000 0.00000000 
18 0.00000000 0.00000000 1.00000000 
19 1.00000000 0.00000000 0.00000000 
20 1.00000000 0.00000000 0.00000000 
21 0.00000000 0.00000000 1.00000000 
22 0.00000000 0.88861308 0.11138692 

zz_test [*] :=
 1 1    3 1    5 1    7 1    9 1   11 1   13 1   15 1   17 1   19 1   21 1
 2 1    4 1    6 1    8 1   10 1   12 1   14 1   16 1   18 1   20 1   22 1
;

K_test [*] :=
1  0.333333333333
2  0.333333333333
3  0.333333333333
;

W_start/V = 1.35756631229
W/V = 1.70970234895
sum{i in 0 .. N, k in 1 .. K} (1 - s[i,k])*xb[i,k]*a[i]/V = 0.419592052602

