K=5, W/V=2.2197927, K=5, time:0.152

ca [*] :=
1  5
;

fragment allocation x on node k:

1    2    3    4    5    
0 0 0 0 1 0 
1 0 0 0 1 0 
2 0 0 0 1 0 
3 0 0 0 1 0 
4 0 0 0 1 0 
5 0 0 0 1 0 
6 0 0 0 1 0 
7 0 0 0 0 0 
8 0 0 0 0 0 
9 0 0 1 1 0 
10 0 0 1 1 0 
11 0 0 0 0 0 
12 0 0 1 1 1 
13 0 0 1 1 1 
14 0 0 1 1 0 
15 0 0 0 0 0 
16 0 0 1 1 1 
17 0 0 1 1 1 
18 0 0 1 1 0 
19 0 0 1 1 1 
20 0 0 1 1 0 
21 0 0 0 1 0 
22 0 0 0 1 0 
23 0 1 1 1 1 
24 0 1 1 0 1 
25 0 0 1 0 0 
26 0 0 1 1 0 
27 0 1 1 0 0 
28 0 1 1 0 0 
29 0 0 1 0 0 
30 0 0 1 0 0 
31 0 0 0 1 0 
32 0 0 0 1 0 
33 0 0 0 1 0 
34 0 0 0 1 0 
35 0 0 0 0 0 
36 0 1 1 1 1 
37 0 1 1 1 1 
38 0 0 0 0 1 
39 0 1 0 0 1 
40 0 1 1 1 1 
41 0 0 1 0 0 
42 0 0 0 0 0 
43 0 0 1 0 0 
44 0 1 0 0 0 
45 0 1 1 1 1 
46 0 0 0 1 0 
47 0 0 1 1 1 
48 0 0 0 0 0 
49 1 1 1 1 1 
50 1 0 1 1 0 
51 1 0 1 1 0 
52 1 0 1 0 0 
53 1 0 1 0 0 
54 1 0 1 0 0 
55 1 0 1 1 0 
56 0 0 1 0 1 
57 0 0 1 0 1 
58 0 0 0 1 0 
59 0 0 1 1 0 
60 0 0 0 0 0 

query feasibility y on node k:

1    2    3    4    5    
1 1 0 1 0 0 
2 0 0 0 1 0 
3 0 0 1 0 0 
4 0 0 1 0 0 
5 0 0 1 1 0 
6 1 0 1 0 0 
7 0 0 1 0 0 
8 0 0 0 1 0 
9 0 0 0 1 0 
10 0 0 1 0 0 
11 0 0 0 1 0 
12 0 0 1 0 0 
13 0 1 0 0 0 
14 0 0 0 1 0 
15 0 0 1 1 0 
16 0 0 0 1 0 
17 0 0 0 1 0 
18 0 1 0 0 1 
19 0 0 0 1 0 
20 0 0 0 1 0 
21 0 0 0 0 1 
22 0 1 1 0 0 

workload distribution ohne node failure:

1    2    3    4    5    
1 0.78284908 0.00000000 0.21715092 0.00000000 0.00000000 
2 0.00000000 0.00000000 0.00000000 1.00000000 0.00000000 
3 0.00000000 0.00000000 1.00000000 0.00000000 0.00000000 
4 0.00000000 0.00000000 1.00000000 0.00000000 0.00000000 
5 0.00000000 0.00000000 0.63380431 0.36619569 0.00000000 
6 1.00000000 0.00000000 0.00000000 0.00000000 0.00000000 
7 0.00000000 0.00000000 1.00000000 0.00000000 0.00000000 
8 0.00000000 0.00000000 0.00000000 1.00000000 0.00000000 
9 0.00000000 0.00000000 0.00000000 1.00000000 0.00000000 
10 0.00000000 0.00000000 1.00000000 0.00000000 0.00000000 
11 0.00000000 0.00000000 0.00000000 1.00000000 0.00000000 
12 0.00000000 0.00000000 1.00000000 0.00000000 0.00000000 
13 0.00000000 1.00000000 0.00000000 0.00000000 0.00000000 
14 0.00000000 0.00000000 0.00000000 1.00000000 0.00000000 
15 0.00000000 0.00000000 1.00000000 0.00000000 0.00000000 
16 0.00000000 0.00000000 0.00000000 1.00000000 0.00000000 
17 0.00000000 0.00000000 0.00000000 1.00000000 0.00000000 
18 0.00000000 0.66258203 0.00000000 0.00000000 0.33741797 
19 0.00000000 0.00000000 0.00000000 1.00000000 0.00000000 
20 0.00000000 0.00000000 0.00000000 1.00000000 0.00000000 
21 0.00000000 0.00000000 0.00000000 0.00000000 1.00000000 
22 0.00000000 0.77074824 0.22925176 0.00000000 0.00000000 

zz_test [*] :=
 1 1    3 1    5 1    7 1    9 1   11 1   13 1   15 1   17 1   19 1   21 1
 2 1    4 1    6 1    8 1   10 1   12 1   14 1   16 1   18 1   20 1   22 1
;

K_test [*] :=
1  0.2
2  0.2
3  0.2
4  0.2
5  0.2
;

W_start/V = 1.77291860523
W/V = 2.21979271604
sum{i in 0 .. N, k in 1 .. K} (1 - s[i,k])*xb[i,k]*a[i]/V = 0.447546579775

