K=11, W/V=3.7420289, K=11, time:0.831

ca [*] :=
1  11
;

fragment allocation x on node k:

1    2    3    4    5    6    7    8    9    10    11    
0 0 0 0 0 1 0 1 0 1 1 0 
1 0 0 0 0 1 0 0 0 1 0 0 
2 0 0 0 0 0 0 0 0 0 1 0 
3 0 0 0 0 0 0 1 0 0 1 0 
4 0 0 0 0 1 0 0 0 0 1 0 
5 0 0 0 0 0 0 1 0 0 1 0 
6 0 0 0 0 0 0 1 0 0 0 0 
7 0 0 0 0 0 0 0 0 0 0 0 
8 0 0 0 0 0 0 0 0 0 0 0 
9 0 1 0 0 1 0 0 0 0 1 0 
10 0 1 0 0 1 0 0 0 0 1 0 
11 0 0 0 0 0 0 0 0 0 0 0 
12 0 1 0 1 1 0 0 1 1 1 0 
13 0 1 0 1 1 0 0 1 1 1 0 
14 0 1 0 0 1 0 0 0 0 1 0 
15 0 0 0 0 0 0 0 0 0 0 0 
16 0 1 0 1 1 0 1 1 1 1 0 
17 0 0 0 1 1 0 1 1 0 1 0 
18 0 0 0 0 1 0 1 0 0 1 0 
19 0 1 0 1 1 0 0 1 1 1 0 
20 0 0 0 0 0 0 1 0 0 1 0 
21 0 0 0 0 0 0 0 0 0 1 0 
22 0 0 0 0 0 0 0 0 0 1 0 
23 0 1 0 0 1 1 0 1 0 1 1 
24 0 1 0 0 0 1 0 1 0 0 1 
25 0 1 0 0 0 0 0 0 0 0 0 
26 0 1 0 0 1 0 0 0 0 0 0 
27 0 1 0 0 0 1 0 0 0 1 0 
28 0 1 0 0 0 1 0 0 0 1 0 
29 0 1 0 0 0 0 0 0 0 0 0 
30 0 1 0 0 0 0 0 0 0 0 0 
31 0 0 0 0 1 0 0 0 1 1 0 
32 0 0 0 0 1 0 0 0 1 1 0 
33 0 0 0 0 1 0 0 0 0 1 0 
34 0 0 0 0 1 0 0 0 1 1 0 
35 0 0 0 0 0 0 0 0 0 0 0 
36 0 1 0 1 1 1 0 1 1 1 1 
37 0 1 0 0 1 1 0 1 0 1 1 
38 0 0 0 1 0 0 0 1 0 0 0 
39 0 0 0 0 0 1 0 1 0 0 1 
40 0 1 0 0 1 1 0 1 1 0 1 
41 0 0 0 0 0 0 0 1 0 0 0 
42 0 0 0 0 0 0 0 0 0 0 0 
43 0 1 0 0 0 0 0 0 0 0 0 
44 0 0 0 0 0 0 0 0 0 1 0 
45 0 1 0 1 1 1 0 1 1 0 1 
46 0 0 0 0 1 0 1 0 1 0 0 
47 0 1 0 1 1 0 1 1 1 0 0 
48 0 0 0 0 0 0 0 0 0 0 0 
49 1 0 1 0 1 1 1 1 1 0 1 
50 1 1 1 0 1 0 1 0 1 0 0 
51 1 1 1 0 1 0 1 0 1 0 0 
52 1 0 1 0 0 0 1 0 0 0 0 
53 1 1 1 0 0 0 1 0 0 0 0 
54 1 0 1 0 0 0 1 0 0 0 0 
55 1 1 1 0 1 0 1 1 0 0 0 
56 0 0 0 1 0 0 0 1 0 0 0 
57 0 0 0 1 0 0 0 1 0 0 0 
58 0 0 0 0 0 0 1 0 0 0 0 
59 0 0 0 0 0 0 1 1 0 0 0 
60 0 0 0 0 0 0 0 0 0 0 0 

query feasibility y on node k:

1    2    3    4    5    6    7    8    9    10    11    
1 1 0 1 0 0 0 1 0 0 0 0 
2 0 0 0 0 0 0 0 0 0 1 0 
3 0 1 0 0 0 0 0 0 0 0 0 
4 0 0 0 0 0 0 0 1 0 0 0 
5 0 1 0 0 1 0 0 0 0 0 0 
6 1 0 1 0 1 0 1 0 0 0 0 
7 0 1 0 0 1 0 0 0 0 0 0 
8 0 0 0 0 1 0 0 0 0 0 0 
9 0 0 0 0 1 0 0 0 1 0 0 
10 0 1 0 0 0 0 0 0 0 0 0 
11 0 0 0 0 1 0 0 0 0 1 0 
12 0 0 0 0 0 0 0 1 0 0 0 
13 0 0 0 0 0 0 0 0 0 1 0 
14 0 0 0 0 1 0 0 0 0 0 0 
15 0 0 0 0 0 0 1 0 0 0 0 
16 0 0 0 0 0 0 0 0 0 1 0 
17 0 0 0 0 0 0 1 0 0 0 0 
18 0 0 0 0 0 1 0 1 0 0 1 
19 0 0 0 0 0 0 1 0 0 0 0 
20 0 0 0 0 1 0 0 0 0 0 0 
21 0 0 0 1 0 0 0 1 0 0 0 
22 0 1 0 0 0 1 0 0 0 1 0 

workload distribution ohne node failure:

1    2    3    4    5    6    7    8    9    10    11    
1 0.36639039 0.00000000 0.36639039 0.00000000 0.00000000 0.00000000 0.26721923 0.00000000 0.00000000 0.00000000 0.00000000 
2 0.00000000 0.00000000 0.00000000 0.00000000 0.00000000 0.00000000 0.00000000 0.00000000 0.00000000 1.00000000 0.00000000 
3 0.00000000 1.00000000 0.00000000 0.00000000 0.00000000 0.00000000 0.00000000 0.00000000 0.00000000 0.00000000 0.00000000 
4 0.00000000 0.00000000 0.00000000 0.00000000 0.00000000 0.00000000 0.00000000 1.00000000 0.00000000 0.00000000 0.00000000 
5 0.00000000 1.00000000 0.00000000 0.00000000 0.00000000 0.00000000 0.00000000 0.00000000 0.00000000 0.00000000 0.00000000 
6 0.00000000 0.00000000 0.00000000 0.00000000 0.67552689 0.00000000 0.32447311 0.00000000 0.00000000 0.00000000 0.00000000 
7 0.00000000 0.00000000 0.00000000 0.00000000 1.00000000 0.00000000 0.00000000 0.00000000 0.00000000 0.00000000 0.00000000 
8 0.00000000 0.00000000 0.00000000 0.00000000 1.00000000 0.00000000 0.00000000 0.00000000 0.00000000 0.00000000 0.00000000 
9 0.00000000 0.00000000 0.00000000 0.00000000 0.29429728 0.00000000 0.00000000 0.00000000 0.70570272 0.00000000 0.00000000 
10 0.00000000 1.00000000 0.00000000 0.00000000 0.00000000 0.00000000 0.00000000 0.00000000 0.00000000 0.00000000 0.00000000 
11 0.00000000 0.00000000 0.00000000 0.00000000 0.54255129 0.00000000 0.00000000 0.00000000 0.00000000 0.45744871 0.00000000 
12 0.00000000 0.00000000 0.00000000 0.00000000 0.00000000 0.00000000 0.00000000 1.00000000 0.00000000 0.00000000 0.00000000 
13 0.00000000 0.00000000 0.00000000 0.00000000 0.00000000 0.00000000 0.00000000 0.00000000 0.00000000 1.00000000 0.00000000 
14 0.00000000 0.00000000 0.00000000 0.00000000 1.00000000 0.00000000 0.00000000 0.00000000 0.00000000 0.00000000 0.00000000 
15 0.00000000 0.00000000 0.00000000 0.00000000 0.00000000 0.00000000 1.00000000 0.00000000 0.00000000 0.00000000 0.00000000 
16 0.00000000 0.00000000 0.00000000 0.00000000 0.00000000 0.00000000 0.00000000 0.00000000 0.00000000 1.00000000 0.00000000 
17 0.00000000 0.00000000 0.00000000 0.00000000 0.00000000 0.00000000 1.00000000 0.00000000 0.00000000 0.00000000 0.00000000 
18 0.00000000 0.00000000 0.00000000 0.00000000 0.00000000 0.42242852 0.00000000 0.06940970 0.00000000 0.00000000 0.50816179 
19 0.00000000 0.00000000 0.00000000 0.00000000 0.00000000 0.00000000 1.00000000 0.00000000 0.00000000 0.00000000 0.00000000 
20 0.00000000 0.00000000 0.00000000 0.00000000 1.00000000 0.00000000 0.00000000 0.00000000 0.00000000 0.00000000 0.00000000 
21 0.00000000 0.00000000 0.00000000 0.65104045 0.00000000 0.00000000 0.00000000 0.34895955 0.00000000 0.00000000 0.00000000 
22 0.00000000 0.02802791 0.00000000 0.00000000 0.00000000 0.72818426 0.00000000 0.00000000 0.00000000 0.24378783 0.00000000 

zz_test [*] :=
 1 1    3 1    5 1    7 1    9 1   11 1   13 1   15 1   17 1   19 1   21 1
 2 1    4 1    6 1    8 1   10 1   12 1   14 1   16 1   18 1   20 1   22 1
;

K_test [*] :=
 1  0.0909090909091
 2  0.0909090909091
 3  0.0909090909091
 4  0.0909090909091
 5  0.0909090909091
 6  0.0909090909091
 7  0.0909090909091
 8  0.0909090909091
 9  0.0909090909091
10  0.0909090909091
11  0.0909090909091
;

W_start/V = 3.48142222654
W/V = 3.74202886243
sum{i in 0 .. N, k in 1 .. K} (1 - s[i,k])*xb[i,k]*a[i]/V = 0.374409546238

