K=2, W/V=1.4064277, K=2, time:0.029

ca [*] :=
1  2
;

fragment allocation x on node k:

1    2    
0 1 0 
1 1 0 
2 1 0 
3 1 0 
4 1 0 
5 1 0 
6 1 0 
7 0 0 
8 0 0 
9 1 1 
10 1 1 
11 0 0 
12 1 1 
13 1 1 
14 1 1 
15 0 0 
16 1 1 
17 1 1 
18 1 1 
19 1 1 
20 1 1 
21 1 0 
22 1 0 
23 1 1 
24 1 1 
25 1 0 
26 1 1 
27 1 1 
28 1 1 
29 1 1 
30 1 0 
31 1 0 
32 1 0 
33 1 0 
34 1 0 
35 0 0 
36 1 1 
37 1 1 
38 1 0 
39 0 1 
40 1 1 
41 1 0 
42 0 0 
43 1 1 
44 1 0 
45 1 1 
46 1 0 
47 1 1 
48 0 0 
49 1 1 
50 1 1 
51 1 1 
52 0 1 
53 1 1 
54 0 1 
55 1 1 
56 1 0 
57 1 0 
58 1 0 
59 1 0 
60 0 0 

query feasibility y on node k:

1    2    
1 0 1 
2 1 0 
3 1 1 
4 1 0 
5 1 1 
6 0 1 
7 1 1 
8 1 0 
9 1 0 
10 1 0 
11 1 0 
12 1 0 
13 1 0 
14 1 0 
15 1 1 
16 1 0 
17 1 0 
18 0 1 
19 1 0 
20 1 0 
21 1 0 
22 1 1 

workload distribution ohne node failure:

1    2    
1 0.00000000 1.00000000 
2 1.00000000 0.00000000 
3 0.17690079 0.82309921 
4 1.00000000 0.00000000 
5 0.56250000 0.43750000 
6 0.00000000 1.00000000 
7 0.46153846 0.53846154 
8 1.00000000 0.00000000 
9 1.00000000 0.00000000 
10 1.00000000 0.00000000 
11 1.00000000 0.00000000 
12 1.00000000 0.00000000 
13 1.00000000 0.00000000 
14 1.00000000 0.00000000 
15 0.62500000 0.37500000 
16 1.00000000 0.00000000 
17 1.00000000 0.00000000 
18 0.00000000 1.00000000 
19 1.00000000 0.00000000 
20 1.00000000 0.00000000 
21 1.00000000 0.00000000 
22 0.50000000 0.50000000 

zz_test [*] :=
 1 1    3 1    5 1    7 1    9 1   11 1   13 1   15 1   17 1   19 1   21 1
 2 1    4 1    6 1    8 1   10 1   12 1   14 1   16 1   18 1   20 1   22 1
;

K_test [*] :=
1  0.5
2  0.5
;

W_start/V = 1
W/V = 1.40642773622
sum{i in 0 .. N, k in 1 .. K} (1 - s[i,k])*xb[i,k]*a[i]/V = 0.490591344001

