K=7, W/V=2.8556919, K=7, time:0.327

ca [*] :=
1  7
;

fragment allocation x on node k:

1    2    3    4    5    6    7    
0 1 0 0 1 0 0 0 
1 1 0 0 1 0 0 0 
2 0 0 0 1 0 0 0 
3 1 0 0 0 0 0 0 
4 1 0 0 1 0 0 0 
5 1 0 0 1 0 0 0 
6 1 0 0 0 0 0 0 
7 0 0 0 0 0 0 0 
8 0 0 0 0 0 0 0 
9 0 0 0 1 0 0 0 
10 0 0 0 1 0 0 0 
11 0 0 0 0 0 0 0 
12 1 1 1 1 0 0 0 
13 1 1 1 1 0 0 0 
14 0 0 0 1 0 0 0 
15 0 0 0 0 0 0 0 
16 1 1 1 1 0 0 1 
17 1 1 1 1 0 0 1 
18 1 0 0 1 0 0 1 
19 1 1 1 1 0 0 0 
20 0 0 0 1 0 0 1 
21 0 0 0 1 0 0 0 
22 1 0 0 1 0 0 0 
23 1 1 1 1 1 0 1 
24 0 1 0 1 1 0 0 
25 0 1 0 0 0 0 0 
26 0 1 0 1 0 0 0 
27 0 1 0 0 0 0 1 
28 0 1 0 0 0 0 1 
29 1 1 0 0 0 0 0 
30 0 1 0 0 0 0 0 
31 1 0 0 1 0 0 0 
32 1 0 0 1 0 0 0 
33 1 0 0 0 0 0 0 
34 1 0 0 1 0 0 0 
35 0 0 0 0 0 0 0 
36 1 1 1 1 1 0 0 
37 1 1 1 1 1 0 1 
38 0 1 1 0 0 0 0 
39 0 0 0 1 1 0 0 
40 1 1 0 1 1 0 0 
41 0 1 0 0 0 0 0 
42 0 0 0 0 0 0 0 
43 1 1 0 0 0 0 0 
44 0 0 1 0 0 0 0 
45 1 1 1 1 1 0 0 
46 1 0 0 1 0 0 0 
47 1 1 1 1 0 0 1 
48 0 0 0 0 0 0 0 
49 1 0 0 1 1 1 1 
50 1 1 0 1 0 1 1 
51 1 1 0 1 0 1 1 
52 0 0 0 0 0 1 1 
53 0 1 0 0 0 1 1 
54 0 0 0 0 0 1 1 
55 1 1 0 0 0 1 1 
56 0 1 1 0 0 0 0 
57 0 1 1 0 0 0 0 
58 1 0 0 0 0 0 0 
59 1 1 0 0 0 0 0 
60 0 0 0 0 0 0 0 

query feasibility y on node k:

1    2    3    4    5    6    7    
1 0 0 0 0 0 1 1 
2 0 0 0 1 0 0 0 
3 1 1 0 0 0 0 0 
4 0 1 0 0 0 0 0 
5 0 0 0 1 0 0 0 
6 1 0 0 0 0 1 1 
7 0 1 0 0 0 0 0 
8 0 0 0 1 0 0 0 
9 1 0 0 1 0 0 0 
10 0 1 0 0 0 0 0 
11 1 0 0 0 0 0 0 
12 0 1 0 0 0 0 0 
13 0 0 1 0 0 0 0 
14 1 0 0 0 0 0 0 
15 0 0 0 0 0 0 1 
16 1 0 0 0 0 0 0 
17 1 0 0 0 0 0 0 
18 0 0 0 1 1 0 0 
19 1 0 0 0 0 0 0 
20 1 0 0 0 0 0 0 
21 0 1 1 0 0 0 0 
22 0 1 0 0 0 0 1 

workload distribution ohne node failure:

1    2    3    4    5    6    7    
1 0.00000000 0.00000000 0.00000000 0.00000000 0.00000000 0.55254656 0.44745344 
2 0.00000000 0.00000000 0.00000000 1.00000000 0.00000000 0.00000000 0.00000000 
3 0.88382776 0.11617224 0.00000000 0.00000000 0.00000000 0.00000000 0.00000000 
4 0.00000000 1.00000000 0.00000000 0.00000000 0.00000000 0.00000000 0.00000000 
5 0.00000000 0.00000000 0.00000000 1.00000000 0.00000000 0.00000000 0.00000000 
6 0.00000000 0.00000000 0.00000000 0.00000000 0.00000000 1.00000000 0.00000000 
7 0.00000000 1.00000000 0.00000000 0.00000000 0.00000000 0.00000000 0.00000000 
8 0.00000000 0.00000000 0.00000000 1.00000000 0.00000000 0.00000000 0.00000000 
9 0.38234048 0.00000000 0.00000000 0.61765952 0.00000000 0.00000000 0.00000000 
10 0.00000000 1.00000000 0.00000000 0.00000000 0.00000000 0.00000000 0.00000000 
11 1.00000000 0.00000000 0.00000000 0.00000000 0.00000000 0.00000000 0.00000000 
12 0.00000000 1.00000000 0.00000000 0.00000000 0.00000000 0.00000000 0.00000000 
13 0.00000000 0.00000000 1.00000000 0.00000000 0.00000000 0.00000000 0.00000000 
14 1.00000000 0.00000000 0.00000000 0.00000000 0.00000000 0.00000000 0.00000000 
15 0.00000000 0.00000000 0.00000000 0.00000000 0.00000000 0.00000000 1.00000000 
16 1.00000000 0.00000000 0.00000000 0.00000000 0.00000000 0.00000000 0.00000000 
17 1.00000000 0.00000000 0.00000000 0.00000000 0.00000000 0.00000000 0.00000000 
18 0.00000000 0.00000000 0.00000000 0.20146005 0.79853995 0.00000000 0.00000000 
19 1.00000000 0.00000000 0.00000000 0.00000000 0.00000000 0.00000000 0.00000000 
20 1.00000000 0.00000000 0.00000000 0.00000000 0.00000000 0.00000000 0.00000000 
21 0.00000000 0.44408774 0.55591226 0.00000000 0.00000000 0.00000000 0.00000000 
22 0.00000000 0.00218055 0.00000000 0.00000000 0.00000000 0.00000000 0.99781945 

zz_test [*] :=
 1 1    3 1    5 1    7 1    9 1   11 1   13 1   15 1   17 1   19 1   21 1
 2 1    4 1    6 1    8 1   10 1   12 1   14 1   16 1   18 1   20 1   22 1
;

K_test [*] :=
1  0.142857142857
2  0.142857142857
3  0.142857142857
4  0.142857142857
5  0.142857142857
6  0.142857142857
7  0.142857142857
;

W_start/V = 2.46078353694
W/V = 2.85569193857
sum{i in 0 .. N, k in 1 .. K} (1 - s[i,k])*xb[i,k]*a[i]/V = 0.427049405503

