K=12, W/V=4.0700909, K=12, time:1.857

ca [*] :=
1  12
;

fragment allocation x on node k:

1    2    3    4    5    6    7    8    9    10    11    12    
0 1 0 0 0 1 0 0 1 0 0 1 0 
1 0 0 0 0 1 0 0 0 0 0 1 0 
2 0 0 0 0 0 0 0 1 0 0 0 0 
3 1 0 0 0 0 0 0 1 0 0 0 0 
4 1 0 0 0 1 0 0 1 0 0 0 0 
5 1 0 0 0 0 0 0 1 0 0 0 0 
6 1 0 0 0 0 0 0 0 0 0 0 0 
7 0 0 0 0 0 0 0 0 0 0 0 0 
8 0 0 0 0 0 0 0 0 0 0 0 0 
9 0 0 0 0 1 0 1 1 0 0 0 0 
10 0 0 0 0 1 0 1 1 0 0 0 0 
11 0 0 0 0 0 0 0 0 0 0 0 0 
12 0 0 0 0 1 1 1 1 0 0 1 1 
13 0 0 0 0 1 1 1 1 0 0 1 1 
14 0 0 0 0 1 0 1 1 0 0 0 0 
15 0 0 0 0 0 0 0 0 0 0 0 0 
16 0 0 0 0 1 0 1 1 0 0 1 1 
17 0 0 0 0 1 0 0 1 0 0 0 1 
18 0 0 0 0 1 0 0 1 0 0 0 0 
19 0 0 0 0 1 0 1 1 0 0 1 1 
20 0 0 0 0 1 0 0 1 0 0 0 0 
21 0 0 0 0 0 0 0 1 0 0 0 0 
22 0 0 0 0 0 0 0 1 0 0 0 0 
23 0 0 1 1 1 1 1 0 0 1 0 0 
24 0 0 1 0 0 1 0 0 0 1 0 0 
25 0 0 0 0 0 1 0 0 0 0 0 0 
26 0 0 0 0 1 1 1 0 0 0 0 0 
27 0 0 0 1 0 1 0 0 0 0 0 0 
28 0 0 0 1 0 1 0 0 0 0 0 0 
29 0 0 0 0 0 1 1 0 0 0 0 0 
30 0 0 0 0 0 1 0 0 0 0 0 0 
31 0 0 0 0 1 0 0 1 0 0 1 0 
32 0 0 0 0 1 0 0 1 0 0 1 0 
33 0 0 0 0 1 0 0 0 0 0 0 0 
34 0 0 0 0 1 0 0 1 0 0 1 0 
35 0 0 0 0 0 0 0 0 0 0 0 0 
36 0 0 1 1 1 1 1 1 0 1 1 1 
37 0 0 1 1 1 1 1 0 0 1 0 0 
38 0 0 0 0 0 0 0 1 0 0 0 1 
39 0 0 1 0 0 1 0 0 0 1 0 0 
40 0 0 1 0 1 1 1 0 0 1 1 1 
41 0 0 0 0 0 0 1 0 0 0 0 1 
42 0 0 0 0 0 0 0 0 0 0 0 0 
43 0 0 0 0 0 1 1 0 0 0 0 0 
44 0 0 0 1 0 0 0 0 0 0 0 0 
45 0 0 1 0 1 1 1 1 0 1 1 1 
46 1 0 0 0 1 0 0 0 0 0 1 0 
47 0 0 0 0 1 0 1 1 0 0 1 1 
48 0 0 0 0 0 0 0 0 0 0 0 0 
49 1 1 1 0 1 1 0 0 1 1 1 0 
50 1 1 0 0 1 1 1 0 1 0 1 0 
51 1 1 0 0 1 1 1 0 1 0 1 0 
52 1 1 0 0 0 1 0 0 1 0 0 0 
53 1 1 0 0 0 1 0 0 1 0 0 0 
54 1 1 0 0 0 1 0 0 1 0 0 0 
55 1 1 0 0 1 1 1 0 1 0 0 0 
56 0 0 0 0 0 0 1 1 0 0 0 1 
57 0 0 0 0 0 0 1 1 0 0 0 1 
58 1 0 0 0 0 0 0 0 0 0 0 0 
59 1 0 0 0 0 0 1 0 0 0 0 0 
60 0 0 0 0 0 0 0 0 0 0 0 0 

query feasibility y on node k:

1    2    3    4    5    6    7    8    9    10    11    12    
1 1 1 0 0 0 1 0 0 1 0 0 0 
2 0 0 0 0 0 0 0 1 0 0 0 0 
3 0 0 0 0 0 1 1 0 0 0 0 0 
4 0 0 0 0 0 0 1 0 0 0 0 1 
5 0 0 0 0 1 0 1 0 0 0 0 0 
6 1 1 0 0 1 0 0 0 1 0 0 0 
7 0 0 0 0 1 0 1 0 0 0 0 0 
8 0 0 0 0 1 0 0 0 0 0 0 0 
9 0 0 0 0 1 0 0 0 0 0 1 0 
10 0 0 0 0 0 1 0 0 0 0 0 0 
11 0 0 0 0 1 0 0 0 0 0 0 0 
12 0 0 0 0 0 0 1 0 0 0 0 0 
13 0 0 0 1 0 0 0 0 0 0 0 0 
14 1 0 0 0 1 0 0 0 0 0 0 0 
15 0 0 0 0 1 0 0 0 0 0 0 0 
16 0 0 0 0 0 0 0 1 0 0 0 0 
17 1 0 0 0 0 0 0 0 0 0 0 0 
18 0 0 1 0 0 1 0 0 0 1 0 0 
19 1 0 0 0 0 0 0 0 0 0 0 0 
20 0 0 0 0 1 0 0 0 0 0 0 0 
21 0 0 0 0 0 0 0 1 0 0 0 1 
22 0 0 0 1 0 1 0 0 0 0 0 0 

workload distribution ohne node failure:

1    2    3    4    5    6    7    8    9    10    11    12    
1 0.21301172 0.33585785 0.00000000 0.00000000 0.00000000 0.13848234 0.00000000 0.00000000 0.31264809 0.00000000 0.00000000 0.00000000 
2 0.00000000 0.00000000 0.00000000 0.00000000 0.00000000 0.00000000 0.00000000 1.00000000 0.00000000 0.00000000 0.00000000 0.00000000 
3 0.00000000 0.00000000 0.00000000 0.00000000 0.00000000 0.10600289 0.89399711 0.00000000 0.00000000 0.00000000 0.00000000 0.00000000 
4 0.00000000 0.00000000 0.00000000 0.00000000 0.00000000 0.00000000 0.24783173 0.00000000 0.00000000 0.00000000 0.00000000 0.75216827 
5 0.00000000 0.00000000 0.00000000 0.00000000 0.00000000 0.00000000 1.00000000 0.00000000 0.00000000 0.00000000 0.00000000 0.00000000 
6 0.00000000 0.00000000 0.00000000 0.00000000 0.00000000 0.00000000 0.00000000 0.00000000 1.00000000 0.00000000 0.00000000 0.00000000 
7 0.00000000 0.00000000 0.00000000 0.00000000 0.61943988 0.00000000 0.38056012 0.00000000 0.00000000 0.00000000 0.00000000 0.00000000 
8 0.00000000 0.00000000 0.00000000 0.00000000 1.00000000 0.00000000 0.00000000 0.00000000 0.00000000 0.00000000 0.00000000 0.00000000 
9 0.00000000 0.00000000 0.00000000 0.00000000 0.35310584 0.00000000 0.00000000 0.00000000 0.00000000 0.00000000 0.64689416 0.00000000 
10 0.00000000 0.00000000 0.00000000 0.00000000 0.00000000 1.00000000 0.00000000 0.00000000 0.00000000 0.00000000 0.00000000 0.00000000 
11 0.00000000 0.00000000 0.00000000 0.00000000 1.00000000 0.00000000 0.00000000 0.00000000 0.00000000 0.00000000 0.00000000 0.00000000 
12 0.00000000 0.00000000 0.00000000 0.00000000 0.00000000 0.00000000 1.00000000 0.00000000 0.00000000 0.00000000 0.00000000 0.00000000 
13 0.00000000 0.00000000 0.00000000 1.00000000 0.00000000 0.00000000 0.00000000 0.00000000 0.00000000 0.00000000 0.00000000 0.00000000 
14 1.00000000 0.00000000 0.00000000 0.00000000 0.00000000 0.00000000 0.00000000 0.00000000 0.00000000 0.00000000 0.00000000 0.00000000 
15 0.00000000 0.00000000 0.00000000 0.00000000 1.00000000 0.00000000 0.00000000 0.00000000 0.00000000 0.00000000 0.00000000 0.00000000 
16 0.00000000 0.00000000 0.00000000 0.00000000 0.00000000 0.00000000 0.00000000 1.00000000 0.00000000 0.00000000 0.00000000 0.00000000 
17 1.00000000 0.00000000 0.00000000 0.00000000 0.00000000 0.00000000 0.00000000 0.00000000 0.00000000 0.00000000 0.00000000 0.00000000 
18 0.00000000 0.00000000 0.46581497 0.00000000 0.00000000 0.06837006 0.00000000 0.00000000 0.00000000 0.46581497 0.00000000 0.00000000 
19 1.00000000 0.00000000 0.00000000 0.00000000 0.00000000 0.00000000 0.00000000 0.00000000 0.00000000 0.00000000 0.00000000 0.00000000 
20 0.00000000 0.00000000 0.00000000 0.00000000 1.00000000 0.00000000 0.00000000 0.00000000 0.00000000 0.00000000 0.00000000 0.00000000 
21 0.00000000 0.00000000 0.00000000 0.00000000 0.00000000 0.00000000 0.00000000 0.47029064 0.00000000 0.00000000 0.00000000 0.52970936 
22 0.00000000 0.00000000 0.00000000 0.85943057 0.00000000 0.14056943 0.00000000 0.00000000 0.00000000 0.00000000 0.00000000 0.00000000 

zz_test [*] :=
 1 1    3 1    5 1    7 1    9 1   11 1   13 1   15 1   17 1   19 1   21 1
 2 1    4 1    6 1    8 1   10 1   12 1   14 1   16 1   18 1   20 1   22 1
;

K_test [*] :=
 1  0.0833333333333
 2  0.0833333333333
 3  0.0833333333333
 4  0.0833333333333
 5  0.0833333333333
 6  0.0833333333333
 7  0.0833333333333
 8  0.0833333333333
 9  0.0833333333333
10  0.0833333333333
11  0.0833333333333
12  0.0833333333333
;

W_start/V = 3.62662433669
W/V = 4.07009089542
sum{i in 0 .. N, k in 1 .. K} (1 - s[i,k])*xb[i,k]*a[i]/V = 0.515998475947

