K=11, W/V=3.8849156, B=2, time:1.548

1    2    3    4    5    6    7    8    9    10    11    
1 0.00000000 0.00000000 0.00000000 0.00000000 0.00000000 0.00000000 0.35608092 0.64391908 0.00000000 0.00000000 0.00000000 
2 0.00000000 0.00000000 0.00000000 0.00000000 1.00000000 0.00000000 0.00000000 0.00000000 0.00000000 0.00000000 0.00000000 
3 0.00000000 0.00000000 0.00000000 0.00000000 0.00000000 0.00000000 1.00000000 0.00000000 0.00000000 0.00000000 0.00000000 
4 0.00000000 0.00000000 0.00000000 0.11515152 0.00000000 0.88484848 0.00000000 0.00000000 0.00000000 0.00000000 0.00000000 
5 0.00000000 1.00000000 0.00000000 0.00000000 0.00000000 0.00000000 0.00000000 0.00000000 0.00000000 0.00000000 0.00000000 
6 0.00000000 0.00000000 0.00000000 0.00000000 0.00000000 0.00000000 0.33910534 0.00000000 0.00000000 0.00000000 0.66089466 
7 0.00000000 1.00000000 0.00000000 0.00000000 0.00000000 0.00000000 0.00000000 0.00000000 0.00000000 0.00000000 0.00000000 
8 0.00000000 1.00000000 0.00000000 0.00000000 0.00000000 0.00000000 0.00000000 0.00000000 0.00000000 0.00000000 0.00000000 
9 0.74359696 0.25640304 0.00000000 0.00000000 0.00000000 0.00000000 0.00000000 0.00000000 0.00000000 0.00000000 0.00000000 
10 0.00000000 0.00000000 0.00000000 0.00000000 0.00000000 0.00000000 0.00000000 0.00000000 0.00000000 0.00000000 1.00000000 
11 0.00000000 0.00000000 0.00000000 0.00000000 0.29720280 0.70279720 0.00000000 0.00000000 0.00000000 0.00000000 0.00000000 
12 0.00000000 0.00000000 0.00000000 1.00000000 0.00000000 0.00000000 0.00000000 0.00000000 0.00000000 0.00000000 0.00000000 
13 0.00000000 0.00000000 0.00000000 0.00000000 0.00000000 0.00000000 0.00000000 0.00000000 1.00000000 0.00000000 0.00000000 
14 0.00000000 0.18822023 0.81177977 0.00000000 0.00000000 0.00000000 0.00000000 0.00000000 0.00000000 0.00000000 0.00000000 
15 0.00000000 0.00000000 0.67061924 0.00000000 0.32938076 0.00000000 0.00000000 0.00000000 0.00000000 0.00000000 0.00000000 
16 0.00000000 0.00000000 0.00000000 0.00000000 1.00000000 0.00000000 0.00000000 0.00000000 0.00000000 0.00000000 0.00000000 
18 0.00000000 0.00000000 0.00000000 0.00000000 0.00000000 0.37778197 0.00000000 0.00000000 0.00000000 0.49830253 0.12391550 
19 0.00000000 0.00000000 1.00000000 0.00000000 0.00000000 0.00000000 0.00000000 0.00000000 0.00000000 0.00000000 0.00000000 
21 0.00000000 0.00000000 0.00000000 1.00000000 0.00000000 0.00000000 0.00000000 0.00000000 0.00000000 0.00000000 0.00000000 
22 0.00000000 0.00000000 0.00000000 0.00000000 0.00000000 0.00000000 0.00000000 0.00000000 0.66052934 0.00000000 0.33947066 

ca [*] :=
1  6
2  5
;

zz_test [*] :=
 1  1
 2  1
 3  1
 4  1
 5  1
 6  1
 7  1
 8  1
 9  1
10  1
11  1
12  1
13  1
14  1
15  1
16  1
18  1
19  1
21  1
22  1
;

K_test [*] :=
 1  0.0909090909091
 2  0.0909090909091
 3  0.0909090909091
 4  0.0909090909091
 5  0.0909090909091
 6  0.0909090909091
 7  0.0909090909091
 8  0.0909090909091
 9  0.0909090909091
10  0.0909090909091
11  0.0909090909091
;

