K=7, W/V=2.8901369, B=2, time:0.672

1    2    3    4    5    6    7    
1 0.00000000 0.00000000 0.00000000 0.00000000 0.50095749 0.49904251 0.00000000 
2 1.00000000 0.00000000 0.00000000 0.00000000 0.00000000 0.00000000 0.00000000 
3 0.00000000 0.00000000 0.00000000 0.00000000 1.00000000 0.00000000 0.00000000 
4 0.00000000 0.00000000 0.00000000 1.00000000 0.00000000 0.00000000 0.00000000 
5 0.00000000 0.21428571 0.78571429 0.00000000 0.00000000 0.00000000 0.00000000 
6 0.94784580 0.00000000 0.00000000 0.00000000 0.00000000 0.05215420 0.00000000 
7 0.00000000 0.00000000 1.00000000 0.00000000 0.00000000 0.00000000 0.00000000 
8 0.00000000 1.00000000 0.00000000 0.00000000 0.00000000 0.00000000 0.00000000 
9 0.00000000 1.00000000 0.00000000 0.00000000 0.00000000 0.00000000 0.00000000 
10 0.00000000 0.00000000 1.00000000 0.00000000 0.00000000 0.00000000 0.00000000 
11 0.00000000 0.00000000 0.00000000 1.00000000 0.00000000 0.00000000 0.00000000 
12 0.00000000 0.00000000 0.00000000 1.00000000 0.00000000 0.00000000 0.00000000 
13 0.00000000 0.00000000 0.00000000 0.00000000 0.00000000 1.00000000 0.00000000 
14 1.00000000 0.00000000 0.00000000 0.00000000 0.00000000 0.00000000 0.00000000 
15 0.00000000 0.00000000 1.00000000 0.00000000 0.00000000 0.00000000 0.00000000 
16 0.72959184 0.27040816 0.00000000 0.00000000 0.00000000 0.00000000 0.00000000 
18 0.00000000 0.00000000 0.00000000 0.00000000 0.21695317 0.00000000 0.78304683 
19 1.00000000 0.00000000 0.00000000 0.00000000 0.00000000 0.00000000 0.00000000 
21 0.00000000 0.00000000 0.00000000 1.00000000 0.00000000 0.00000000 0.00000000 
22 0.00000000 0.00000000 0.09584087 0.90415913 0.00000000 0.00000000 0.00000000 

ca [*] :=
1  4
2  3
;

zz_test [*] :=
 1  1
 2  1
 3  1
 4  1
 5  1
 6  1
 7  1
 8  1
 9  1
10  1
11  1
12  1
13  1
14  1
15  1
16  1
18  1
19  1
21  1
22  1
;

K_test [*] :=
1  0.142857142857
2  0.142857142857
3  0.142857142857
4  0.142857142857
5  0.142857142857
6  0.142857142857
7  0.142857142857
;

