K=3, W/V=1.6532985, B=1, time:0.343

1    2    3    
1 1.00000000 0.00000000 0.00000000 
2 1.00000000 0.00000000 0.00000000 
3 0.00000000 1.00000000 0.00000000 
4 0.00000000 0.00000000 1.00000000 
5 0.00000000 1.00000000 0.00000000 
6 1.00000000 0.00000000 0.00000000 
7 0.00000000 1.00000000 0.00000000 
8 0.00000000 1.00000000 0.00000000 
9 0.00000000 1.00000000 0.00000000 
10 0.00000000 1.00000000 0.00000000 
11 1.00000000 0.00000000 0.00000000 
12 0.00000000 1.00000000 0.00000000 
13 0.00000000 0.00000000 1.00000000 
14 0.55399061 0.44600939 0.00000000 
15 1.00000000 0.00000000 0.00000000 
16 1.00000000 0.00000000 0.00000000 
18 0.00000000 0.00000000 1.00000000 
19 0.00000000 1.00000000 0.00000000 
21 0.00000000 0.00000000 1.00000000 
22 0.68776371 0.00000000 0.31223629 

ca [*] :=
1  3
;

zz_test [*] :=
 1  1
 2  1
 3  1
 4  1
 5  1
 6  1
 7  1
 8  1
 9  1
10  1
11  1
12  1
13  1
14  1
15  1
16  1
18  1
19  1
21  1
22  1
;

K_test [*] :=
1  0.333333333333
2  0.333333333333
3  0.333333333333
;

