K=4, W/V=2.0104896, B=2, time:0.250

1    2    3    4    
1 0.00000000 0.00000000 1.00000000 0.00000000 
2 1.00000000 0.00000000 0.00000000 0.00000000 
3 0.00000000 0.00000000 0.00000000 1.00000000 
4 0.00000000 1.00000000 0.00000000 0.00000000 
5 0.95192308 0.04807692 0.00000000 0.00000000 
6 0.00000000 0.00000000 1.00000000 0.00000000 
7 0.00000000 1.00000000 0.00000000 0.00000000 
8 1.00000000 0.00000000 0.00000000 0.00000000 
9 1.00000000 0.00000000 0.00000000 0.00000000 
10 0.00000000 0.00000000 0.00000000 1.00000000 
11 1.00000000 0.00000000 0.00000000 0.00000000 
12 0.00000000 1.00000000 0.00000000 0.00000000 
13 0.00000000 0.00000000 1.00000000 0.00000000 
14 0.00000000 1.00000000 0.00000000 0.00000000 
15 0.00000000 1.00000000 0.00000000 0.00000000 
16 1.00000000 0.00000000 0.00000000 0.00000000 
18 0.12863071 0.00000000 0.00000000 0.87136929 
19 0.00000000 1.00000000 0.00000000 0.00000000 
21 0.00000000 1.00000000 0.00000000 0.00000000 
22 0.00000000 0.00000000 0.46202532 0.53797468 

ca [*] :=
1  2
2  2
;

zz_test [*] :=
 1  1
 2  1
 3  1
 4  1
 5  1
 6  1
 7  1
 8  1
 9  1
10  1
11  1
12  1
13  1
14  1
15  1
16  1
18  1
19  1
21  1
22  1
;

K_test [*] :=
1  0.25
2  0.25
3  0.25
4  0.25
;

