K=13, W/V=4.9836661, K=13, time:1.758

ca [*] :=
1  13
;

fragment allocation x on node k:

1    2    3    4    5    6    7    8    9    10    11    12    13    
0 0 0 0 0 1 0 0 0 1 0 1 0 1 
1 0 0 0 0 1 0 0 0 1 0 1 0 1 
2 0 0 0 0 0 0 0 0 0 0 0 0 0 
3 0 0 0 0 0 0 0 0 1 0 1 0 0 
4 0 0 0 0 0 0 0 0 0 0 1 0 1 
5 0 0 0 0 0 0 0 0 1 0 1 0 0 
6 0 0 0 0 0 0 0 0 1 0 0 0 0 
7 0 0 0 0 0 0 0 0 0 0 0 0 0 
8 0 0 0 0 0 0 0 0 0 0 0 0 0 
9 0 0 0 0 0 0 0 0 0 0 0 0 1 
10 0 0 0 0 0 0 0 0 0 0 0 0 1 
11 0 0 0 0 0 0 0 0 0 0 0 0 0 
12 1 0 0 1 1 1 1 0 1 0 1 0 1 
13 1 0 0 1 1 1 1 0 1 0 1 0 1 
14 0 0 0 0 0 0 0 0 0 0 0 0 1 
15 0 0 0 0 0 0 0 0 0 0 0 0 0 
16 1 0 0 1 1 1 0 0 1 0 1 0 1 
17 1 0 0 1 0 1 0 0 0 0 1 0 0 
18 0 0 0 1 0 0 0 0 0 0 1 0 0 
19 1 0 0 1 1 1 0 0 1 0 1 0 1 
20 0 0 0 1 0 0 0 0 0 0 1 0 0 
21 0 0 0 0 0 0 0 0 0 0 0 0 0 
22 0 0 0 0 0 0 0 0 0 0 1 0 0 
23 0 1 1 0 0 1 1 1 0 1 0 1 1 
24 0 1 1 0 0 0 1 0 0 1 0 1 0 
25 0 0 0 0 0 0 1 0 0 0 0 0 0 
26 0 0 0 0 0 0 1 0 0 0 0 0 1 
27 0 1 0 0 0 1 1 0 0 0 0 0 0 
28 0 1 0 0 0 1 1 0 0 0 0 0 0 
29 0 0 0 0 0 0 0 0 0 0 0 0 0 
30 0 0 0 0 0 0 1 0 0 0 0 0 0 
31 0 0 0 0 1 0 0 0 1 0 1 0 1 
32 0 0 0 0 1 0 0 0 1 0 1 0 1 
33 0 0 0 0 1 0 0 0 0 0 1 0 0 
34 0 0 0 0 1 0 0 0 1 0 1 0 1 
35 0 0 0 0 0 0 0 0 0 0 0 0 0 
36 1 1 1 1 1 1 1 1 1 1 0 1 1 
37 0 1 1 0 0 1 1 1 0 1 0 1 1 
38 1 0 0 1 0 1 0 0 0 0 0 0 0 
39 0 1 1 0 0 0 0 0 0 1 0 1 0 
40 0 1 1 0 1 0 1 0 1 1 0 1 1 
41 0 0 0 0 0 0 0 0 0 1 0 0 0 
42 0 0 0 0 0 0 0 0 0 0 0 0 0 
43 0 0 0 0 0 0 0 0 0 0 0 0 0 
44 0 0 0 0 0 0 1 1 0 0 0 0 0 
45 1 1 1 1 1 1 1 0 1 1 0 1 1 
46 0 0 0 0 1 0 0 0 1 0 1 0 1 
47 1 0 0 1 1 1 0 0 1 0 1 0 1 
48 0 0 0 0 0 0 0 0 0 0 0 0 0 
49 0 1 1 0 1 0 0 0 1 1 1 1 1 
50 0 0 0 1 1 0 1 0 1 0 1 0 1 
51 0 0 0 1 1 0 1 0 1 0 1 0 1 
52 0 0 0 0 0 0 0 0 0 0 0 0 0 
53 0 0 0 0 0 0 1 0 0 0 0 0 0 
54 0 0 0 0 0 0 0 0 0 0 0 0 0 
55 0 0 0 1 0 0 0 0 0 1 1 0 0 
56 1 0 0 1 0 1 0 0 0 1 0 0 0 
57 1 0 0 1 0 1 0 0 0 1 0 0 0 
58 0 0 0 0 0 0 0 0 1 0 0 0 0 
59 0 0 0 0 0 0 0 0 1 1 0 0 0 
60 0 0 0 0 0 0 0 0 0 0 0 0 0 

query feasibility y on node k:

1    2    3    4    5    6    7    8    9    10    11    12    13    
8 0 0 0 0 0 0 0 0 0 0 0 0 1 
9 0 0 0 0 1 0 0 0 1 0 0 0 1 
10 0 0 0 0 0 0 1 0 0 0 0 0 0 
11 0 0 0 0 1 0 0 0 0 0 1 0 0 
12 0 0 0 0 0 0 0 0 0 1 0 0 0 
13 0 0 0 0 0 0 1 1 0 0 0 0 0 
14 0 0 0 0 0 0 0 0 0 0 1 0 0 
15 0 0 0 1 0 0 0 0 0 0 1 0 0 
16 0 0 0 0 0 0 0 0 0 0 1 0 0 
17 0 0 0 0 0 0 0 0 1 0 0 0 0 
18 0 1 1 0 0 0 0 0 0 1 0 1 0 
19 0 0 0 0 0 0 0 0 1 0 0 0 0 
20 0 0 0 0 0 0 0 0 0 0 1 0 0 
21 1 0 0 1 0 1 0 0 0 0 0 0 0 
22 0 1 0 0 0 1 1 0 0 0 0 0 0 

workload distribution ohne node failure:

1    2    3    4    5    6    7    8    9    10    11    12    13    
8 0.00000000 0.00000000 0.00000000 0.00000000 0.00000000 0.00000000 0.00000000 0.00000000 0.00000000 0.00000000 0.00000000 0.00000000 1.00000000 
9 0.00000000 0.00000000 0.00000000 0.00000000 0.36842466 0.00000000 0.00000000 0.00000000 0.29750896 0.00000000 0.00000000 0.00000000 0.33406639 
10 0.00000000 0.00000000 0.00000000 0.00000000 0.00000000 0.00000000 1.00000000 0.00000000 0.00000000 0.00000000 0.00000000 0.00000000 0.00000000 
11 0.00000000 0.00000000 0.00000000 0.00000000 0.44239716 0.00000000 0.00000000 0.00000000 0.00000000 0.00000000 0.55760284 0.00000000 0.00000000 
12 0.00000000 0.00000000 0.00000000 0.00000000 0.00000000 0.00000000 0.00000000 0.00000000 0.00000000 1.00000000 0.00000000 0.00000000 0.00000000 
13 0.00000000 0.00000000 0.00000000 0.00000000 0.00000000 0.00000000 0.22973833 0.77026167 0.00000000 0.00000000 0.00000000 0.00000000 0.00000000 
14 0.00000000 0.00000000 0.00000000 0.00000000 0.00000000 0.00000000 0.00000000 0.00000000 0.00000000 0.00000000 1.00000000 0.00000000 0.00000000 
15 0.00000000 0.00000000 0.00000000 0.08421614 0.00000000 0.00000000 0.00000000 0.00000000 0.00000000 0.00000000 0.91578386 0.00000000 0.00000000 
16 0.00000000 0.00000000 0.00000000 0.00000000 0.00000000 0.00000000 0.00000000 0.00000000 0.00000000 0.00000000 1.00000000 0.00000000 0.00000000 
17 0.00000000 0.00000000 0.00000000 0.00000000 0.00000000 0.00000000 0.00000000 0.00000000 1.00000000 0.00000000 0.00000000 0.00000000 0.00000000 
18 0.00000000 0.25418823 0.28085999 0.00000000 0.00000000 0.00000000 0.00000000 0.00000000 0.00000000 0.18409179 0.00000000 0.28085999 0.00000000 
19 0.00000000 0.00000000 0.00000000 0.00000000 0.00000000 0.00000000 0.00000000 0.00000000 1.00000000 0.00000000 0.00000000 0.00000000 0.00000000 
20 0.00000000 0.00000000 0.00000000 0.00000000 0.00000000 0.00000000 0.00000000 0.00000000 0.00000000 0.00000000 1.00000000 0.00000000 0.00000000 
21 0.35982874 0.00000000 0.00000000 0.35330438 0.00000000 0.28686688 0.00000000 0.00000000 0.00000000 0.00000000 0.00000000 0.00000000 0.00000000 
22 0.00000000 0.22653935 0.00000000 0.00000000 0.00000000 0.48370641 0.28975423 0.00000000 0.00000000 0.00000000 0.00000000 0.00000000 0.00000000 

zz_test [*] :=
 8  1
 9  1
10  1
11  1
12  1
13  1
14  1
15  1
16  1
17  1
18  1
19  1
20  1
21  1
22  1
;

K_test [*] :=
 1  0.0769230769231
 2  0.0769230769231
 3  0.0769230769231
 4  0.0769230769231
 5  0.0769230769231
 6  0.0769230769231
 7  0.0769230769231
 8  0.0769230769231
 9  0.0769230769231
10  0.0769230769231
11  0.0769230769231
12  0.0769230769231
13  0.0769230769231
;

