K=15, W/V=5.5965056, K=15, time:1.290

ca [*] :=
1  15
;

fragment allocation x on node k:

1    2    3    4    5    6    7    8    9    10    11    12    13    14    15    
0 0 0 1 0 0 1 1 0 0 0 0 1 1 0 0 
1 0 0 0 0 0 1 1 0 0 0 0 1 1 0 0 
2 0 0 0 0 0 0 0 0 0 0 0 0 0 0 0 
3 0 0 1 0 0 0 0 0 0 0 0 0 0 0 0 
4 0 0 1 0 0 1 0 0 0 0 0 0 0 0 0 
5 0 0 1 0 0 0 0 0 0 0 0 0 0 0 0 
6 0 0 1 0 0 0 0 0 0 0 0 0 0 0 0 
7 0 0 0 0 0 0 0 0 0 0 0 0 0 0 0 
8 0 0 0 0 0 0 0 0 0 0 0 0 0 0 0 
9 0 0 0 0 0 1 0 0 0 0 0 0 0 0 0 
10 0 0 0 0 0 1 0 0 0 0 0 0 0 0 0 
11 0 0 0 0 0 0 0 0 0 0 0 0 0 0 0 
12 1 0 0 0 0 1 1 1 1 0 1 1 1 0 1 
13 1 0 0 0 0 1 1 1 1 0 1 1 1 0 1 
14 0 0 0 0 0 1 0 0 0 0 0 0 0 0 0 
15 0 0 0 0 0 0 0 0 0 0 0 0 0 0 0 
16 1 0 1 0 0 1 1 1 1 0 1 1 1 0 0 
17 1 0 0 0 0 1 0 1 1 0 1 0 1 0 0 
18 0 0 0 0 0 1 0 0 1 0 0 0 0 0 0 
19 1 0 0 0 0 1 1 1 1 0 1 1 1 0 0 
20 0 0 0 0 0 0 0 0 1 0 0 0 0 0 0 
21 0 0 0 0 0 0 0 0 0 0 0 0 0 0 0 
22 0 0 1 0 0 0 0 0 0 0 0 0 0 0 0 
23 0 1 0 1 1 1 0 0 1 1 0 0 0 1 1 
24 0 1 0 1 1 1 0 0 0 1 0 0 0 0 1 
25 0 0 0 0 0 0 0 0 0 0 0 0 0 0 1 
26 0 0 0 0 0 1 0 0 0 0 0 0 0 0 1 
27 0 0 0 0 0 0 0 0 1 0 0 0 0 0 1 
28 0 0 0 0 0 0 0 0 1 0 0 0 0 0 1 
29 0 0 0 0 0 0 0 0 0 0 0 0 0 0 0 
30 0 0 0 0 0 0 0 0 0 0 0 0 0 0 1 
31 0 0 1 0 0 1 1 0 1 0 0 1 1 0 0 
32 0 0 1 0 0 1 1 0 1 0 0 1 1 0 0 
33 0 0 0 0 0 1 0 0 1 0 0 0 0 0 0 
34 0 0 0 0 0 1 1 0 1 0 0 1 1 0 0 
35 0 0 0 0 0 0 0 0 0 0 0 0 0 0 0 
36 1 1 0 1 1 1 1 1 1 1 1 1 1 1 1 
37 0 1 0 1 1 1 0 0 1 1 0 0 0 1 1 
38 1 0 0 0 0 0 0 1 0 0 1 0 1 0 0 
39 0 1 0 1 1 1 0 0 0 1 0 0 0 0 0 
40 0 1 0 1 1 1 1 0 0 1 0 1 1 0 1 
41 0 0 0 0 0 0 0 1 0 0 0 0 0 0 0 
42 0 0 0 0 0 0 0 0 0 0 0 0 0 0 0 
43 0 0 0 0 0 0 0 0 0 0 0 0 0 0 0 
44 0 0 0 0 0 0 0 0 1 0 0 0 0 1 0 
45 1 1 0 1 1 1 1 1 0 1 1 1 1 0 1 
46 0 0 1 0 0 1 1 0 0 0 0 1 1 0 0 
47 1 0 0 0 0 1 1 1 1 0 1 1 1 0 0 
48 0 0 0 0 0 0 0 0 0 0 0 0 0 0 0 
49 0 1 1 1 1 1 1 0 0 1 0 1 1 0 0 
50 0 0 1 0 0 1 1 0 1 0 0 1 1 0 1 
51 0 0 1 0 0 1 1 0 1 0 0 1 1 0 1 
52 0 0 0 0 0 0 0 0 0 0 0 0 0 0 0 
53 0 0 0 0 0 0 0 0 0 0 0 0 0 0 1 
54 0 0 0 0 0 0 0 0 0 0 0 0 0 0 0 
55 0 0 1 0 0 1 0 1 1 0 0 0 0 0 0 
56 1 0 0 0 0 0 0 1 0 0 1 0 1 0 0 
57 1 0 0 0 0 0 0 1 0 0 1 0 1 0 0 
58 0 0 1 0 0 0 0 0 0 0 0 0 0 0 0 
59 0 0 1 0 0 0 0 1 0 0 0 0 0 0 0 
60 0 0 0 0 0 0 0 0 0 0 0 0 0 0 0 

query feasibility y on node k:

1    2    3    4    5    6    7    8    9    10    11    12    13    14    15    
8 0 0 0 0 0 1 0 0 0 0 0 0 0 0 0 
9 0 0 0 0 0 1 1 0 0 0 0 1 1 0 0 
10 0 0 0 0 0 0 0 0 0 0 0 0 0 0 1 
11 0 0 0 0 0 1 0 0 1 0 0 0 0 0 0 
12 0 0 0 0 0 0 0 1 0 0 0 0 0 0 0 
13 0 0 0 0 0 0 0 0 1 0 0 0 0 1 0 
14 0 0 1 0 0 1 0 0 0 0 0 0 0 0 0 
15 0 0 0 0 0 0 0 0 1 0 0 0 0 0 0 
16 0 0 1 0 0 0 0 0 0 0 0 0 0 0 0 
17 0 0 1 0 0 0 0 0 0 0 0 0 0 0 0 
18 0 1 0 1 1 1 0 0 0 1 0 0 0 0 0 
19 0 0 1 0 0 0 0 0 0 0 0 0 0 0 0 
20 0 0 0 0 0 1 0 0 0 0 0 0 0 0 0 
21 1 0 0 0 0 0 0 1 0 0 1 0 1 0 0 
22 0 0 0 0 0 0 0 0 1 0 0 0 0 0 1 

workload distribution ohne node failure:

1    2    3    4    5    6    7    8    9    10    11    12    13    14    15    
8 0.00000000 0.00000000 0.00000000 0.00000000 0.00000000 1.00000000 0.00000000 0.00000000 0.00000000 0.00000000 0.00000000 0.00000000 0.00000000 0.00000000 0.00000000 
9 0.00000000 0.00000000 0.00000000 0.00000000 0.00000000 0.19013649 0.33803507 0.00000000 0.00000000 0.00000000 0.00000000 0.33803507 0.13379336 0.00000000 0.00000000 
10 0.00000000 0.00000000 0.00000000 0.00000000 0.00000000 0.00000000 0.00000000 0.00000000 0.00000000 0.00000000 0.00000000 0.00000000 0.00000000 0.00000000 1.00000000 
11 0.00000000 0.00000000 0.00000000 0.00000000 0.00000000 0.30577811 0.00000000 0.00000000 0.69422189 0.00000000 0.00000000 0.00000000 0.00000000 0.00000000 0.00000000 
12 0.00000000 0.00000000 0.00000000 0.00000000 0.00000000 0.00000000 0.00000000 1.00000000 0.00000000 0.00000000 0.00000000 0.00000000 0.00000000 0.00000000 0.00000000 
13 0.00000000 0.00000000 0.00000000 0.00000000 0.00000000 0.00000000 0.00000000 0.00000000 0.33243989 0.00000000 0.00000000 0.00000000 0.00000000 0.66756011 0.00000000 
14 0.00000000 0.00000000 0.88722499 0.00000000 0.00000000 0.11277501 0.00000000 0.00000000 0.00000000 0.00000000 0.00000000 0.00000000 0.00000000 0.00000000 0.00000000 
15 0.00000000 0.00000000 0.00000000 0.00000000 0.00000000 0.00000000 0.00000000 0.00000000 1.00000000 0.00000000 0.00000000 0.00000000 0.00000000 0.00000000 0.00000000 
16 0.00000000 0.00000000 1.00000000 0.00000000 0.00000000 0.00000000 0.00000000 0.00000000 0.00000000 0.00000000 0.00000000 0.00000000 0.00000000 0.00000000 0.00000000 
17 0.00000000 0.00000000 1.00000000 0.00000000 0.00000000 0.00000000 0.00000000 0.00000000 0.00000000 0.00000000 0.00000000 0.00000000 0.00000000 0.00000000 0.00000000 
18 0.00000000 0.24341199 0.00000000 0.24341199 0.24341199 0.02635202 0.00000000 0.00000000 0.00000000 0.24341199 0.00000000 0.00000000 0.00000000 0.00000000 0.00000000 
19 0.00000000 0.00000000 1.00000000 0.00000000 0.00000000 0.00000000 0.00000000 0.00000000 0.00000000 0.00000000 0.00000000 0.00000000 0.00000000 0.00000000 0.00000000 
20 0.00000000 0.00000000 0.00000000 0.00000000 0.00000000 1.00000000 0.00000000 0.00000000 0.00000000 0.00000000 0.00000000 0.00000000 0.00000000 0.00000000 0.00000000 
21 0.31185158 0.00000000 0.00000000 0.00000000 0.00000000 0.00000000 0.00000000 0.18787528 0.00000000 0.00000000 0.31185158 0.00000000 0.18842157 0.00000000 0.00000000 
22 0.00000000 0.00000000 0.00000000 0.00000000 0.00000000 0.00000000 0.00000000 0.00000000 0.31681078 0.00000000 0.00000000 0.00000000 0.00000000 0.00000000 0.68318922 

zz_test [*] :=
 8  1
 9  1
10  1
11  1
12  1
13  1
14  1
15  1
16  1
17  1
18  1
19  1
20  1
21  1
22  1
;

K_test [*] :=
 1  0.0666666666667
 2  0.0666666666667
 3  0.0666666666667
 4  0.0666666666667
 5  0.0666666666667
 6  0.0666666666667
 7  0.0666666666667
 8  0.0666666666667
 9  0.0666666666667
10  0.0666666666667
11  0.0666666666667
12  0.0666666666667
13  0.0666666666667
14  0.0666666666667
15  0.0666666666667
;

