K=4, W/V=2.0552648, K=4, time:0.088

ca [*] :=
1  4
;

fragment allocation x on node k:

1    2    3    4    
0 0 1 0 1 
1 0 1 0 0 
2 0 0 0 0 
3 0 1 0 1 
4 0 1 0 1 
5 0 1 0 1 
6 0 0 0 1 
7 0 0 0 0 
8 0 0 0 0 
9 0 0 0 1 
10 0 0 0 1 
11 0 0 0 0 
12 1 1 0 1 
13 1 1 0 1 
14 0 0 0 1 
15 0 0 0 0 
16 1 1 0 1 
17 1 1 0 1 
18 0 1 0 1 
19 1 1 0 1 
20 0 1 0 1 
21 0 0 0 0 
22 0 1 0 0 
23 1 0 1 1 
24 0 0 1 1 
25 0 0 0 1 
26 0 0 0 1 
27 0 0 0 1 
28 0 0 0 1 
29 0 0 0 0 
30 0 0 0 1 
31 0 1 0 0 
32 0 1 0 0 
33 0 1 0 0 
34 0 1 0 0 
35 0 0 0 0 
36 1 1 1 1 
37 1 0 1 1 
38 1 0 0 1 
39 0 0 1 1 
40 0 1 1 1 
41 0 0 0 1 
42 0 0 0 0 
43 0 0 0 0 
44 1 0 0 0 
45 1 1 1 1 
46 0 1 0 1 
47 1 1 0 1 
48 0 0 0 0 
49 0 1 1 1 
50 0 1 0 1 
51 0 1 0 1 
52 0 0 0 0 
53 0 0 0 1 
54 0 0 0 0 
55 0 1 0 1 
56 1 0 0 1 
57 1 0 0 1 
58 0 0 0 1 
59 0 0 0 1 
60 0 0 0 0 

query feasibility y on node k:

1    2    3    4    
8 0 0 0 1 
9 0 1 0 0 
10 0 0 0 1 
11 0 1 0 0 
12 0 0 0 1 
13 1 0 0 0 
14 0 1 0 1 
15 0 1 0 1 
16 0 1 0 0 
17 0 0 0 1 
18 0 0 1 1 
19 0 0 0 1 
20 0 1 0 0 
21 1 0 0 1 
22 0 0 0 1 

workload distribution ohne node failure:

1    2    3    4    
8 0.00000000 0.00000000 0.00000000 1.00000000 
9 0.00000000 1.00000000 0.00000000 0.00000000 
10 0.00000000 0.00000000 0.00000000 1.00000000 
11 0.00000000 1.00000000 0.00000000 0.00000000 
12 0.00000000 0.00000000 0.00000000 1.00000000 
13 1.00000000 0.00000000 0.00000000 0.00000000 
14 0.00000000 0.00000000 0.00000000 1.00000000 
15 0.00000000 0.91646349 0.00000000 0.08353651 
16 0.00000000 1.00000000 0.00000000 0.00000000 
17 0.00000000 0.00000000 0.00000000 1.00000000 
18 0.00000000 0.00000000 0.91279498 0.08720502 
19 0.00000000 0.00000000 0.00000000 1.00000000 
20 0.00000000 1.00000000 0.00000000 0.00000000 
21 0.70229211 0.00000000 0.00000000 0.29770789 
22 0.00000000 0.00000000 0.00000000 1.00000000 

zz_test [*] :=
 8  1
 9  1
10  1
11  1
12  1
13  1
14  1
15  1
16  1
17  1
18  1
19  1
20  1
21  1
22  1
;

K_test [*] :=
1  0.25
2  0.25
3  0.25
4  0.25
;

