K=9, W/V=3.6246570, K=9, time:0.930

ca [*] :=
1  9
;

fragment allocation x on node k:

1    2    3    4    5    6    7    8    9    
0 1 0 0 0 1 0 0 0 1 
1 1 0 0 0 1 0 0 0 1 
2 0 0 0 0 0 0 0 0 0 
3 1 0 0 0 0 0 0 0 0 
4 1 0 0 0 1 0 0 0 0 
5 1 0 0 0 0 0 0 0 0 
6 1 0 0 0 0 0 0 0 0 
7 0 0 0 0 0 0 0 0 0 
8 0 0 0 0 0 0 0 0 0 
9 0 0 0 0 1 0 0 0 0 
10 0 0 0 0 1 0 0 0 0 
11 0 0 0 0 0 0 0 0 0 
12 1 0 1 0 1 1 1 1 1 
13 1 0 1 0 1 1 1 1 1 
14 0 0 0 0 1 0 0 0 0 
15 0 0 0 0 0 0 0 0 0 
16 1 0 1 0 1 1 0 1 1 
17 1 0 1 0 0 0 0 1 0 
18 1 0 1 0 0 0 0 0 0 
19 1 0 1 0 1 1 0 1 1 
20 1 0 1 0 0 0 0 0 0 
21 0 0 0 0 0 0 0 0 0 
22 1 0 0 0 0 0 0 0 0 
23 1 1 0 1 1 1 1 0 0 
24 0 1 0 1 1 0 1 0 0 
25 0 0 0 0 0 0 1 0 0 
26 0 0 0 0 1 0 1 0 0 
27 1 0 0 0 0 1 1 0 0 
28 1 0 0 0 0 1 1 0 0 
29 0 0 0 0 0 0 0 0 0 
30 0 0 0 0 0 0 1 0 0 
31 1 0 0 0 1 1 0 0 1 
32 1 0 0 0 1 1 0 0 1 
33 1 0 0 0 0 1 0 0 0 
34 0 0 0 0 1 1 0 0 1 
35 0 0 0 0 0 0 0 0 0 
36 0 1 1 1 1 1 1 1 1 
37 1 1 0 1 1 1 1 0 0 
38 0 0 1 0 0 0 0 1 0 
39 0 1 0 1 1 0 1 0 0 
40 0 1 0 1 1 0 1 0 1 
41 0 0 0 1 0 0 0 0 0 
42 0 0 0 0 0 0 0 0 0 
43 0 0 0 0 0 0 0 0 0 
44 0 0 0 0 0 1 0 0 0 
45 0 1 1 1 1 0 1 1 1 
46 1 0 0 0 1 0 0 0 1 
47 1 0 1 0 1 0 0 1 1 
48 0 0 0 0 0 0 0 0 0 
49 1 1 0 1 1 0 1 0 1 
50 1 0 1 0 1 0 1 0 1 
51 1 0 1 0 1 0 1 0 1 
52 0 0 0 0 0 0 0 0 0 
53 0 0 0 0 0 0 1 0 0 
54 0 0 0 0 0 0 0 0 0 
55 1 0 1 1 0 0 0 0 0 
56 0 0 1 1 0 0 0 1 0 
57 0 0 1 1 0 0 0 1 0 
58 1 0 0 0 0 0 0 0 0 
59 1 0 0 1 0 0 0 0 0 
60 0 0 0 0 0 0 0 0 0 

query feasibility y on node k:

1    2    3    4    5    6    7    8    9    
8 0 0 0 0 1 0 0 0 0 
9 0 0 0 0 1 0 0 0 1 
10 0 0 0 0 0 0 1 0 0 
11 0 0 0 0 0 1 0 0 0 
12 0 0 0 1 0 0 0 0 0 
13 0 0 0 0 0 1 0 0 0 
14 1 0 0 0 0 0 0 0 0 
15 1 0 1 0 0 0 0 0 0 
16 1 0 0 0 0 0 0 0 0 
17 1 0 0 0 0 0 0 0 0 
18 0 1 0 1 1 0 1 0 0 
19 1 0 0 0 0 0 0 0 0 
20 1 0 0 0 0 0 0 0 0 
21 0 0 1 0 0 0 0 1 0 
22 1 0 0 0 0 1 1 0 0 

workload distribution ohne node failure:

1    2    3    4    5    6    7    8    9    
8 0.00000000 0.00000000 0.00000000 0.00000000 1.00000000 0.00000000 0.00000000 0.00000000 0.00000000 
9 0.00000000 0.00000000 0.00000000 0.00000000 0.43660821 0.00000000 0.00000000 0.00000000 0.56339179 
10 0.00000000 0.00000000 0.00000000 0.00000000 0.00000000 0.00000000 1.00000000 0.00000000 0.00000000 
11 0.00000000 0.00000000 0.00000000 0.00000000 0.00000000 1.00000000 0.00000000 0.00000000 0.00000000 
12 0.00000000 0.00000000 0.00000000 1.00000000 0.00000000 0.00000000 0.00000000 0.00000000 0.00000000 
13 0.00000000 0.00000000 0.00000000 0.00000000 0.00000000 1.00000000 0.00000000 0.00000000 0.00000000 
14 1.00000000 0.00000000 0.00000000 0.00000000 0.00000000 0.00000000 0.00000000 0.00000000 0.00000000 
15 0.49006814 0.00000000 0.50993186 0.00000000 0.00000000 0.00000000 0.00000000 0.00000000 0.00000000 
16 1.00000000 0.00000000 0.00000000 0.00000000 0.00000000 0.00000000 0.00000000 0.00000000 0.00000000 
17 1.00000000 0.00000000 0.00000000 0.00000000 0.00000000 0.00000000 0.00000000 0.00000000 0.00000000 
18 0.00000000 0.40568666 0.00000000 0.30891845 0.05098844 0.00000000 0.23440646 0.00000000 0.00000000 
19 1.00000000 0.00000000 0.00000000 0.00000000 0.00000000 0.00000000 0.00000000 0.00000000 0.00000000 
20 1.00000000 0.00000000 0.00000000 0.00000000 0.00000000 0.00000000 0.00000000 0.00000000 0.00000000 
21 0.00000000 0.00000000 0.48024737 0.00000000 0.00000000 0.00000000 0.00000000 0.51975263 0.00000000 
22 0.87957985 0.00000000 0.00000000 0.00000000 0.00000000 0.04988968 0.07053046 0.00000000 0.00000000 

zz_test [*] :=
 8  1
 9  1
10  1
11  1
12  1
13  1
14  1
15  1
16  1
17  1
18  1
19  1
20  1
21  1
22  1
;

K_test [*] :=
1  0.111111111111
2  0.111111111111
3  0.111111111111
4  0.111111111111
5  0.111111111111
6  0.111111111111
7  0.111111111111
8  0.111111111111
9  0.111111111111
;

