K=12, W/V=4.6559650, K=12, time:0.784

ca [*] :=
1  12
;

fragment allocation x on node k:

1    2    3    4    5    6    7    8    9    10    11    12    
0 1 0 0 0 1 0 0 1 0 0 0 1 
1 0 0 0 0 1 0 0 1 0 0 0 1 
2 0 0 0 0 0 0 0 0 0 0 0 0 
3 1 0 0 0 0 0 0 0 0 0 0 0 
4 1 0 0 0 0 0 0 1 0 0 0 0 
5 1 0 0 0 0 0 0 0 0 0 0 0 
6 1 0 0 0 0 0 0 0 0 0 0 0 
7 0 0 0 0 0 0 0 0 0 0 0 0 
8 0 0 0 0 0 0 0 0 0 0 0 0 
9 0 0 0 0 0 0 0 1 0 0 0 0 
10 0 0 0 0 0 0 0 1 0 0 0 0 
11 0 0 0 0 0 0 0 0 0 0 0 0 
12 1 1 0 0 1 1 1 1 0 1 0 1 
13 1 1 0 0 1 1 1 1 0 1 0 1 
14 0 0 0 0 0 0 0 1 0 0 0 0 
15 0 0 0 0 0 0 0 0 0 0 0 0 
16 1 1 0 0 1 1 0 1 0 1 0 1 
17 0 1 0 0 0 1 0 1 0 1 0 0 
18 0 0 0 0 0 1 0 1 0 0 0 0 
19 1 1 0 0 1 1 0 1 0 1 0 1 
20 0 0 0 0 0 1 0 1 0 0 0 0 
21 0 0 0 0 0 0 0 0 0 0 0 0 
22 1 0 0 0 0 0 0 0 0 0 0 0 
23 1 0 1 1 0 0 1 1 1 0 1 0 
24 0 0 1 1 0 0 1 1 1 0 0 0 
25 0 0 0 0 0 0 1 0 0 0 0 0 
26 0 0 0 0 0 0 1 1 0 0 0 0 
27 1 0 0 0 0 0 1 0 0 0 0 0 
28 1 0 0 0 0 0 1 0 0 0 0 0 
29 0 0 0 0 0 0 0 0 0 0 0 0 
30 0 0 0 0 0 0 1 0 0 0 0 0 
31 1 0 0 0 1 0 0 1 0 0 0 1 
32 1 0 0 0 1 0 0 1 0 0 0 1 
33 1 0 0 0 0 0 0 1 0 0 0 0 
34 1 0 0 0 1 0 0 1 0 0 0 1 
35 0 0 0 0 0 0 0 0 0 0 0 0 
36 0 1 1 1 1 1 1 1 1 1 1 1 
37 1 0 1 1 0 0 1 1 1 0 1 0 
38 0 1 0 0 0 1 0 0 0 1 0 0 
39 0 0 1 1 0 0 0 1 1 0 0 0 
40 0 0 1 1 1 0 1 1 1 0 0 1 
41 0 0 0 0 0 0 0 0 0 1 0 0 
42 0 0 0 0 0 0 0 0 0 0 0 0 
43 0 0 0 0 0 0 0 0 0 0 0 0 
44 0 0 0 0 0 0 1 0 0 0 1 0 
45 0 1 1 1 1 1 1 1 1 1 0 1 
46 1 0 0 0 1 0 0 1 0 0 0 1 
47 0 1 0 0 1 1 0 1 0 1 0 1 
48 0 0 0 0 0 0 0 0 0 0 0 0 
49 1 0 1 1 1 0 0 1 1 0 0 1 
50 1 0 0 0 1 1 1 1 0 0 0 1 
51 1 0 0 0 1 1 1 1 0 0 0 1 
52 0 0 0 0 0 0 0 0 0 0 0 0 
53 0 0 0 0 0 0 1 0 0 0 0 0 
54 0 0 0 0 0 0 0 0 0 0 0 0 
55 1 0 0 0 0 1 0 1 0 1 0 0 
56 0 1 0 0 0 1 0 0 0 1 0 0 
57 0 1 0 0 0 1 0 0 0 1 0 0 
58 1 0 0 0 0 0 0 0 0 0 0 0 
59 1 0 0 0 0 0 0 0 0 1 0 0 
60 0 0 0 0 0 0 0 0 0 0 0 0 

query feasibility y on node k:

1    2    3    4    5    6    7    8    9    10    11    12    
8 0 0 0 0 0 0 0 1 0 0 0 0 
9 0 0 0 0 1 0 0 1 0 0 0 1 
10 0 0 0 0 0 0 1 0 0 0 0 0 
11 1 0 0 0 0 0 0 0 0 0 0 0 
12 0 0 0 0 0 0 0 0 0 1 0 0 
13 0 0 0 0 0 0 1 0 0 0 1 0 
14 1 0 0 0 0 0 0 1 0 0 0 0 
15 0 0 0 0 0 1 0 1 0 0 0 0 
16 1 0 0 0 0 0 0 0 0 0 0 0 
17 1 0 0 0 0 0 0 0 0 0 0 0 
18 0 0 1 1 0 0 0 1 1 0 0 0 
19 1 0 0 0 0 0 0 0 0 0 0 0 
20 0 0 0 0 0 0 0 1 0 0 0 0 
21 0 1 0 0 0 1 0 0 0 1 0 0 
22 1 0 0 0 0 0 1 0 0 0 0 0 

workload distribution ohne node failure:

1    2    3    4    5    6    7    8    9    10    11    12    
8 0.00000000 0.00000000 0.00000000 0.00000000 0.00000000 0.00000000 0.00000000 1.00000000 0.00000000 0.00000000 0.00000000 0.00000000 
9 0.00000000 0.00000000 0.00000000 0.00000000 0.42254384 0.00000000 0.00000000 0.15491232 0.00000000 0.00000000 0.00000000 0.42254384 
10 0.00000000 0.00000000 0.00000000 0.00000000 0.00000000 0.00000000 1.00000000 0.00000000 0.00000000 0.00000000 0.00000000 0.00000000 
11 1.00000000 0.00000000 0.00000000 0.00000000 0.00000000 0.00000000 0.00000000 0.00000000 0.00000000 0.00000000 0.00000000 0.00000000 
12 0.00000000 0.00000000 0.00000000 0.00000000 0.00000000 0.00000000 0.00000000 0.00000000 0.00000000 1.00000000 0.00000000 0.00000000 
13 0.00000000 0.00000000 0.00000000 0.00000000 0.00000000 0.00000000 0.16554986 0.00000000 0.00000000 0.00000000 0.83445014 0.00000000 
14 0.77983443 0.00000000 0.00000000 0.00000000 0.00000000 0.00000000 0.00000000 0.22016557 0.00000000 0.00000000 0.00000000 0.00000000 
15 0.00000000 0.00000000 0.00000000 0.00000000 0.00000000 0.58688723 0.00000000 0.41311277 0.00000000 0.00000000 0.00000000 0.00000000 
16 1.00000000 0.00000000 0.00000000 0.00000000 0.00000000 0.00000000 0.00000000 0.00000000 0.00000000 0.00000000 0.00000000 0.00000000 
17 1.00000000 0.00000000 0.00000000 0.00000000 0.00000000 0.00000000 0.00000000 0.00000000 0.00000000 0.00000000 0.00000000 0.00000000 
18 0.00000000 0.00000000 0.30426499 0.30426499 0.00000000 0.00000000 0.00000000 0.08720502 0.30426499 0.00000000 0.00000000 0.00000000 
19 1.00000000 0.00000000 0.00000000 0.00000000 0.00000000 0.00000000 0.00000000 0.00000000 0.00000000 0.00000000 0.00000000 0.00000000 
20 0.00000000 0.00000000 0.00000000 0.00000000 0.00000000 0.00000000 0.00000000 1.00000000 0.00000000 0.00000000 0.00000000 0.00000000 
21 0.00000000 0.38981447 0.00000000 0.00000000 0.00000000 0.34434736 0.00000000 0.00000000 0.00000000 0.26583817 0.00000000 0.00000000 
22 0.31266027 0.00000000 0.00000000 0.00000000 0.00000000 0.00000000 0.68733973 0.00000000 0.00000000 0.00000000 0.00000000 0.00000000 

zz_test [*] :=
 8  1
 9  1
10  1
11  1
12  1
13  1
14  1
15  1
16  1
17  1
18  1
19  1
20  1
21  1
22  1
;

K_test [*] :=
 1  0.0833333333333
 2  0.0833333333333
 3  0.0833333333333
 4  0.0833333333333
 5  0.0833333333333
 6  0.0833333333333
 7  0.0833333333333
 8  0.0833333333333
 9  0.0833333333333
10  0.0833333333333
11  0.0833333333333
12  0.0833333333333
;

