K=14, W/V=5.2514181, K=14, time:2.932

ca [*] :=
1  14
;

fragment allocation x on node k:

1    2    3    4    5    6    7    8    9    10    11    12    13    14    
0 0 0 0 0 1 0 1 1 1 1 0 0 0 1 
1 0 0 0 0 1 0 1 0 1 1 0 0 0 0 
2 0 0 0 0 0 0 0 0 0 0 0 0 0 0 
3 0 0 0 0 1 0 1 0 0 0 0 0 0 1 
4 0 0 0 0 1 0 1 1 0 0 0 0 0 1 
5 0 0 0 0 1 0 0 0 0 0 0 0 0 1 
6 0 0 0 0 1 0 1 0 0 0 0 0 0 0 
7 0 0 0 0 0 0 0 0 0 0 0 0 0 0 
8 0 0 0 0 0 0 0 0 0 0 0 0 0 0 
9 0 0 0 0 1 0 0 1 0 0 0 0 0 0 
10 0 0 0 0 1 0 0 1 0 0 0 0 0 0 
11 0 0 0 0 0 0 0 0 0 0 0 0 0 0 
12 0 0 0 1 1 1 1 1 1 1 0 0 0 1 
13 0 0 0 1 1 1 1 1 1 1 0 0 0 1 
14 0 0 0 0 1 0 0 1 0 0 0 0 0 0 
15 0 0 0 0 0 0 0 0 0 0 0 0 0 0 
16 0 0 0 1 1 1 1 1 1 1 0 0 0 1 
17 0 0 0 1 0 1 1 1 0 0 0 0 0 0 
18 0 0 0 0 0 0 1 0 0 0 0 0 0 0 
19 0 0 0 1 1 1 1 1 1 1 0 0 0 0 
20 0 0 0 0 0 0 1 0 0 0 0 0 0 0 
21 0 0 0 0 0 0 0 0 0 0 0 0 0 0 
22 0 0 0 0 1 0 0 0 0 0 0 0 0 1 
23 1 1 1 0 1 0 0 1 0 0 1 1 1 1 
24 1 1 1 0 0 0 0 0 0 0 1 0 0 1 
25 0 0 0 0 0 0 0 0 0 0 0 0 0 1 
26 0 0 0 0 1 0 0 1 0 0 0 0 0 1 
27 0 0 1 0 0 0 0 0 0 0 0 1 0 1 
28 0 0 1 0 0 0 0 0 0 0 0 1 0 1 
29 0 0 0 0 0 0 0 0 0 0 0 0 0 0 
30 0 0 0 0 0 0 0 0 0 0 0 0 0 1 
31 0 0 0 0 1 0 1 0 1 1 0 0 0 1 
32 0 0 0 0 1 0 1 0 1 1 0 0 0 1 
33 0 0 0 0 0 0 1 0 0 0 0 0 0 0 
34 0 0 0 0 1 0 1 0 1 1 0 0 0 0 
35 0 0 0 0 0 0 0 0 0 0 0 0 0 0 
36 1 1 1 1 1 1 0 1 1 1 1 1 1 1 
37 1 1 1 0 1 0 0 1 0 0 1 1 1 1 
38 0 0 0 1 0 1 0 1 0 0 0 0 0 0 
39 1 1 1 0 0 0 0 0 0 0 1 0 0 0 
40 1 1 1 0 1 0 0 1 1 1 1 0 0 1 
41 0 0 0 0 0 0 0 0 0 0 0 1 0 0 
42 0 0 0 0 0 0 0 0 0 0 0 0 0 0 
43 0 0 0 0 0 0 0 0 0 0 0 0 0 0 
44 0 0 0 0 0 0 0 0 0 0 0 1 1 0 
45 1 1 1 1 1 1 0 1 1 1 1 1 0 1 
46 0 0 0 0 1 0 1 1 1 1 0 0 0 0 
47 0 0 0 1 1 1 1 1 1 1 0 0 0 0 
48 0 0 0 0 0 0 0 0 0 0 0 0 0 0 
49 1 1 1 0 1 0 1 0 1 1 1 0 0 0 
50 0 0 0 0 1 0 1 1 1 1 0 0 0 1 
51 0 0 0 0 1 0 1 1 1 1 0 0 0 1 
52 0 0 0 0 0 0 0 0 0 0 0 0 0 0 
53 0 0 0 0 0 0 0 0 0 0 0 0 0 1 
54 0 0 0 0 0 0 0 0 0 0 0 0 0 0 
55 0 0 0 0 0 0 1 0 0 0 0 1 0 0 
56 0 0 0 1 0 1 0 1 0 0 0 1 0 0 
57 0 0 0 1 0 1 0 1 0 0 0 1 0 0 
58 0 0 0 0 1 0 0 0 0 0 0 0 0 0 
59 0 0 0 0 1 0 0 0 0 0 0 1 0 0 
60 0 0 0 0 0 0 0 0 0 0 0 0 0 0 

query feasibility y on node k:

1    2    3    4    5    6    7    8    9    10    11    12    13    14    
8 0 0 0 0 1 0 0 1 0 0 0 0 0 0 
9 0 0 0 0 1 0 0 0 1 1 0 0 0 0 
10 0 0 0 0 0 0 0 0 0 0 0 0 0 1 
11 0 0 0 0 0 0 1 0 0 0 0 0 0 0 
12 0 0 0 0 0 0 0 0 0 0 0 1 0 0 
13 0 0 0 0 0 0 0 0 0 0 0 1 1 0 
14 0 0 0 0 0 0 1 0 0 0 0 0 0 0 
15 0 0 0 0 0 0 1 0 0 0 0 0 0 0 
16 0 0 0 0 1 0 0 0 0 0 0 0 0 1 
17 0 0 0 0 1 0 1 0 0 0 0 0 0 0 
18 1 1 1 0 0 0 0 0 0 0 1 0 0 0 
19 0 0 0 0 1 0 0 0 0 0 0 0 0 0 
20 0 0 0 0 0 0 1 0 0 0 0 0 0 0 
21 0 0 0 1 0 1 0 1 0 0 0 0 0 0 
22 0 0 1 0 0 0 0 0 0 0 0 1 0 1 

workload distribution ohne node failure:

1    2    3    4    5    6    7    8    9    10    11    12    13    14    
8 0.00000000 0.00000000 0.00000000 0.00000000 0.95390905 0.00000000 0.00000000 0.04609095 0.00000000 0.00000000 0.00000000 0.00000000 0.00000000 0.00000000 
9 0.00000000 0.00000000 0.00000000 0.00000000 0.27563913 0.00000000 0.00000000 0.00000000 0.36218043 0.36218043 0.00000000 0.00000000 0.00000000 0.00000000 
10 0.00000000 0.00000000 0.00000000 0.00000000 0.00000000 0.00000000 0.00000000 0.00000000 0.00000000 0.00000000 0.00000000 0.00000000 0.00000000 1.00000000 
11 0.00000000 0.00000000 0.00000000 0.00000000 0.00000000 0.00000000 1.00000000 0.00000000 0.00000000 0.00000000 0.00000000 0.00000000 0.00000000 0.00000000 
12 0.00000000 0.00000000 0.00000000 0.00000000 0.00000000 0.00000000 0.00000000 0.00000000 0.00000000 0.00000000 0.00000000 1.00000000 0.00000000 0.00000000 
13 0.00000000 0.00000000 0.00000000 0.00000000 0.00000000 0.00000000 0.00000000 0.00000000 0.00000000 0.00000000 0.00000000 0.28475702 0.71524298 0.00000000 
14 0.00000000 0.00000000 0.00000000 0.00000000 0.00000000 0.00000000 1.00000000 0.00000000 0.00000000 0.00000000 0.00000000 0.00000000 0.00000000 0.00000000 
15 0.00000000 0.00000000 0.00000000 0.00000000 0.00000000 0.00000000 1.00000000 0.00000000 0.00000000 0.00000000 0.00000000 0.00000000 0.00000000 0.00000000 
16 0.00000000 0.00000000 0.00000000 0.00000000 0.01477148 0.00000000 0.00000000 0.00000000 0.00000000 0.00000000 0.00000000 0.00000000 0.00000000 0.98522852 
17 0.00000000 0.00000000 0.00000000 0.00000000 0.17756928 0.00000000 0.82243072 0.00000000 0.00000000 0.00000000 0.00000000 0.00000000 0.00000000 0.00000000 
18 0.26079857 0.26079857 0.21760430 0.00000000 0.00000000 0.00000000 0.00000000 0.00000000 0.00000000 0.00000000 0.26079857 0.00000000 0.00000000 0.00000000 
19 0.00000000 0.00000000 0.00000000 0.00000000 1.00000000 0.00000000 0.00000000 0.00000000 0.00000000 0.00000000 0.00000000 0.00000000 0.00000000 0.00000000 
20 0.00000000 0.00000000 0.00000000 0.00000000 0.00000000 0.00000000 1.00000000 0.00000000 0.00000000 0.00000000 0.00000000 0.00000000 0.00000000 0.00000000 
21 0.00000000 0.00000000 0.00000000 0.33412669 0.00000000 0.33412669 0.00000000 0.33174662 0.00000000 0.00000000 0.00000000 0.00000000 0.00000000 0.00000000 
22 0.00000000 0.00000000 0.36687485 0.00000000 0.00000000 0.00000000 0.00000000 0.00000000 0.00000000 0.00000000 0.00000000 0.51131139 0.00000000 0.12181375 

zz_test [*] :=
 8  1
 9  1
10  1
11  1
12  1
13  1
14  1
15  1
16  1
17  1
18  1
19  1
20  1
21  1
22  1
;

K_test [*] :=
 1  0.0714285714286
 2  0.0714285714286
 3  0.0714285714286
 4  0.0714285714286
 5  0.0714285714286
 6  0.0714285714286
 7  0.0714285714286
 8  0.0714285714286
 9  0.0714285714286
10  0.0714285714286
11  0.0714285714286
12  0.0714285714286
13  0.0714285714286
14  0.0714285714286
;

