K=11, W/V=4.2079585, K=11, time:0.629

ca [*] :=
1  11
;

fragment allocation x on node k:

1    2    3    4    5    6    7    8    9    10    11    
0 0 1 0 0 0 1 0 0 0 1 1 
1 0 1 0 0 0 1 0 0 0 1 1 
2 0 0 0 0 0 0 0 0 0 0 0 
3 0 1 0 0 0 1 0 0 0 0 0 
4 0 1 0 0 0 0 0 0 0 1 0 
5 0 1 0 0 0 0 0 0 0 0 0 
6 0 1 0 0 0 1 0 0 0 0 0 
7 0 0 0 0 0 0 0 0 0 0 0 
8 0 0 0 0 0 0 0 0 0 0 0 
9 0 0 0 0 0 0 0 0 0 1 0 
10 0 0 0 0 0 0 0 0 0 1 0 
11 0 0 0 0 0 0 0 0 0 0 0 
12 0 1 0 1 1 1 1 0 0 1 1 
13 0 1 0 1 1 1 1 0 0 1 1 
14 0 0 0 0 0 0 0 0 0 1 0 
15 0 0 0 0 0 0 0 0 0 0 0 
16 0 1 0 1 1 1 1 0 0 1 1 
17 0 1 0 1 1 0 1 0 0 0 0 
18 0 1 0 0 0 0 0 0 0 0 0 
19 0 1 0 1 1 1 1 0 0 1 1 
20 0 1 0 0 0 0 0 0 0 0 0 
21 0 0 0 0 0 0 0 0 0 0 0 
22 0 1 0 0 0 0 0 0 0 0 0 
23 1 0 1 1 0 0 0 1 1 1 0 
24 1 0 1 0 0 0 0 0 1 1 0 
25 0 0 0 0 0 0 0 0 0 1 0 
26 0 0 0 0 0 0 0 0 0 1 0 
27 0 0 0 1 0 0 0 0 0 1 0 
28 0 0 0 1 0 0 0 0 0 1 0 
29 0 0 0 0 0 0 0 0 0 0 0 
30 0 0 0 0 0 0 0 0 0 1 0 
31 0 1 0 0 0 1 0 0 0 1 1 
32 0 1 0 0 0 1 0 0 0 1 1 
33 0 1 0 0 0 0 0 0 0 0 1 
34 0 0 0 0 0 1 0 0 0 1 1 
35 0 0 0 0 0 0 0 0 0 0 0 
36 1 0 1 1 1 1 1 1 1 1 1 
37 1 0 1 1 0 0 0 1 1 1 0 
38 0 0 0 1 1 0 1 0 0 0 0 
39 1 0 1 0 0 0 0 0 1 1 0 
40 1 0 1 0 0 1 0 0 1 1 1 
41 0 0 0 1 0 0 0 0 0 0 0 
42 0 0 0 0 0 0 0 0 0 0 0 
43 0 0 0 0 0 0 0 0 0 0 0 
44 0 0 0 1 0 0 0 1 0 0 0 
45 1 0 1 1 1 1 1 0 1 1 1 
46 0 1 0 0 0 1 0 0 0 1 1 
47 0 1 0 1 1 1 1 0 0 1 1 
48 0 0 0 0 0 0 0 0 0 0 0 
49 1 1 1 0 0 1 0 0 1 1 1 
50 0 1 0 0 0 1 0 0 0 1 1 
51 0 1 0 0 0 1 0 0 0 1 1 
52 0 0 0 0 0 0 0 0 0 0 0 
53 0 0 0 0 0 0 0 0 0 1 0 
54 0 0 0 0 0 0 0 0 0 0 0 
55 0 1 0 1 0 0 0 0 0 0 0 
56 0 0 0 1 1 0 1 0 0 0 0 
57 0 0 0 1 1 0 1 0 0 0 0 
58 0 1 0 0 0 0 0 0 0 0 0 
59 0 1 0 1 0 0 0 0 0 0 0 
60 0 0 0 0 0 0 0 0 0 0 0 

query feasibility y on node k:

1    2    3    4    5    6    7    8    9    10    11    
8 0 0 0 0 0 0 0 0 0 1 0 
9 0 0 0 0 0 1 0 0 0 1 1 
10 0 0 0 0 0 0 0 0 0 1 0 
11 0 0 0 0 0 0 0 0 0 0 1 
12 0 0 0 1 0 0 0 0 0 0 0 
13 0 0 0 1 0 0 0 1 0 0 0 
14 0 1 0 0 0 0 0 0 0 0 0 
15 0 1 0 0 0 0 0 0 0 0 0 
16 0 1 0 0 0 0 0 0 0 0 0 
17 0 1 0 0 0 1 0 0 0 0 0 
18 1 0 1 0 0 0 0 0 1 1 0 
19 0 1 0 0 0 0 0 0 0 0 0 
20 0 1 0 0 0 0 0 0 0 0 0 
21 0 0 0 1 1 0 1 0 0 0 0 
22 0 0 0 1 0 0 0 0 0 1 0 

workload distribution ohne node failure:

1    2    3    4    5    6    7    8    9    10    11    
8 0.00000000 0.00000000 0.00000000 0.00000000 0.00000000 0.00000000 0.00000000 0.00000000 0.00000000 1.00000000 0.00000000 
9 0.00000000 0.00000000 0.00000000 0.00000000 0.00000000 0.45951454 0.00000000 0.00000000 0.00000000 0.12838920 0.41209627 
10 0.00000000 0.00000000 0.00000000 0.00000000 0.00000000 0.00000000 0.00000000 0.00000000 0.00000000 1.00000000 0.00000000 
11 0.00000000 0.00000000 0.00000000 0.00000000 0.00000000 0.00000000 0.00000000 0.00000000 0.00000000 0.00000000 1.00000000 
12 0.00000000 0.00000000 0.00000000 1.00000000 0.00000000 0.00000000 0.00000000 0.00000000 0.00000000 0.00000000 0.00000000 
13 0.00000000 0.00000000 0.00000000 0.08969076 0.00000000 0.00000000 0.00000000 0.91030924 0.00000000 0.00000000 0.00000000 
14 0.00000000 1.00000000 0.00000000 0.00000000 0.00000000 0.00000000 0.00000000 0.00000000 0.00000000 0.00000000 0.00000000 
15 0.00000000 1.00000000 0.00000000 0.00000000 0.00000000 0.00000000 0.00000000 0.00000000 0.00000000 0.00000000 0.00000000 
16 0.00000000 1.00000000 0.00000000 0.00000000 0.00000000 0.00000000 0.00000000 0.00000000 0.00000000 0.00000000 0.00000000 
17 0.00000000 0.98059216 0.00000000 0.00000000 0.00000000 0.01940784 0.00000000 0.00000000 0.00000000 0.00000000 0.00000000 
18 0.33192545 0.00000000 0.33192545 0.00000000 0.00000000 0.00000000 0.00000000 0.00000000 0.33192545 0.00422366 0.00000000 
19 0.00000000 1.00000000 0.00000000 0.00000000 0.00000000 0.00000000 0.00000000 0.00000000 0.00000000 0.00000000 0.00000000 
20 0.00000000 1.00000000 0.00000000 0.00000000 0.00000000 0.00000000 0.00000000 0.00000000 0.00000000 0.00000000 0.00000000 
21 0.00000000 0.00000000 0.00000000 0.14949570 0.42525215 0.00000000 0.42525215 0.00000000 0.00000000 0.00000000 0.00000000 
22 0.00000000 0.00000000 0.00000000 0.72846469 0.00000000 0.00000000 0.00000000 0.00000000 0.00000000 0.27153531 0.00000000 

zz_test [*] :=
 8  1
 9  1
10  1
11  1
12  1
13  1
14  1
15  1
16  1
17  1
18  1
19  1
20  1
21  1
22  1
;

K_test [*] :=
 1  0.0909090909091
 2  0.0909090909091
 3  0.0909090909091
 4  0.0909090909091
 5  0.0909090909091
 6  0.0909090909091
 7  0.0909090909091
 8  0.0909090909091
 9  0.0909090909091
10  0.0909090909091
11  0.0909090909091
;

