K=16, W/V=5.7511665, K=16, time:2.650

ca [*] :=
1  16
;

fragment allocation x on node k:

1    2    3    4    5    6    7    8    9    10    11    12    13    14    15    16    
0 0 0 0 0 0 0 1 1 0 1 1 1 0 1 0 0 
1 0 0 0 0 0 0 1 0 0 0 1 1 0 1 0 0 
2 0 0 0 0 0 0 0 0 0 0 0 0 0 0 0 0 
3 0 0 0 0 0 0 0 1 0 1 0 0 0 0 0 0 
4 0 0 0 0 0 0 1 1 0 1 0 0 0 0 0 0 
5 0 0 0 0 0 0 0 1 0 1 0 0 0 0 0 0 
6 0 0 0 0 0 0 0 0 0 1 0 0 0 0 0 0 
7 0 0 0 0 0 0 0 0 0 0 0 0 0 0 0 0 
8 0 0 0 0 0 0 0 0 0 0 0 0 0 0 0 0 
9 0 0 0 0 0 0 1 0 0 0 0 0 0 0 0 0 
10 0 0 0 0 0 0 1 0 0 0 0 0 0 0 0 0 
11 0 0 0 0 0 0 0 0 0 0 0 0 0 0 0 0 
12 0 0 0 1 1 1 1 1 1 0 1 1 0 1 0 0 
13 0 0 0 1 1 1 1 1 1 0 1 1 0 1 0 0 
14 0 0 0 0 0 0 1 0 0 0 0 0 0 0 0 0 
15 0 0 0 0 0 0 0 0 0 0 0 0 0 0 0 0 
16 0 0 0 1 1 1 1 1 1 1 1 1 0 1 0 0 
17 0 0 0 1 1 1 1 0 1 1 0 0 0 0 0 0 
18 0 0 0 0 0 1 1 0 0 1 0 0 0 0 0 0 
19 0 0 0 1 1 1 1 0 1 0 1 1 0 1 0 0 
20 0 0 0 0 0 1 0 0 0 1 0 0 0 0 0 0 
21 0 0 0 0 0 0 0 0 0 0 0 0 0 0 0 0 
22 0 0 0 0 0 0 0 1 0 1 0 0 0 0 0 0 
23 1 1 1 0 0 0 1 1 0 0 0 0 1 0 1 1 
24 1 1 0 0 0 0 1 1 0 0 0 0 0 0 1 1 
25 0 0 0 0 0 0 0 1 0 0 0 0 0 0 0 0 
26 0 0 0 0 0 0 1 1 0 0 0 0 0 0 0 0 
27 0 0 0 0 0 0 0 1 0 0 0 0 1 0 0 0 
28 0 0 0 0 0 0 0 1 0 0 0 0 1 0 0 0 
29 0 0 0 0 0 0 0 0 0 0 0 0 0 0 0 0 
30 0 0 0 0 0 0 0 1 0 0 0 0 0 0 0 0 
31 0 0 0 0 0 0 1 1 0 1 1 1 0 1 0 0 
32 0 0 0 0 0 0 1 1 0 1 1 1 0 1 0 0 
33 0 0 0 0 0 0 1 0 0 0 0 0 0 0 0 0 
34 0 0 0 0 0 0 1 0 0 0 1 1 0 1 0 0 
35 0 0 0 0 0 0 0 0 0 0 0 0 0 0 0 0 
36 1 1 1 1 1 1 1 1 1 0 1 1 1 1 1 1 
37 1 1 1 0 0 0 1 1 0 0 0 0 1 0 1 1 
38 0 0 0 1 1 1 0 0 1 0 0 0 0 0 0 0 
39 1 1 0 0 0 0 1 0 0 0 0 0 0 0 1 1 
40 1 1 0 0 0 0 1 1 0 0 1 1 0 1 1 1 
41 0 0 0 0 0 1 0 0 0 0 0 0 0 0 0 0 
42 0 0 0 0 0 0 0 0 0 0 0 0 0 0 0 0 
43 0 0 0 0 0 0 0 0 0 0 0 0 0 0 0 0 
44 0 0 1 0 0 0 0 0 0 0 0 0 1 0 0 0 
45 1 1 0 1 1 1 1 1 1 0 1 1 0 1 1 1 
46 0 0 0 0 0 0 1 0 0 1 1 1 0 1 0 0 
47 0 0 0 1 1 1 1 0 1 1 1 1 0 1 0 0 
48 0 0 0 0 0 0 0 0 0 0 0 0 0 0 0 0 
49 1 1 0 0 0 0 1 0 0 1 1 1 0 1 1 1 
50 0 0 0 0 0 1 1 1 0 1 1 1 0 1 0 0 
51 0 0 0 0 0 1 1 1 0 1 1 1 0 1 0 0 
52 0 0 0 0 0 0 0 0 0 0 0 0 0 0 0 0 
53 0 0 0 0 0 0 0 1 0 0 0 0 0 0 0 0 
54 0 0 0 0 0 0 0 0 0 0 0 0 0 0 0 0 
55 0 0 0 0 0 1 1 0 0 1 0 0 0 0 0 0 
56 0 0 0 1 1 1 0 0 1 0 0 0 0 0 0 0 
57 0 0 0 1 1 1 0 0 1 0 0 0 0 0 0 0 
58 0 0 0 0 0 0 0 0 0 1 0 0 0 0 0 0 
59 0 0 0 0 0 1 0 0 0 1 0 0 0 0 0 0 
60 0 0 0 0 0 0 0 0 0 0 0 0 0 0 0 0 

query feasibility y on node k:

1    2    3    4    5    6    7    8    9    10    11    12    13    14    15    16    
8 0 0 0 0 0 0 1 0 0 0 0 0 0 0 0 0 
9 0 0 0 0 0 0 1 0 0 0 1 1 0 1 0 0 
10 0 0 0 0 0 0 0 1 0 0 0 0 0 0 0 0 
11 0 0 0 0 0 0 1 0 0 0 0 0 0 0 0 0 
12 0 0 0 0 0 1 0 0 0 0 0 0 0 0 0 0 
13 0 0 1 0 0 0 0 0 0 0 0 0 1 0 0 0 
14 0 0 0 0 0 0 1 0 0 1 0 0 0 0 0 0 
15 0 0 0 0 0 1 0 0 0 1 0 0 0 0 0 0 
16 0 0 0 0 0 0 0 1 0 1 0 0 0 0 0 0 
17 0 0 0 0 0 0 0 0 0 1 0 0 0 0 0 0 
18 1 1 0 0 0 0 1 0 0 0 0 0 0 0 1 1 
19 0 0 0 0 0 0 0 0 0 1 0 0 0 0 0 0 
20 0 0 0 0 0 0 1 0 0 0 0 0 0 0 0 0 
21 0 0 0 1 1 1 0 0 1 0 0 0 0 0 0 0 
22 0 0 0 0 0 0 0 1 0 0 0 0 1 0 0 0 

workload distribution ohne node failure:

1    2    3    4    5    6    7    8    9    10    11    12    13    14    15    16    
8 0.00000000 0.00000000 0.00000000 0.00000000 0.00000000 0.00000000 1.00000000 0.00000000 0.00000000 0.00000000 0.00000000 0.00000000 0.00000000 0.00000000 0.00000000 0.00000000 
9 0.00000000 0.00000000 0.00000000 0.00000000 0.00000000 0.00000000 0.04927636 0.00000000 0.00000000 0.00000000 0.31690788 0.31690788 0.00000000 0.31690788 0.00000000 0.00000000 
10 0.00000000 0.00000000 0.00000000 0.00000000 0.00000000 0.00000000 0.00000000 1.00000000 0.00000000 0.00000000 0.00000000 0.00000000 0.00000000 0.00000000 0.00000000 0.00000000 
11 0.00000000 0.00000000 0.00000000 0.00000000 0.00000000 0.00000000 1.00000000 0.00000000 0.00000000 0.00000000 0.00000000 0.00000000 0.00000000 0.00000000 0.00000000 0.00000000 
12 0.00000000 0.00000000 0.00000000 0.00000000 0.00000000 1.00000000 0.00000000 0.00000000 0.00000000 0.00000000 0.00000000 0.00000000 0.00000000 0.00000000 0.00000000 0.00000000 
13 0.00000000 0.00000000 0.62583760 0.00000000 0.00000000 0.00000000 0.00000000 0.00000000 0.00000000 0.00000000 0.00000000 0.00000000 0.37416240 0.00000000 0.00000000 0.00000000 
14 0.00000000 0.00000000 0.00000000 0.00000000 0.00000000 0.00000000 0.12182571 0.00000000 0.00000000 0.87817429 0.00000000 0.00000000 0.00000000 0.00000000 0.00000000 0.00000000 
15 0.00000000 0.00000000 0.00000000 0.00000000 0.00000000 0.58688723 0.00000000 0.00000000 0.00000000 0.41311277 0.00000000 0.00000000 0.00000000 0.00000000 0.00000000 0.00000000 
16 0.00000000 0.00000000 0.00000000 0.00000000 0.00000000 0.00000000 0.00000000 0.46328337 0.00000000 0.53671663 0.00000000 0.00000000 0.00000000 0.00000000 0.00000000 0.00000000 
17 0.00000000 0.00000000 0.00000000 0.00000000 0.00000000 0.00000000 0.00000000 0.00000000 0.00000000 1.00000000 0.00000000 0.00000000 0.00000000 0.00000000 0.00000000 0.00000000 
18 0.22819874 0.22819874 0.00000000 0.00000000 0.00000000 0.00000000 0.08720502 0.00000000 0.00000000 0.00000000 0.00000000 0.00000000 0.00000000 0.00000000 0.22819874 0.22819874 
19 0.00000000 0.00000000 0.00000000 0.00000000 0.00000000 0.00000000 0.00000000 0.00000000 0.00000000 1.00000000 0.00000000 0.00000000 0.00000000 0.00000000 0.00000000 0.00000000 
20 0.00000000 0.00000000 0.00000000 0.00000000 0.00000000 0.00000000 1.00000000 0.00000000 0.00000000 0.00000000 0.00000000 0.00000000 0.00000000 0.00000000 0.00000000 0.00000000 
21 0.00000000 0.00000000 0.00000000 0.29236085 0.29236085 0.12291744 0.00000000 0.00000000 0.29236085 0.00000000 0.00000000 0.00000000 0.00000000 0.00000000 0.00000000 0.00000000 
22 0.00000000 0.00000000 0.00000000 0.00000000 0.00000000 0.00000000 0.00000000 0.22055777 0.00000000 0.00000000 0.00000000 0.00000000 0.77944223 0.00000000 0.00000000 0.00000000 

zz_test [*] :=
 8  1
 9  1
10  1
11  1
12  1
13  1
14  1
15  1
16  1
17  1
18  1
19  1
20  1
21  1
22  1
;

K_test [*] :=
 1  0.0625
 2  0.0625
 3  0.0625
 4  0.0625
 5  0.0625
 6  0.0625
 7  0.0625
 8  0.0625
 9  0.0625
10  0.0625
11  0.0625
12  0.0625
13  0.0625
14  0.0625
15  0.0625
16  0.0625
;

