K=15, W/V=4.8298620, K=15, time:5.060

ca [*] :=
1  15
;

fragment allocation x on node k:

1    2    3    4    5    6    7    8    9    10    11    12    13    14    15    
0 0 0 0 0 0 1 0 0 1 0 0 1 0 1 1 
1 0 0 0 0 0 0 0 0 1 0 0 1 0 0 0 
2 0 0 0 0 0 1 0 0 0 0 0 0 0 0 0 
3 0 0 0 0 0 0 0 0 0 0 0 0 0 1 1 
4 0 0 0 0 0 1 0 0 0 0 0 0 0 1 1 
5 0 0 0 0 0 1 0 0 0 0 0 0 0 1 1 
6 0 0 0 0 0 0 0 0 0 0 0 0 0 1 0 
7 0 0 0 0 0 0 0 0 0 0 0 0 0 0 0 
8 0 0 0 0 0 0 0 0 0 0 0 0 0 0 0 
9 0 0 0 0 0 1 0 0 0 0 0 0 0 1 0 
10 0 0 0 0 0 1 0 0 0 0 0 0 0 1 0 
11 0 0 0 0 0 0 0 0 0 0 0 0 0 0 0 
12 0 0 1 0 1 1 0 0 1 1 0 1 1 1 0 
13 0 0 1 0 1 1 0 0 1 1 0 1 1 1 0 
14 0 0 0 0 0 1 0 0 0 0 0 0 0 1 0 
15 0 0 0 0 0 0 0 0 0 0 0 0 0 0 0 
16 0 0 0 0 1 1 0 0 1 1 0 1 1 1 1 
17 0 0 0 0 1 1 0 0 1 1 0 0 1 0 0 
18 0 0 0 0 0 1 0 0 1 1 0 0 0 0 0 
19 0 0 0 0 1 1 0 0 1 1 0 1 1 1 0 
20 0 0 0 0 0 1 0 0 0 1 0 0 0 0 0 
21 0 0 0 0 0 1 0 0 0 0 0 0 0 0 0 
22 0 0 0 0 0 1 0 0 0 0 0 0 0 0 1 
23 0 0 1 0 0 1 1 1 0 1 1 0 0 1 0 
24 0 0 1 0 0 1 1 1 0 0 0 0 0 0 0 
25 0 0 1 0 0 0 0 0 0 0 0 0 0 0 0 
26 0 0 1 0 0 0 0 0 0 1 0 0 0 1 0 
27 0 0 1 0 0 0 0 1 0 0 1 0 0 0 0 
28 0 0 1 0 0 0 0 1 0 0 1 0 0 0 0 
29 0 0 1 0 0 0 0 0 0 1 0 0 0 0 0 
30 0 0 1 0 0 0 0 0 0 0 0 0 0 0 0 
31 0 0 0 0 0 1 0 0 1 0 0 1 0 0 1 
32 0 0 0 0 0 1 0 0 1 0 0 1 0 0 1 
33 0 0 0 0 0 1 0 0 1 0 0 0 0 0 0 
34 0 0 0 0 0 1 0 0 1 0 0 1 0 0 0 
35 0 0 0 0 0 0 0 0 0 0 0 0 0 0 0 
36 0 0 1 0 1 1 1 1 1 1 1 1 1 1 0 
37 0 0 1 0 0 1 1 1 0 1 1 0 0 1 0 
38 0 0 0 0 1 0 0 0 0 1 0 0 1 0 0 
39 0 0 0 0 0 1 1 1 0 0 0 0 0 0 0 
40 0 0 1 0 0 1 1 1 1 1 0 1 0 1 0 
41 0 0 0 0 0 0 0 0 0 1 0 0 0 0 0 
42 0 0 0 0 0 0 0 0 0 0 0 0 0 0 0 
43 0 0 1 0 0 0 0 0 0 1 0 0 0 0 0 
44 0 0 0 0 0 0 0 0 0 0 1 0 0 0 0 
45 0 0 1 0 1 1 1 1 1 1 0 1 1 1 0 
46 0 0 0 0 0 0 0 0 1 0 0 1 0 1 0 
47 0 0 0 0 1 0 0 0 1 1 0 1 1 1 0 
48 0 0 0 0 0 0 0 0 0 0 0 0 0 0 0 
49 1 1 0 1 0 1 1 1 1 0 0 1 0 1 1 
50 1 1 1 1 0 0 0 0 1 1 0 1 0 1 1 
51 1 1 1 1 0 0 0 0 1 1 0 1 0 1 1 
52 1 1 0 1 0 0 0 0 0 0 0 0 0 0 1 
53 1 1 1 1 0 0 0 0 0 0 0 0 0 0 1 
54 1 1 0 1 0 0 0 0 0 0 0 0 0 0 1 
55 1 1 1 1 0 0 0 0 1 1 0 0 0 1 1 
56 0 0 0 0 1 0 0 0 0 1 0 0 1 0 0 
57 0 0 0 0 1 0 0 0 0 1 0 0 1 0 0 
58 0 0 0 0 0 0 0 0 0 0 0 0 0 1 0 
59 0 0 0 0 0 0 0 0 0 1 0 0 0 1 0 
60 0 0 0 0 0 0 0 0 0 0 0 0 0 0 0 

query feasibility y on node k:

1    2    3    4    5    6    7    8    9    10    11    12    13    14    15    
1 1 1 0 1 0 0 0 0 0 0 0 0 0 0 1 
2 0 0 0 0 0 1 0 0 0 0 0 0 0 0 0 
3 0 0 1 0 0 0 0 0 0 1 0 0 0 0 0 
4 0 0 0 0 0 0 0 0 0 1 0 0 0 0 0 
5 0 0 0 0 0 0 0 0 0 0 0 0 0 1 0 
6 1 1 0 1 0 0 0 0 1 0 0 0 0 1 1 
7 0 0 0 0 0 0 0 0 0 1 0 0 0 1 0 
8 0 0 0 0 0 0 0 0 0 0 0 0 0 1 0 
9 0 0 0 0 0 0 0 0 1 0 0 1 0 0 0 
10 0 0 1 0 0 0 0 0 0 0 0 0 0 0 0 
11 0 0 0 0 0 1 0 0 1 0 0 0 0 0 0 
12 0 0 0 0 0 0 0 0 0 1 0 0 0 0 0 
13 0 0 0 0 0 0 0 0 0 0 1 0 0 0 0 
14 0 0 0 0 0 0 0 0 0 0 0 0 0 1 0 
15 0 0 0 0 0 0 0 0 0 1 0 0 0 0 0 
16 0 0 0 0 0 0 0 0 0 0 0 0 0 0 1 
17 0 0 0 0 0 0 0 0 0 0 0 0 0 1 0 
18 0 0 0 0 0 1 1 1 0 0 0 0 0 0 0 
19 0 0 0 0 0 0 0 0 0 0 0 0 0 1 0 
20 0 0 0 0 0 0 0 0 1 0 0 0 0 0 0 
21 0 0 0 0 1 0 0 0 0 1 0 0 1 0 0 
22 0 0 1 0 0 0 0 1 0 0 1 0 0 0 0 

workload distribution ohne node failure:

1    2    3    4    5    6    7    8    9    10    11    12    13    14    15    
1 0.26868628 0.25503396 0.00000000 0.26868628 0.00000000 0.00000000 0.00000000 0.00000000 0.00000000 0.00000000 0.00000000 0.00000000 0.00000000 0.00000000 0.20759347 
2 0.00000000 0.00000000 0.00000000 0.00000000 0.00000000 1.00000000 0.00000000 0.00000000 0.00000000 0.00000000 0.00000000 0.00000000 0.00000000 0.00000000 0.00000000 
3 0.00000000 0.00000000 0.69186913 0.00000000 0.00000000 0.00000000 0.00000000 0.00000000 0.00000000 0.30813087 0.00000000 0.00000000 0.00000000 0.00000000 0.00000000 
4 0.00000000 0.00000000 0.00000000 0.00000000 0.00000000 0.00000000 0.00000000 0.00000000 0.00000000 1.00000000 0.00000000 0.00000000 0.00000000 0.00000000 0.00000000 
5 0.00000000 0.00000000 0.00000000 0.00000000 0.00000000 0.00000000 0.00000000 0.00000000 0.00000000 0.00000000 0.00000000 0.00000000 0.00000000 1.00000000 0.00000000 
6 0.00000000 0.58821466 0.00000000 0.00000000 0.00000000 0.00000000 0.00000000 0.00000000 0.24363513 0.00000000 0.00000000 0.00000000 0.00000000 0.16815021 0.00000000 
7 0.00000000 0.00000000 0.00000000 0.00000000 0.00000000 0.00000000 0.00000000 0.00000000 0.00000000 0.37698580 0.00000000 0.00000000 0.00000000 0.62301420 0.00000000 
8 0.00000000 0.00000000 0.00000000 0.00000000 0.00000000 0.00000000 0.00000000 0.00000000 0.00000000 0.00000000 0.00000000 0.00000000 0.00000000 1.00000000 0.00000000 
9 0.00000000 0.00000000 0.00000000 0.00000000 0.00000000 0.00000000 0.00000000 0.00000000 0.48248467 0.00000000 0.00000000 0.51751533 0.00000000 0.00000000 0.00000000 
10 0.00000000 0.00000000 1.00000000 0.00000000 0.00000000 0.00000000 0.00000000 0.00000000 0.00000000 0.00000000 0.00000000 0.00000000 0.00000000 0.00000000 0.00000000 
11 0.00000000 0.00000000 0.00000000 0.00000000 0.00000000 1.00000000 0.00000000 0.00000000 0.00000000 0.00000000 0.00000000 0.00000000 0.00000000 0.00000000 0.00000000 
12 0.00000000 0.00000000 0.00000000 0.00000000 0.00000000 0.00000000 0.00000000 0.00000000 0.00000000 1.00000000 0.00000000 0.00000000 0.00000000 0.00000000 0.00000000 
13 0.00000000 0.00000000 0.00000000 0.00000000 0.00000000 0.00000000 0.00000000 0.00000000 0.00000000 0.00000000 1.00000000 0.00000000 0.00000000 0.00000000 0.00000000 
14 0.00000000 0.00000000 0.00000000 0.00000000 0.00000000 0.00000000 0.00000000 0.00000000 0.00000000 0.00000000 0.00000000 0.00000000 0.00000000 1.00000000 0.00000000 
15 0.00000000 0.00000000 0.00000000 0.00000000 0.00000000 0.00000000 0.00000000 0.00000000 0.00000000 1.00000000 0.00000000 0.00000000 0.00000000 0.00000000 0.00000000 
16 0.00000000 0.00000000 0.00000000 0.00000000 0.00000000 0.00000000 0.00000000 0.00000000 0.00000000 0.00000000 0.00000000 0.00000000 0.00000000 0.00000000 1.00000000 
17 0.00000000 0.00000000 0.00000000 0.00000000 0.00000000 0.00000000 0.00000000 0.00000000 0.00000000 0.00000000 0.00000000 0.00000000 0.00000000 1.00000000 0.00000000 
18 0.00000000 0.00000000 0.00000000 0.00000000 0.00000000 0.32346528 0.37265198 0.30388274 0.00000000 0.00000000 0.00000000 0.00000000 0.00000000 0.00000000 0.00000000 
19 0.00000000 0.00000000 0.00000000 0.00000000 0.00000000 0.00000000 0.00000000 0.00000000 0.00000000 0.00000000 0.00000000 0.00000000 0.00000000 1.00000000 0.00000000 
20 0.00000000 0.00000000 0.00000000 0.00000000 0.00000000 0.00000000 0.00000000 0.00000000 1.00000000 0.00000000 0.00000000 0.00000000 0.00000000 0.00000000 0.00000000 
21 0.00000000 0.00000000 0.00000000 0.00000000 0.47742966 0.00000000 0.00000000 0.00000000 0.00000000 0.04514068 0.00000000 0.00000000 0.47742966 0.00000000 0.00000000 
22 0.00000000 0.00000000 0.34776029 0.00000000 0.00000000 0.00000000 0.00000000 0.58409853 0.00000000 0.00000000 0.06814119 0.00000000 0.00000000 0.00000000 0.00000000 

zz_test [*] :=
 1 1    3 1    5 1    7 1    9 1   11 1   13 1   15 1   17 1   19 1   21 1
 2 1    4 1    6 1    8 1   10 1   12 1   14 1   16 1   18 1   20 1   22 1
;

K_test [*] :=
 1  0.0666666666667
 2  0.0666666666667
 3  0.0666666666667
 4  0.0666666666667
 5  0.0666666666667
 6  0.0666666666667
 7  0.0666666666667
 8  0.0666666666667
 9  0.0666666666667
10  0.0666666666667
11  0.0666666666667
12  0.0666666666667
13  0.0666666666667
14  0.0666666666667
15  0.0666666666667
;

W_start/V = 4.47437114025
W/V = 4.829862014
sum{i in 0 .. N, k in 1 .. K} (1 - s[i,k])*xb[i,k]*a[i]/V = 0.439385829022

