K=16, W/V=5.2896587, K=16, time:1.489

ca [*] :=
1  16
;

fragment allocation x on node k:

1    2    3    4    5    6    7    8    9    10    11    12    13    14    15    16    
0 0 0 0 0 1 0 0 0 1 0 0 0 1 1 1 0 
1 0 0 0 0 1 0 0 0 0 0 0 0 1 1 1 0 
2 0 0 0 0 1 0 0 0 0 0 0 0 0 0 0 0 
3 0 0 0 0 1 0 0 0 1 0 0 0 0 0 0 0 
4 0 0 0 0 1 0 0 0 1 0 0 0 1 0 0 0 
5 0 0 0 0 1 0 0 0 1 0 0 0 0 0 0 0 
6 0 0 0 0 1 0 0 0 0 0 0 0 0 0 0 0 
7 0 0 0 0 0 0 0 0 0 0 0 0 0 0 0 0 
8 0 0 0 0 0 0 0 0 0 0 0 0 0 0 0 0 
9 0 0 0 0 1 0 0 1 0 0 0 0 1 0 0 0 
10 0 0 0 0 1 0 0 1 0 0 0 0 1 0 0 0 
11 0 0 0 0 0 0 0 0 0 0 0 0 0 0 0 0 
12 0 0 0 0 1 1 1 1 1 0 0 0 1 1 1 0 
13 0 0 0 0 1 1 1 1 1 0 0 0 1 1 1 0 
14 0 0 0 0 1 0 0 1 0 0 0 0 1 0 0 0 
15 0 0 0 0 0 0 0 0 0 0 0 0 0 0 0 0 
16 0 0 0 0 1 1 1 1 1 0 0 0 1 1 1 0 
17 0 0 0 0 1 1 1 0 1 0 0 0 0 0 0 0 
18 0 0 0 0 1 0 0 0 0 0 0 0 0 0 0 0 
19 0 0 0 0 1 1 1 1 1 0 0 0 1 1 1 0 
20 0 0 0 0 1 0 0 0 0 0 0 0 0 0 0 0 
21 0 0 0 0 1 0 0 0 0 0 0 0 0 0 0 0 
22 0 0 0 0 1 0 0 0 1 0 0 0 0 0 0 0 
23 0 0 1 0 0 1 0 1 0 0 1 1 1 0 0 1 
24 0 0 1 0 0 1 0 0 0 0 1 1 1 0 0 0 
25 0 0 0 0 0 0 0 0 0 0 0 0 1 0 0 0 
26 0 0 0 0 0 0 0 1 0 0 0 0 1 0 0 0 
27 0 0 0 0 0 0 0 0 0 0 1 0 1 0 0 0 
28 0 0 0 0 0 0 0 0 0 0 1 0 1 0 0 0 
29 0 0 0 0 0 0 0 1 0 0 0 0 0 0 0 0 
30 0 0 0 0 0 0 0 0 0 0 0 0 1 0 0 0 
31 0 0 0 0 1 0 0 0 1 0 0 0 1 1 1 0 
32 0 0 0 0 1 0 0 0 1 0 0 0 1 1 1 0 
33 0 0 0 0 1 0 0 0 0 0 0 0 0 0 0 0 
34 0 0 0 0 1 0 0 0 0 0 0 0 1 1 1 0 
35 0 0 0 0 0 0 0 0 0 0 0 0 0 0 0 0 
36 0 0 1 0 0 1 1 1 1 0 1 1 1 1 1 1 
37 0 0 1 0 0 1 0 1 0 0 1 1 1 0 0 1 
38 0 0 0 0 0 1 1 0 1 0 0 0 0 0 0 0 
39 0 0 1 0 0 1 0 0 0 0 1 1 0 0 0 0 
40 0 0 1 0 0 1 0 1 0 0 1 1 1 1 1 0 
41 0 0 0 0 0 1 0 0 0 0 0 0 0 0 0 0 
42 0 0 0 0 0 0 0 0 0 0 0 0 0 0 0 0 
43 0 0 0 0 0 0 0 1 0 0 0 0 0 0 0 0 
44 0 0 0 0 0 0 0 0 0 0 1 0 0 0 0 1 
45 0 0 1 0 0 1 1 1 1 0 1 1 1 1 1 0 
46 0 0 0 0 1 0 0 0 0 0 0 0 1 1 1 0 
47 0 0 0 0 1 1 1 1 1 0 0 0 1 1 1 0 
48 0 0 0 0 0 0 0 0 0 0 0 0 0 0 0 0 
49 1 1 1 1 1 1 0 0 0 1 1 1 1 1 1 0 
50 1 1 0 1 1 0 0 1 0 1 0 0 1 1 1 0 
51 1 1 0 1 1 0 0 1 0 1 0 0 1 1 1 0 
52 1 1 0 1 0 0 0 0 0 1 0 0 0 0 0 0 
53 1 1 0 1 0 0 0 0 0 1 0 0 1 0 0 0 
54 1 1 0 1 0 0 0 0 0 1 0 0 0 0 0 0 
55 1 1 0 1 1 1 0 1 0 1 0 0 0 0 0 0 
56 0 0 0 0 0 1 1 0 1 0 0 0 0 0 0 0 
57 0 0 0 0 0 1 1 0 1 0 0 0 0 0 0 0 
58 0 0 0 0 1 0 0 0 0 0 0 0 0 0 0 0 
59 0 0 0 0 1 1 0 0 0 0 0 0 0 0 0 0 
60 0 0 0 0 0 0 0 0 0 0 0 0 0 0 0 0 

query feasibility y on node k:

1    2    3    4    5    6    7    8    9    10    11    12    13    14    15    16    
1 1 1 0 1 0 0 0 0 0 1 0 0 0 0 0 0 
2 0 0 0 0 1 0 0 0 0 0 0 0 0 0 0 0 
3 0 0 0 0 0 0 0 1 0 0 0 0 0 0 0 0 
4 0 0 0 0 0 1 0 0 0 0 0 0 0 0 0 0 
5 0 0 0 0 0 0 0 1 0 0 0 0 1 0 0 0 
6 1 1 0 0 1 0 0 0 0 0 0 0 0 0 0 0 
7 0 0 0 0 0 0 0 1 0 0 0 0 0 0 0 0 
8 0 0 0 0 0 0 0 0 0 0 0 0 1 0 0 0 
9 0 0 0 0 0 0 0 0 0 0 0 0 1 1 1 0 
10 0 0 0 0 0 0 0 0 0 0 0 0 1 0 0 0 
11 0 0 0 0 1 0 0 0 0 0 0 0 0 0 0 0 
12 0 0 0 0 0 1 0 0 0 0 0 0 0 0 0 0 
13 0 0 0 0 0 0 0 0 0 0 1 0 0 0 0 1 
14 0 0 0 0 1 0 0 0 0 0 0 0 0 0 0 0 
15 0 0 0 0 1 0 0 0 0 0 0 0 0 0 0 0 
16 0 0 0 0 1 0 0 0 1 0 0 0 0 0 0 0 
17 0 0 0 0 1 0 0 0 0 0 0 0 0 0 0 0 
18 0 0 1 0 0 1 0 0 0 0 1 1 0 0 0 0 
19 0 0 0 0 1 0 0 0 0 0 0 0 0 0 0 0 
20 0 0 0 0 1 0 0 0 0 0 0 0 0 0 0 0 
21 0 0 0 0 0 1 1 0 1 0 0 0 0 0 0 0 
22 0 0 0 0 0 0 0 0 0 0 1 0 1 0 0 0 

workload distribution ohne node failure:

1    2    3    4    5    6    7    8    9    10    11    12    13    14    15    16    
1 0.24431983 0.25189339 0.00000000 0.25189339 0.00000000 0.00000000 0.00000000 0.00000000 0.00000000 0.25189339 0.00000000 0.00000000 0.00000000 0.00000000 0.00000000 0.00000000 
2 0.00000000 0.00000000 0.00000000 0.00000000 1.00000000 0.00000000 0.00000000 0.00000000 0.00000000 0.00000000 0.00000000 0.00000000 0.00000000 0.00000000 0.00000000 0.00000000 
3 0.00000000 0.00000000 0.00000000 0.00000000 0.00000000 0.00000000 0.00000000 1.00000000 0.00000000 0.00000000 0.00000000 0.00000000 0.00000000 0.00000000 0.00000000 0.00000000 
4 0.00000000 0.00000000 0.00000000 0.00000000 0.00000000 1.00000000 0.00000000 0.00000000 0.00000000 0.00000000 0.00000000 0.00000000 0.00000000 0.00000000 0.00000000 0.00000000 
5 0.00000000 0.00000000 0.00000000 0.00000000 0.00000000 0.00000000 0.00000000 0.11745057 0.00000000 0.00000000 0.00000000 0.00000000 0.88254943 0.00000000 0.00000000 0.00000000 
6 0.32630932 0.00000000 0.00000000 0.00000000 0.67369068 0.00000000 0.00000000 0.00000000 0.00000000 0.00000000 0.00000000 0.00000000 0.00000000 0.00000000 0.00000000 0.00000000 
7 0.00000000 0.00000000 0.00000000 0.00000000 0.00000000 0.00000000 0.00000000 1.00000000 0.00000000 0.00000000 0.00000000 0.00000000 0.00000000 0.00000000 0.00000000 0.00000000 
8 0.00000000 0.00000000 0.00000000 0.00000000 0.00000000 0.00000000 0.00000000 0.00000000 0.00000000 0.00000000 0.00000000 0.00000000 1.00000000 0.00000000 0.00000000 0.00000000 
9 0.00000000 0.00000000 0.00000000 0.00000000 0.00000000 0.00000000 0.00000000 0.00000000 0.00000000 0.00000000 0.00000000 0.00000000 0.02965876 0.48517062 0.48517062 0.00000000 
10 0.00000000 0.00000000 0.00000000 0.00000000 0.00000000 0.00000000 0.00000000 0.00000000 0.00000000 0.00000000 0.00000000 0.00000000 1.00000000 0.00000000 0.00000000 0.00000000 
11 0.00000000 0.00000000 0.00000000 0.00000000 1.00000000 0.00000000 0.00000000 0.00000000 0.00000000 0.00000000 0.00000000 0.00000000 0.00000000 0.00000000 0.00000000 0.00000000 
12 0.00000000 0.00000000 0.00000000 0.00000000 0.00000000 1.00000000 0.00000000 0.00000000 0.00000000 0.00000000 0.00000000 0.00000000 0.00000000 0.00000000 0.00000000 0.00000000 
13 0.00000000 0.00000000 0.00000000 0.00000000 0.00000000 0.00000000 0.00000000 0.00000000 0.00000000 0.00000000 0.04187293 0.00000000 0.00000000 0.00000000 0.00000000 0.95812707 
14 0.00000000 0.00000000 0.00000000 0.00000000 1.00000000 0.00000000 0.00000000 0.00000000 0.00000000 0.00000000 0.00000000 0.00000000 0.00000000 0.00000000 0.00000000 0.00000000 
15 0.00000000 0.00000000 0.00000000 0.00000000 1.00000000 0.00000000 0.00000000 0.00000000 0.00000000 0.00000000 0.00000000 0.00000000 0.00000000 0.00000000 0.00000000 0.00000000 
16 0.00000000 0.00000000 0.00000000 0.00000000 0.35707933 0.00000000 0.00000000 0.00000000 0.64292067 0.00000000 0.00000000 0.00000000 0.00000000 0.00000000 0.00000000 0.00000000 
17 0.00000000 0.00000000 0.00000000 0.00000000 1.00000000 0.00000000 0.00000000 0.00000000 0.00000000 0.00000000 0.00000000 0.00000000 0.00000000 0.00000000 0.00000000 0.00000000 
18 0.00000000 0.00000000 0.34936123 0.00000000 0.00000000 0.04669378 0.00000000 0.00000000 0.00000000 0.00000000 0.25458376 0.34936123 0.00000000 0.00000000 0.00000000 0.00000000 
19 0.00000000 0.00000000 0.00000000 0.00000000 1.00000000 0.00000000 0.00000000 0.00000000 0.00000000 0.00000000 0.00000000 0.00000000 0.00000000 0.00000000 0.00000000 0.00000000 
20 0.00000000 0.00000000 0.00000000 0.00000000 1.00000000 0.00000000 0.00000000 0.00000000 0.00000000 0.00000000 0.00000000 0.00000000 0.00000000 0.00000000 0.00000000 0.00000000 
21 0.00000000 0.00000000 0.00000000 0.00000000 0.00000000 0.17461231 0.44759031 0.00000000 0.37779739 0.00000000 0.00000000 0.00000000 0.00000000 0.00000000 0.00000000 0.00000000 
22 0.00000000 0.00000000 0.00000000 0.00000000 0.00000000 0.00000000 0.00000000 0.00000000 0.00000000 0.00000000 0.67532091 0.00000000 0.32467909 0.00000000 0.00000000 0.00000000 

zz_test [*] :=
 1 1    3 1    5 1    7 1    9 1   11 1   13 1   15 1   17 1   19 1   21 1
 2 1    4 1    6 1    8 1   10 1   12 1   14 1   16 1   18 1   20 1   22 1
;

K_test [*] :=
 1  0.0625
 2  0.0625
 3  0.0625
 4  0.0625
 5  0.0625
 6  0.0625
 7  0.0625
 8  0.0625
 9  0.0625
10  0.0625
11  0.0625
12  0.0625
13  0.0625
14  0.0625
15  0.0625
16  0.0625
;

W_start/V = 4.78099974262
W/V = 5.28965868658
sum{i in 0 .. N, k in 1 .. K} (1 - s[i,k])*xb[i,k]*a[i]/V = 0.632993938611

