K=13, W/V=4.3712517, K=13, time:1.025

ca [*] :=
1  13
;

fragment allocation x on node k:

1    2    3    4    5    6    7    8    9    10    11    12    13    
0 0 0 0 1 1 0 0 1 0 0 0 1 1 
1 0 0 0 0 1 0 0 1 0 0 0 0 0 
2 0 0 0 0 1 0 0 0 0 0 0 0 0 
3 0 0 0 1 1 0 0 0 0 0 0 0 1 
4 0 0 0 1 1 0 0 0 0 0 0 1 1 
5 0 0 0 1 1 0 0 0 0 0 0 0 1 
6 0 0 0 0 1 0 0 0 0 0 0 0 1 
7 0 0 0 0 0 0 0 0 0 0 0 0 0 
8 0 0 0 0 0 0 0 0 0 0 0 0 0 
9 0 0 0 0 1 0 0 0 0 0 0 1 0 
10 0 0 0 0 1 0 0 0 0 0 0 1 0 
11 0 0 0 0 0 0 0 0 0 0 0 0 0 
12 0 1 0 1 1 1 0 1 0 0 0 1 1 
13 0 1 0 1 1 1 0 1 0 0 0 1 1 
14 0 0 0 0 1 0 0 0 0 0 0 1 0 
15 0 0 0 0 0 0 0 0 0 0 0 0 0 
16 0 0 0 1 1 1 0 1 0 0 0 1 1 
17 0 0 0 1 1 1 0 0 0 0 0 0 0 
18 0 0 0 0 1 0 0 0 0 0 0 0 0 
19 0 0 0 1 1 1 0 1 0 0 0 1 1 
20 0 0 0 0 1 0 0 0 0 0 0 0 0 
21 0 0 0 0 1 0 0 0 0 0 0 0 0 
22 0 0 0 1 1 0 0 0 0 0 0 0 1 
23 0 1 1 0 1 0 0 0 1 1 0 1 1 
24 0 1 1 0 0 0 0 0 0 1 0 0 0 
25 0 1 0 0 0 0 0 0 0 0 0 0 0 
26 0 1 0 0 1 0 0 0 0 0 0 1 0 
27 0 1 0 0 0 0 0 0 1 0 0 0 1 
28 0 1 0 0 0 0 0 0 1 0 0 0 1 
29 0 1 0 0 0 0 0 0 0 0 0 1 0 
30 0 1 0 0 0 0 0 0 0 0 0 0 0 
31 0 0 0 1 1 0 0 1 0 0 0 0 1 
32 0 0 0 1 1 0 0 1 0 0 0 0 1 
33 0 0 0 0 1 0 0 0 0 0 0 0 1 
34 0 0 0 0 1 0 0 1 0 0 0 0 1 
35 0 0 0 0 0 0 0 0 0 0 0 0 0 
36 0 1 1 1 1 1 0 1 1 1 0 1 0 
37 0 1 1 0 1 0 0 0 1 1 0 1 1 
38 0 0 0 1 0 1 0 0 0 0 0 0 0 
39 0 1 1 0 0 0 0 0 0 1 0 0 0 
40 0 1 1 0 1 1 0 1 0 1 0 1 0 
41 0 1 0 0 0 1 0 0 0 0 0 0 0 
42 0 0 0 0 0 0 0 0 0 0 0 0 0 
43 0 1 0 0 0 0 0 0 0 0 0 1 0 
44 0 0 0 0 0 0 0 0 1 0 0 0 0 
45 0 1 1 1 1 1 0 1 0 1 0 1 0 
46 0 0 0 0 1 0 0 1 0 0 0 1 1 
47 0 0 0 1 1 1 0 1 0 0 0 1 0 
48 0 0 0 0 0 0 0 0 0 0 0 0 0 
49 1 1 1 0 1 0 1 1 0 1 1 0 1 
50 1 1 0 0 1 0 1 1 0 0 1 1 1 
51 1 1 0 0 1 0 1 1 0 0 1 1 1 
52 1 0 0 0 0 0 1 0 0 0 1 0 1 
53 1 1 0 0 0 0 1 0 0 0 1 0 1 
54 1 0 0 0 0 0 1 0 0 0 1 0 1 
55 1 1 0 0 1 0 1 0 0 0 1 1 1 
56 0 1 0 1 0 1 0 0 0 0 0 0 0 
57 0 1 0 1 0 1 0 0 0 0 0 0 0 
58 0 0 0 0 1 0 0 0 0 0 0 0 0 
59 0 1 0 0 1 0 0 0 0 0 0 0 0 
60 0 0 0 0 0 0 0 0 0 0 0 0 0 

query feasibility y on node k:

1    2    3    4    5    6    7    8    9    10    11    12    13    
1 1 0 0 0 0 0 1 0 0 0 1 0 1 
2 0 0 0 0 1 0 0 0 0 0 0 0 0 
3 0 1 0 0 0 0 0 0 0 0 0 1 0 
4 0 1 0 0 0 1 0 0 0 0 0 0 0 
5 0 0 0 0 1 0 0 0 0 0 0 1 0 
6 1 1 0 0 1 0 1 0 0 0 1 0 1 
7 0 0 0 0 0 0 0 0 0 0 0 1 0 
8 0 0 0 0 0 0 0 0 0 0 0 1 0 
9 0 0 0 0 1 0 0 1 0 0 0 0 0 
10 0 1 0 0 0 0 0 0 0 0 0 0 0 
11 0 0 0 0 1 0 0 0 0 0 0 0 1 
12 0 1 0 0 0 0 0 0 0 0 0 0 0 
13 0 0 0 0 0 0 0 0 1 0 0 0 0 
14 0 0 0 0 1 0 0 0 0 0 0 0 1 
15 0 0 0 0 1 0 0 0 0 0 0 0 0 
16 0 0 0 1 1 0 0 0 0 0 0 0 1 
17 0 0 0 0 1 0 0 0 0 0 0 0 1 
18 0 1 1 0 0 0 0 0 0 1 0 0 0 
19 0 0 0 0 1 0 0 0 0 0 0 0 0 
20 0 0 0 0 1 0 0 0 0 0 0 0 0 
21 0 0 0 1 0 1 0 0 0 0 0 0 0 
22 0 1 0 0 0 0 0 0 1 0 0 0 1 

workload distribution ohne node failure:

1    2    3    4    5    6    7    8    9    10    11    12    13    
1 0.28681287 0.00000000 0.00000000 0.00000000 0.00000000 0.00000000 0.31002263 0.00000000 0.00000000 0.00000000 0.31002263 0.00000000 0.09314186 
2 0.00000000 0.00000000 0.00000000 0.00000000 1.00000000 0.00000000 0.00000000 0.00000000 0.00000000 0.00000000 0.00000000 0.00000000 0.00000000 
3 0.00000000 0.04617940 0.00000000 0.00000000 0.00000000 0.00000000 0.00000000 0.00000000 0.00000000 0.00000000 0.00000000 0.95382060 0.00000000 
4 0.00000000 0.00000000 0.00000000 0.00000000 0.00000000 1.00000000 0.00000000 0.00000000 0.00000000 0.00000000 0.00000000 0.00000000 0.00000000 
5 0.00000000 0.00000000 0.00000000 0.00000000 0.35628009 0.00000000 0.00000000 0.00000000 0.00000000 0.00000000 0.00000000 0.64371991 0.00000000 
6 1.00000000 0.00000000 0.00000000 0.00000000 0.00000000 0.00000000 0.00000000 0.00000000 0.00000000 0.00000000 0.00000000 0.00000000 0.00000000 
7 0.00000000 0.00000000 0.00000000 0.00000000 0.00000000 0.00000000 0.00000000 0.00000000 0.00000000 0.00000000 0.00000000 1.00000000 0.00000000 
8 0.00000000 0.00000000 0.00000000 0.00000000 0.00000000 0.00000000 0.00000000 0.00000000 0.00000000 0.00000000 0.00000000 1.00000000 0.00000000 
9 0.00000000 0.00000000 0.00000000 0.00000000 0.40286693 0.00000000 0.00000000 0.59713307 0.00000000 0.00000000 0.00000000 0.00000000 0.00000000 
10 0.00000000 1.00000000 0.00000000 0.00000000 0.00000000 0.00000000 0.00000000 0.00000000 0.00000000 0.00000000 0.00000000 0.00000000 0.00000000 
11 0.00000000 0.00000000 0.00000000 0.00000000 0.00000000 0.00000000 0.00000000 0.00000000 0.00000000 0.00000000 0.00000000 0.00000000 1.00000000 
12 0.00000000 1.00000000 0.00000000 0.00000000 0.00000000 0.00000000 0.00000000 0.00000000 0.00000000 0.00000000 0.00000000 0.00000000 0.00000000 
13 0.00000000 0.00000000 0.00000000 0.00000000 0.00000000 0.00000000 0.00000000 0.00000000 1.00000000 0.00000000 0.00000000 0.00000000 0.00000000 
14 0.00000000 0.00000000 0.00000000 0.00000000 0.00000000 0.00000000 0.00000000 0.00000000 0.00000000 0.00000000 0.00000000 0.00000000 1.00000000 
15 0.00000000 0.00000000 0.00000000 0.00000000 1.00000000 0.00000000 0.00000000 0.00000000 0.00000000 0.00000000 0.00000000 0.00000000 0.00000000 
16 0.00000000 0.00000000 0.00000000 0.11589976 0.00000000 0.00000000 0.00000000 0.00000000 0.00000000 0.00000000 0.00000000 0.00000000 0.88410024 
17 0.00000000 0.00000000 0.00000000 0.00000000 0.00000000 0.00000000 0.00000000 0.00000000 0.00000000 0.00000000 0.00000000 0.00000000 1.00000000 
18 0.00000000 0.14003390 0.42998305 0.00000000 0.00000000 0.00000000 0.00000000 0.00000000 0.00000000 0.42998305 0.00000000 0.00000000 0.00000000 
19 0.00000000 0.00000000 0.00000000 0.00000000 1.00000000 0.00000000 0.00000000 0.00000000 0.00000000 0.00000000 0.00000000 0.00000000 0.00000000 
20 0.00000000 0.00000000 0.00000000 0.00000000 1.00000000 0.00000000 0.00000000 0.00000000 0.00000000 0.00000000 0.00000000 0.00000000 0.00000000 
21 0.00000000 0.00000000 0.00000000 0.53829876 0.00000000 0.46170124 0.00000000 0.00000000 0.00000000 0.00000000 0.00000000 0.00000000 0.00000000 
22 0.00000000 0.16089037 0.00000000 0.00000000 0.00000000 0.00000000 0.00000000 0.00000000 0.55508850 0.00000000 0.00000000 0.00000000 0.28402113 

zz_test [*] :=
 1 1    3 1    5 1    7 1    9 1   11 1   13 1   15 1   17 1   19 1   21 1
 2 1    4 1    6 1    8 1   10 1   12 1   14 1   16 1   18 1   20 1   22 1
;

K_test [*] :=
 1  0.0769230769231
 2  0.0769230769231
 3  0.0769230769231
 4  0.0769230769231
 5  0.0769230769231
 6  0.0769230769231
 7  0.0769230769231
 8  0.0769230769231
 9  0.0769230769231
10  0.0769230769231
11  0.0769230769231
12  0.0769230769231
13  0.0769230769231
;

W_start/V = 4.0205933588
W/V = 4.37125168144
sum{i in 0 .. N, k in 1 .. K} (1 - s[i,k])*xb[i,k]*a[i]/V = 0.350658322642

