K=10, W/V=3.6853745, K=10, time:0.755

ca [*] :=
1  10
;

fragment allocation x on node k:

1    2    3    4    5    6    7    8    9    10    
0 0 1 0 0 1 1 0 1 0 0 
1 0 0 0 0 1 0 0 1 0 0 
2 0 1 0 0 0 0 0 0 0 0 
3 0 0 0 0 1 1 0 0 0 0 
4 0 1 0 0 1 1 0 0 0 0 
5 0 1 0 0 1 1 0 0 0 0 
6 0 0 0 0 1 1 0 0 0 0 
7 0 0 0 0 0 0 0 0 0 0 
8 0 0 0 0 0 0 0 0 0 0 
9 0 1 0 1 1 0 0 0 0 0 
10 0 1 0 1 1 0 0 0 0 0 
11 0 0 0 0 0 0 0 0 0 0 
12 0 1 0 1 1 1 0 1 1 0 
13 0 1 0 1 1 1 0 1 1 0 
14 0 1 0 1 1 0 0 0 0 0 
15 0 0 0 0 0 0 0 0 0 0 
16 0 1 0 1 1 1 0 1 1 0 
17 0 1 0 0 1 1 0 0 1 0 
18 0 1 0 0 1 1 0 0 0 0 
19 0 1 0 1 1 1 0 1 1 0 
20 0 1 0 0 0 1 0 0 0 0 
21 0 1 0 0 0 0 0 0 0 0 
22 0 1 0 0 0 1 0 0 0 0 
23 1 1 1 1 1 0 0 0 0 0 
24 0 1 1 1 0 0 0 0 0 0 
25 0 0 0 1 0 0 0 0 0 0 
26 0 0 0 1 1 0 0 0 0 0 
27 1 0 0 1 0 0 0 0 0 0 
28 1 0 0 1 0 0 0 0 0 0 
29 0 0 0 1 0 0 0 0 0 0 
30 0 0 0 1 0 0 0 0 0 0 
31 0 1 0 0 1 1 0 1 0 0 
32 0 1 0 0 1 1 0 1 0 0 
33 0 0 0 0 1 1 0 0 0 0 
34 0 1 0 0 1 1 0 1 0 0 
35 0 0 0 0 0 0 0 0 0 0 
36 1 1 1 1 1 0 0 1 1 0 
37 1 1 1 1 1 0 0 0 0 0 
38 0 1 0 0 1 0 0 0 1 0 
39 0 1 1 0 0 0 0 0 0 0 
40 0 1 1 1 1 0 0 1 0 0 
41 0 0 0 0 1 0 0 0 0 0 
42 0 0 0 0 0 0 0 0 0 0 
43 0 0 0 1 0 0 0 0 0 0 
44 1 0 0 0 0 0 0 0 0 0 
45 0 1 1 1 1 0 0 1 1 0 
46 0 0 0 0 1 1 0 1 0 0 
47 0 1 0 1 1 1 0 1 1 0 
48 0 0 0 0 0 0 0 0 0 0 
49 1 1 1 0 1 1 1 1 0 1 
50 1 0 0 1 1 1 1 1 0 1 
51 1 0 0 1 1 1 1 1 0 1 
52 1 0 0 0 0 1 1 0 0 1 
53 1 0 0 1 0 1 1 0 0 1 
54 1 0 0 0 0 1 1 0 0 1 
55 1 0 0 1 1 1 1 0 0 1 
56 0 1 0 0 1 0 0 0 1 0 
57 0 1 0 0 1 0 0 0 1 0 
58 0 0 0 0 1 0 0 0 0 0 
59 0 0 0 0 1 0 0 0 0 0 
60 0 0 0 0 0 0 0 0 0 0 

query feasibility y on node k:

1    2    3    4    5    6    7    8    9    10    
1 1 0 0 0 0 1 1 0 0 1 
2 0 1 0 0 0 0 0 0 0 0 
3 0 0 0 1 0 0 0 0 0 0 
4 0 0 0 0 1 0 0 0 0 0 
5 0 0 0 1 0 0 0 0 0 0 
6 1 0 0 0 1 1 1 0 0 1 
7 0 0 0 1 1 0 0 0 0 0 
8 0 0 0 0 1 0 0 0 0 0 
9 0 0 0 0 1 0 0 1 0 0 
10 0 0 0 1 0 0 0 0 0 0 
11 0 0 0 0 1 1 0 0 0 0 
12 0 0 0 0 1 0 0 0 0 0 
13 1 0 0 0 0 0 0 0 0 0 
14 0 0 0 0 1 1 0 0 0 0 
15 0 0 0 0 0 1 0 0 0 0 
16 0 0 0 0 0 1 0 0 0 0 
17 0 0 0 0 1 1 0 0 0 0 
18 0 1 1 0 0 0 0 0 0 0 
19 0 0 0 0 1 0 0 0 0 0 
20 0 0 0 0 1 0 0 0 0 0 
21 0 1 0 0 1 0 0 0 1 0 
22 1 0 0 1 0 0 0 0 0 0 

workload distribution ohne node failure:

1    2    3    4    5    6    7    8    9    10    
1 0.05523881 0.00000000 0.00000000 0.00000000 0.00000000 0.16191211 0.37981966 0.00000000 0.00000000 0.40302943 
2 0.00000000 1.00000000 0.00000000 0.00000000 0.00000000 0.00000000 0.00000000 0.00000000 0.00000000 0.00000000 
3 0.00000000 0.00000000 0.00000000 1.00000000 0.00000000 0.00000000 0.00000000 0.00000000 0.00000000 0.00000000 
4 0.00000000 0.00000000 0.00000000 0.00000000 1.00000000 0.00000000 0.00000000 0.00000000 0.00000000 0.00000000 
5 0.00000000 0.00000000 0.00000000 1.00000000 0.00000000 0.00000000 0.00000000 0.00000000 0.00000000 0.00000000 
6 0.00000000 0.00000000 0.00000000 0.00000000 0.00000000 0.00000000 1.00000000 0.00000000 0.00000000 0.00000000 
7 0.00000000 0.00000000 0.00000000 0.57587544 0.42412456 0.00000000 0.00000000 0.00000000 0.00000000 0.00000000 
8 0.00000000 0.00000000 0.00000000 0.00000000 1.00000000 0.00000000 0.00000000 0.00000000 0.00000000 0.00000000 
9 0.00000000 0.00000000 0.00000000 0.00000000 0.22372701 0.00000000 0.00000000 0.77627299 0.00000000 0.00000000 
10 0.00000000 0.00000000 0.00000000 1.00000000 0.00000000 0.00000000 0.00000000 0.00000000 0.00000000 0.00000000 
11 0.00000000 0.00000000 0.00000000 0.00000000 0.00000000 1.00000000 0.00000000 0.00000000 0.00000000 0.00000000 
12 0.00000000 0.00000000 0.00000000 0.00000000 1.00000000 0.00000000 0.00000000 0.00000000 0.00000000 0.00000000 
13 1.00000000 0.00000000 0.00000000 0.00000000 0.00000000 0.00000000 0.00000000 0.00000000 0.00000000 0.00000000 
14 0.00000000 0.00000000 0.00000000 0.00000000 0.00000000 1.00000000 0.00000000 0.00000000 0.00000000 0.00000000 
15 0.00000000 0.00000000 0.00000000 0.00000000 0.00000000 1.00000000 0.00000000 0.00000000 0.00000000 0.00000000 
16 0.00000000 0.00000000 0.00000000 0.00000000 0.00000000 1.00000000 0.00000000 0.00000000 0.00000000 0.00000000 
17 0.00000000 0.00000000 0.00000000 0.00000000 0.06046632 0.93953368 0.00000000 0.00000000 0.00000000 0.00000000 
18 0.00000000 0.44102204 0.55897796 0.00000000 0.00000000 0.00000000 0.00000000 0.00000000 0.00000000 0.00000000 
19 0.00000000 0.00000000 0.00000000 0.00000000 1.00000000 0.00000000 0.00000000 0.00000000 0.00000000 0.00000000 
20 0.00000000 0.00000000 0.00000000 0.00000000 1.00000000 0.00000000 0.00000000 0.00000000 0.00000000 0.00000000 
21 0.00000000 0.13318093 0.00000000 0.00000000 0.15067458 0.00000000 0.00000000 0.00000000 0.71614449 0.00000000 
22 1.00000000 0.00000000 0.00000000 0.00000000 0.00000000 0.00000000 0.00000000 0.00000000 0.00000000 0.00000000 

zz_test [*] :=
 1 1    3 1    5 1    7 1    9 1   11 1   13 1   15 1   17 1   19 1   21 1
 2 1    4 1    6 1    8 1   10 1   12 1   14 1   16 1   18 1   20 1   22 1
;

K_test [*] :=
 1  0.1
 2  0.1
 3  0.1
 4  0.1
 5  0.1
 6  0.1
 7  0.1
 8  0.1
 9  0.1
10  0.1
;

W_start/V = 3.32977009548
W/V = 3.68537446638
sum{i in 0 .. N, k in 1 .. K} (1 - s[i,k])*xb[i,k]*a[i]/V = 0.369168343965

