K=12, W/V=4.3719802, B=1, time:6.945

1    2    3    4    5    6    7    8    9    10    11    12    
1 0.15334965 0.21166259 0.21166259 0.21166259 0.00000000 0.00000000 0.00000000 0.00000000 0.21166259 0.00000000 0.00000000 0.00000000 
2 1.00000000 0.00000000 0.00000000 0.00000000 0.00000000 0.00000000 0.00000000 0.00000000 0.00000000 0.00000000 0.00000000 0.00000000 
3 0.00000000 0.00000000 0.00000000 0.00000000 0.00000000 0.47847956 0.00000000 0.00000000 0.00000000 0.52152044 0.00000000 0.00000000 
4 0.00000000 0.00000000 0.00000000 0.00000000 0.00000000 0.00000000 0.00000000 0.00000000 0.00000000 1.00000000 0.00000000 0.00000000 
5 0.00000000 0.00000000 0.00000000 0.00000000 0.00000000 0.22887373 0.60731618 0.16381009 0.00000000 0.00000000 0.00000000 0.00000000 
6 0.98444646 0.00000000 0.00000000 0.00000000 0.00000000 0.00000000 0.00000000 0.01555354 0.00000000 0.00000000 0.00000000 0.00000000 
7 0.00000000 0.00000000 0.00000000 0.00000000 0.00000000 1.00000000 0.00000000 0.00000000 0.00000000 0.00000000 0.00000000 0.00000000 
8 0.00000000 0.00000000 0.00000000 0.00000000 0.00000000 0.00000000 0.00000000 1.00000000 0.00000000 0.00000000 0.00000000 0.00000000 
9 0.00000000 0.00000000 0.00000000 0.00000000 0.40768227 0.00000000 0.00000000 0.18463547 0.00000000 0.00000000 0.00000000 0.40768227 
10 0.00000000 0.00000000 0.00000000 0.00000000 0.00000000 0.00000000 1.00000000 0.00000000 0.00000000 0.00000000 0.00000000 0.00000000 
11 1.00000000 0.00000000 0.00000000 0.00000000 0.00000000 0.00000000 0.00000000 0.00000000 0.00000000 0.00000000 0.00000000 0.00000000 
12 0.00000000 0.00000000 0.00000000 0.00000000 0.00000000 0.00000000 0.00000000 0.00000000 0.00000000 1.00000000 0.00000000 0.00000000 
13 0.00000000 0.00000000 0.00000000 0.00000000 0.00000000 0.00000000 0.19489887 0.00000000 0.00000000 0.00000000 0.80510113 0.00000000 
14 0.00000000 0.00000000 0.00000000 0.00000000 0.00000000 0.00000000 0.00000000 1.00000000 0.00000000 0.00000000 0.00000000 0.00000000 
15 0.00000000 0.00000000 0.00000000 0.00000000 0.00000000 1.00000000 0.00000000 0.00000000 0.00000000 0.00000000 0.00000000 0.00000000 

ca [*] :=
1  12
;

zz_test [*] :=
 1  1
 2  1
 3  1
 4  1
 5  1
 6  1
 7  1
 8  1
 9  1
10  1
11  1
12  1
13  1
14  1
15  1
;

K_test [*] :=
 1  0.0833333333
 2  0.0833333333
 3  0.0833333333
 4  0.0833333333
 5  0.0833333333
 6  0.0833333333
 7  0.0833333333
 8  0.0833333333
 9  0.0833333333
10  0.0833333333
11  0.0833333333
12  0.0833333333
;

