K=3, W/V=1.5817500, B=1, time:0.105

1    2    3    
1 0.84665035 0.15334965 0.00000000 
2 0.00000000 0.00000000 1.00000000 
3 0.00000000 1.00000000 0.00000000 
4 0.00000000 1.00000000 0.00000000 
5 0.00000000 0.00000000 1.00000000 
6 0.00000000 0.73646255 0.26353745 
7 0.00000000 0.00000000 1.00000000 
8 0.00000000 0.00000000 1.00000000 
9 0.00000000 0.00000000 1.00000000 
10 0.00000000 1.00000000 0.00000000 
11 0.00000000 0.00000000 1.00000000 
12 0.00000000 1.00000000 0.00000000 
13 0.00000000 1.00000000 0.00000000 
14 0.00000000 0.00000000 1.00000000 
15 0.00000000 0.00000000 1.00000000 

ca [*] :=
1  3
;

zz_test [*] :=
 1  1
 2  1
 3  1
 4  1
 5  1
 6  1
 7  1
 8  1
 9  1
10  1
11  1
12  1
13  1
14  1
15  1
;

K_test [*] :=
1  0.333333333
2  0.333333333
3  0.333333333
;

