K=7, W/V=2.8597784, B=1, time:0.633

1    2    3    4    5    6    7    
1 0.36285015 0.36285015 0.00000000 0.00000000 0.00000000 0.27429970 0.00000000 
2 0.00000000 0.00000000 0.00000000 0.00000000 1.00000000 0.00000000 0.00000000 
3 0.00000000 0.00000000 0.00000000 0.00000000 0.00000000 0.00000000 1.00000000 
4 0.00000000 0.00000000 0.60128617 0.00000000 0.00000000 0.00000000 0.39871383 
5 0.00000000 0.00000000 0.00000000 0.00000000 0.34645960 0.00000000 0.65354040 
6 0.00000000 0.00000000 0.00000000 0.00000000 0.00000000 0.59222029 0.40777971 
7 0.00000000 0.00000000 0.00000000 0.00000000 0.00000000 0.00000000 1.00000000 
8 0.00000000 0.00000000 0.00000000 0.00000000 1.00000000 0.00000000 0.00000000 
9 0.00000000 0.00000000 0.00000000 0.69888388 0.30111612 0.00000000 0.00000000 
10 0.00000000 0.00000000 0.00000000 0.00000000 1.00000000 0.00000000 0.00000000 
11 0.00000000 0.00000000 0.00000000 0.00000000 1.00000000 0.00000000 0.00000000 
12 0.00000000 0.00000000 1.00000000 0.00000000 0.00000000 0.00000000 0.00000000 
13 0.00000000 0.00000000 1.00000000 0.00000000 0.00000000 0.00000000 0.00000000 
14 0.00000000 0.00000000 0.00000000 0.00000000 0.00000000 1.00000000 0.00000000 
15 0.00000000 0.00000000 0.00000000 0.00000000 0.00000000 0.00000000 1.00000000 

ca [*] :=
1  7
;

zz_test [*] :=
 1  1
 2  1
 3  1
 4  1
 5  1
 6  1
 7  1
 8  1
 9  1
10  1
11  1
12  1
13  1
14  1
15  1
;

K_test [*] :=
1  0.142857143
2  0.142857143
3  0.142857143
4  0.142857143
5  0.142857143
6  0.142857143
7  0.142857143
;

