K=8, W/V=2.9587429, B=1, time:2.559

1    2    3    4    5    6    7    8    
1 0.49621322 0.50378678 0.00000000 0.00000000 0.00000000 0.00000000 0.00000000 0.00000000 
2 0.00000000 0.00000000 0.00000000 0.00000000 0.00000000 0.00000000 1.00000000 0.00000000 
3 0.00000000 0.00000000 0.00000000 0.00000000 0.00000000 1.00000000 0.00000000 0.00000000 
4 0.00000000 0.00000000 0.00000000 0.00000000 0.00000000 0.00000000 1.00000000 0.00000000 
5 0.00000000 0.00000000 0.00000000 0.00000000 0.00000000 0.53573938 0.46426062 0.00000000 
6 0.32630932 0.00000000 0.00000000 0.00000000 0.00000000 0.00000000 0.67369068 0.00000000 
7 0.00000000 0.00000000 0.00000000 0.00000000 0.00000000 1.00000000 0.00000000 0.00000000 
8 0.00000000 0.00000000 0.00000000 0.00000000 0.00000000 0.00000000 1.00000000 0.00000000 
9 0.00000000 0.00000000 0.00000000 0.00000000 0.97034124 0.00000000 0.02965876 0.00000000 
10 0.00000000 0.00000000 0.00000000 0.00000000 0.00000000 1.00000000 0.00000000 0.00000000 
11 0.00000000 0.00000000 0.00000000 0.00000000 0.00000000 0.00000000 1.00000000 0.00000000 
12 0.00000000 0.00000000 0.00000000 0.00000000 0.00000000 0.00000000 1.00000000 0.00000000 
13 0.00000000 0.00000000 0.00000000 0.00000000 0.00000000 0.00000000 0.00000000 1.00000000 
14 0.00000000 0.00000000 0.00000000 0.00000000 0.00000000 0.00000000 1.00000000 0.00000000 
15 0.00000000 0.00000000 0.00000000 0.00000000 0.00000000 1.00000000 0.00000000 0.00000000 
16 0.00000000 0.00000000 0.00000000 0.00000000 0.00000000 0.00000000 1.00000000 0.00000000 
17 0.00000000 0.00000000 0.00000000 0.00000000 0.00000000 0.00000000 1.00000000 0.00000000 
18 0.00000000 0.00000000 0.69872246 0.00000000 0.00000000 0.00000000 0.00000000 0.30127754 
19 0.00000000 0.00000000 0.00000000 0.00000000 0.00000000 0.00000000 1.00000000 0.00000000 
20 0.00000000 0.00000000 0.00000000 0.00000000 0.00000000 0.00000000 1.00000000 0.00000000 
21 0.00000000 0.00000000 0.00000000 0.89518062 0.00000000 0.00000000 0.10481938 0.00000000 
22 0.00000000 0.00000000 0.00000000 0.00000000 0.00000000 0.72127749 0.00000000 0.27872251 

ca [*] :=
1  8
;

zz_test [*] :=
 1 1    3 1    5 1    7 1    9 1   11 1   13 1   15 1   17 1   19 1   21 1
 2 1    4 1    6 1    8 1   10 1   12 1   14 1   16 1   18 1   20 1   22 1
;

K_test [*] :=
1  0.125
2  0.125
3  0.125
4  0.125
5  0.125
6  0.125
7  0.125
8  0.125
;

