K=6, W/V=2.4607835, B=1, time:1.670

1    2    3    4    5    6    
1 0.67171571 0.00000000 0.00000000 0.32828429 0.00000000 0.00000000 
2 0.00000000 0.00000000 0.00000000 0.00000000 1.00000000 0.00000000 
3 0.00000000 1.00000000 0.00000000 0.00000000 0.00000000 0.00000000 
4 0.00000000 1.00000000 0.00000000 0.00000000 0.00000000 0.00000000 
5 0.00000000 0.45220062 0.00000000 0.00000000 0.54779938 0.00000000 
6 0.00000000 0.00000000 0.00000000 1.00000000 0.00000000 0.00000000 
7 0.00000000 1.00000000 0.00000000 0.00000000 0.00000000 0.00000000 
8 0.00000000 0.00000000 0.00000000 0.00000000 1.00000000 0.00000000 
9 0.00000000 0.00000000 0.00000000 0.00000000 1.00000000 0.00000000 
10 0.00000000 1.00000000 0.00000000 0.00000000 0.00000000 0.00000000 
11 0.00000000 0.00000000 0.00000000 0.00000000 1.00000000 0.00000000 
12 0.00000000 1.00000000 0.00000000 0.00000000 0.00000000 0.00000000 
13 0.00000000 0.00000000 1.00000000 0.00000000 0.00000000 0.00000000 
14 0.00000000 0.00000000 0.00000000 1.00000000 0.00000000 0.00000000 
15 0.00000000 0.00000000 0.00000000 1.00000000 0.00000000 0.00000000 
16 0.00000000 0.00000000 0.00000000 1.00000000 0.00000000 0.00000000 
17 0.00000000 0.00000000 0.00000000 1.00000000 0.00000000 0.00000000 
18 0.00000000 0.00000000 0.00000000 0.00000000 0.06837006 0.93162994 
19 0.00000000 0.00000000 0.00000000 1.00000000 0.00000000 0.00000000 
20 0.00000000 0.00000000 0.00000000 1.00000000 0.00000000 0.00000000 
21 0.00000000 0.27357715 0.72642285 0.00000000 0.00000000 0.00000000 
22 0.00000000 0.05581376 0.00000000 0.94418624 0.00000000 0.00000000 

ca [*] :=
1  6
;

zz_test [*] :=
 1 1    3 1    5 1    7 1    9 1   11 1   13 1   15 1   17 1   19 1   21 1
 2 1    4 1    6 1    8 1   10 1   12 1   14 1   16 1   18 1   20 1   22 1
;

K_test [*] :=
1  0.166666667
2  0.166666667
3  0.166666667
4  0.166666667
5  0.166666667
6  0.166666667
;

